,datetime,charge_solar,charge_load,discharge_size,current_solar,current_controlled_load_consumption,current_general_electricity_consumption,current_charge,reward
0,2013-01-14 00:00:00,0.03324056789278984,0.04060053825378418,0.800000011920929,0.0,0.0,0.073,0.6863994736671448,-0.0
1,2013-01-14 00:30:00,0.5948171019554138,0.027054090052843094,0.7626428008079529,0.0,0.0,0.115,0.6205887107551098,-0.0
2,2013-01-14 01:00:00,0.5535389184951782,0.025606751441955566,0.7919458746910095,0.0,1.094,0.024,0.0,-0.03924608767509461
3,2013-01-14 01:30:00,0.18133556842803955,0.002074536867439747,0.800000011920929,0.0,1.263,0.126,0.0,-0.08052745249465107
4,2013-01-14 02:00:00,0.1479950249195099,0.0,0.7886959910392761,0.0,1.25,0.319,0.0,-0.1322604008960724
5,2013-01-14 02:30:00,0.4055858850479126,0.0,0.800000011920929,0.0,0.35600000000000004,0.055,0.3890000119209289,-0.0
6,2013-01-14 03:00:00,0.564263105392456,0.6655219793319702,0.7999501824378967,0.0,0.669,0.189,0.09847799682617203,-0.0
7,2013-01-14 03:30:00,0.32655665278434753,0.7385243773460388,0.7300630807876587,0.0,0.45,0.7390000000000001,0.2755196290016173,-0.0
8,2013-01-14 04:00:00,0.060352958738803864,0.7305868864059448,0.667162299156189,0.0,0.0,0.7559999999999999,0.3623738555908208,-0.0
9,2013-01-14 04:30:00,0.01932607591152191,0.7165979146957397,0.6970623731613159,0.0,0.444,0.083,0.4316543741226186,-0.0
10,2013-01-14 05:00:00,0.10559248924255371,0.6399416923522949,0.5861078500747681,0.0,0.513,0.364,0.21389214992523198,-0.052418499441146266
11,2013-01-14 05:30:00,0.5701826810836792,0.7476669549942017,0.5521277785301208,0.0,0.0,0.823,0.40154874515533456,-0.0
12,2013-01-14 06:00:00,0.056914664804935455,0.7484766840934753,0.6963602304458618,0.0,0.0,0.6729999999999999,0.17542582559585573,-0.0
13,2013-01-14 06:30:00,0.08334016799926758,0.7524251341819763,0.4950101971626282,0.0,0.0,0.833,0.4637232146263125,-0.0
14,2013-01-14 07:00:00,0.10530117154121399,0.3802320063114166,0.7938631176948547,0.05,0.0,0.848,0.14432156443595834,-0.0
15,2013-01-14 07:30:00,0.23822622001171112,0.7992086410522461,0.44657403230667114,0.106,0.0,0.7659999999999999,0.3534259676933289,-0.005204989156722681
16,2013-01-14 08:00:00,0.22631637752056122,0.7636503577232361,0.765361487865448,0.206,0.0,0.855,0.034638512134552046,-0.10047801741600035
17,2013-01-14 08:30:00,0.3733972907066345,0.7906902432441711,0.6849455237388611,0.238,0.0,0.122,0.8,-0.0
18,2013-01-14 09:00:00,0.0348069854080677,0.08556825667619705,0.5447705984115601,0.213,0.0,0.292,0.6006247579157353,-0.0
19,2013-01-14 09:30:00,0.34593871235847473,0.12390927970409393,0.7935758829116821,0.238,0.0,0.104,0.7714659623801708,-0.0
20,2013-01-14 10:00:00,0.1140391156077385,0.06252152472734451,0.6374452710151672,0.463,0.0,0.282,0.8,-0.0
21,2013-01-14 10:30:00,0.18954691290855408,0.2189880609512329,0.6284371614456177,0.363,0.0,0.269,0.48546502614021303,-0.0
22,2013-01-14 11:00:00,0.366219699382782,0.1928449124097824,0.7147949934005737,1.131,0.0,1.15,0.8,-0.0
23,2013-01-14 11:30:00,0.7295825481414795,0.16764722764492035,0.7817794680595398,1.519,0.0,0.624,0.7977702242136001,-0.0
24,2013-01-14 12:00:00,0.800000011920929,0.11538568884134293,0.7948797345161438,1.619,0.0,0.158,0.8,-0.0
25,2013-01-14 12:30:00,0.800000011920929,0.019342651590704918,0.788155734539032,1.538,0.0,0.379,0.8,-0.0
26,2013-01-14 13:00:00,0.800000011920929,0.1114158108830452,0.7868959307670593,1.763,0.0,0.145,0.8,-0.0
27,2013-01-14 13:30:00,0.800000011920929,0.014442500658333302,0.7795262932777405,1.781,0.0,0.058,0.8,-0.0
28,2013-01-14 14:00:00,0.7950030565261841,0.0,0.7644259929656982,1.769,0.0,0.099,0.8,-0.0
29,2013-01-14 14:30:00,0.7860324382781982,0.0039162300527095795,0.7781885862350464,1.719,0.0,0.122,0.8,-0.0
30,2013-01-14 15:00:00,0.800000011920929,0.0,0.7723531126976013,1.663,0.0,0.036000000000000004,0.8,-0.0
31,2013-01-14 15:30:00,0.800000011920929,0.0,0.772176206111908,1.519,0.0,0.619,0.8,-0.0
32,2013-01-14 16:00:00,0.800000011920929,0.25712108612060547,0.7738097310066223,1.138,0.0,0.135,0.7458789019584655,-0.0
33,2013-01-14 16:30:00,0.041995029896497726,0.6752541661262512,0.77874356508255,1.075,0.0,0.081,0.8,-0.0
34,2013-01-14 17:00:00,0.1997768133878708,0.6408768892288208,0.7663633823394775,0.525,0.0,0.25,0.23434629738330837,-0.0
35,2013-01-14 17:30:00,0.2638964056968689,0.0,0.23262520134449005,0.863,0.0,0.161,0.8,-0.0
36,2013-01-14 18:00:00,0.024298114702105522,0.17727185785770416,0.7782461643218994,0.775,0.0,0.146,0.8,-0.0
37,2013-01-14 18:30:00,0.0150210652500391,0.6515476107597351,0.7888872623443604,0.188,0.0,0.154,0.16743132399022578,-0.0
38,2013-01-14 19:00:00,0.625339925289154,0.6331150531768799,0.7018385529518127,0.106,0.0,0.4370000000000001,0.7830222988426687,-0.0
39,2013-01-14 19:30:00,0.4136955738067627,0.09242706745862961,0.5591480731964111,0.063,0.0,0.218,0.5065506336987018,-0.0
40,2013-01-14 20:00:00,0.531946063041687,0.08455228060483932,0.6838769912719727,0.019,0.0,0.241,0.35832471066713334,-0.0
41,2013-01-14 20:30:00,0.4323120713233948,0.06827469170093536,0.5230651497840881,0.0,0.0,0.13699999999999998,0.31779045808315276,-0.0
42,2013-01-14 21:00:00,0.37822890281677246,0.2013825625181198,0.5029889345169067,0.0,0.0,0.249,0.06879045808315276,-0.0
43,2013-01-14 21:30:00,0.32937753200531006,0.800000011920929,0.6524481177330017,0.0,0.0,0.318,0.8,-0.0
44,2013-01-14 22:00:00,0.36841797828674316,0.16865433752536774,0.7455136179924011,0.0,0.0,0.231,0.4003456624746323,-0.0
45,2013-01-14 22:30:00,0.4333305060863495,0.17734985053539276,0.5274558663368225,0.0,0.0,0.396,0.050239646673202576,-0.012391375733613973
46,2013-01-14 23:00:00,0.0747818648815155,0.7402820587158203,0.5948071479797363,0.0,0.0,0.851,0.19571455740928656,-0.2443174910736084
47,2013-01-14 23:30:00,0.45277100801467896,0.7905476689338684,0.7353999018669128,0.0,0.0,0.6920000000000001,0.5260232162475583,-0.0
48,2013-01-15 00:00:00,0.024870615452528,0.17574355006217957,0.7339445352554321,0.0,0.0,0.115,0.4432009851932526,-0.0
49,2013-01-15 00:30:00,0.6521121263504028,0.1528264284133911,0.4241093397140503,0.0,0.0,0.113,0.3302009851932526,-0.0
50,2013-01-15 01:00:00,0.5129977464675903,0.3425666093826294,0.41457802057266235,0.0,1.081,0.024,0.2581895740032196,-0.1073788588809967
51,2013-01-15 01:30:00,0.585956871509552,0.014898973517119884,0.7452539801597595,0.0,1.25,0.38,0.0,-0.15456449933573604
52,2013-01-15 02:00:00,0.29235824942588806,0.0,0.7664871215820312,0.0,1.263,0.129,0.0,-0.08448128784179687
53,2013-01-15 02:30:00,0.23273654282093048,0.018049994483590126,0.7422336339950562,0.0,0.219,0.136,0.36918363951146604,-0.0
54,2013-01-15 03:00:00,0.41218164563179016,0.6823198199272156,0.7007256150245667,0.0,0.9,0.16399999999999998,0.0992743849754334,-0.04627614839255811
55,2013-01-15 03:30:00,0.6241985559463501,0.800000011920929,0.6396154165267944,0.0,0.381,0.737,0.2834512181282044,-0.0
56,2013-01-15 04:00:00,0.03427661955356598,0.800000011920929,0.6480748653411865,0.0,0.0,0.767,0.26609755182266226,-0.0
57,2013-01-15 04:30:00,0.01230676844716072,0.800000011920929,0.40663400292396545,0.0,0.769,0.316,0.3933659970760346,-0.09477611126422882
58,2013-01-15 05:00:00,0.07833903282880783,0.6716215014457703,0.2970148026943207,0.0,0.25,0.109,0.5826465044021607,-0.0
59,2013-01-15 05:30:00,0.04355510696768761,0.5231096744537354,0.5354969501495361,0.0,0.0,0.821,0.2645030498504639,-0.10095454793930053
60,2013-01-15 06:00:00,0.27291417121887207,0.800000011920929,0.6014932990074158,0.0,0.0,1.311,0.19850670099258427,-0.11839845940589903
61,2013-01-15 06:30:00,0.0592605359852314,0.0,0.615280032157898,0.006,0.0,0.52,0.09528003215789793,-0.0
62,2013-01-15 07:00:00,0.4312608540058136,0.7973451018333435,0.5553350448608398,0.063,0.0,0.401,0.8,-0.0
63,2013-01-15 07:30:00,0.4271242618560791,0.06264817714691162,0.43220704793930054,0.225,0.0,0.758,0.3677929520606995,-0.10487910488605501
64,2013-01-15 08:00:00,0.24660073220729828,0.7619491219520569,0.7433179020881653,0.231,0.0,0.349,0.09146497392654429,-0.0
65,2013-01-15 08:30:00,0.6180245280265808,0.800000011920929,0.6338050365447998,0.275,0.0,0.16,0.7070700402259826,-0.0
66,2013-01-15 09:00:00,0.05240175873041153,0.2519419193267822,0.3537009060382843,0.369,0.0,0.268,0.677712724030018,-0.0
67,2013-01-15 09:30:00,0.1715904176235199,0.1589788943529129,0.6276882886886597,0.6559999999999999,0.0,0.498,0.8,-0.0
68,2013-01-15 10:00:00,0.21965567767620087,0.41903507709503174,0.5638530850410461,0.625,0.0,1.054,0.2361469149589539,-0.13603617082715036
69,2013-01-15 10:30:00,0.5027768015861511,0.7432190179824829,0.6865562796592712,0.6809999999999999,0.0,0.129,0.22815674734115599,-0.0
70,2013-01-15 11:00:00,0.26795631647109985,0.00024632789427414536,0.09400184452533722,1.013,0.0,0.135,0.8,-0.0
71,2013-01-15 11:30:00,0.0,0.27907484769821167,0.7468827962875366,1.6130000000000002,0.0,0.809,0.8,-0.0
72,2013-01-15 12:00:00,0.7619723081588745,0.1805579960346222,0.7357997298240662,0.988,0.0,0.145,0.7004696958065033,-0.0
73,2013-01-15 12:30:00,0.010170025750994682,0.6537546515464783,0.7357411980628967,1.038,0.0,0.025,0.8,-0.0
74,2013-01-15 13:00:00,0.4107247591018677,0.7549364566802979,0.7413485646247864,0.8690000000000001,0.0,0.101,0.40233878421783476,-0.0
75,2013-01-15 13:30:00,0.38102173805236816,0.013923326507210732,0.7236465811729431,0.9,0.0,0.309,0.8,-0.0
76,2013-01-15 14:00:00,0.02552623301744461,0.5773712992668152,0.7113556265830994,0.988,0.0,0.036000000000000004,0.8,-0.0
77,2013-01-15 14:30:00,0.3854837715625763,0.7827855348587036,0.7396441698074341,0.731,0.0,0.133,0.22973069357872,-0.0
78,2013-01-15 15:00:00,0.3653467893600464,0.03658636286854744,0.14857351779937744,0.7,0.0,0.04,0.8,-0.0
79,2013-01-15 15:30:00,0.019325684756040573,0.22510574758052826,0.7455432415008545,0.563,0.0,0.078,0.8,-0.0
80,2013-01-15 16:00:00,0.0,0.4768931567668915,0.756607174873352,1.175,0.0,0.112,0.8,-0.0
81,2013-01-15 16:30:00,0.5490058064460754,0.7798001170158386,0.7807328701019287,1.238,0.0,0.024,0.685194076538086,-0.0
82,2013-01-15 17:00:00,0.7286643981933594,0.043891578912734985,0.7925701141357422,1.069,0.0,0.396,0.8,-0.0
83,2013-01-15 17:30:00,0.0,0.6768847107887268,0.800000011920929,0.863,0.0,0.124,0.8,-0.0
84,2013-01-15 18:00:00,0.13851900398731232,0.6530845165252686,0.800000011920929,0.6559999999999999,0.0,0.14,0.524396491408348,-0.0
85,2013-01-15 18:30:00,0.20728497207164764,0.08591946214437485,0.7960607409477234,0.444,0.0,0.134,0.8,-0.0
86,2013-01-15 19:00:00,0.008008167147636414,0.10324802994728088,0.7469158172607422,0.15,0.0,0.204,0.6347438029050828,-0.0
87,2013-01-15 19:30:00,0.3528446555137634,0.10810719430446625,0.733994722366333,0.056,0.0,0.467,0.22374380290508283,-0.0
88,2013-01-15 20:00:00,0.5875080823898315,0.800000011920929,0.5898735523223877,0.019,0.0,0.769,0.34551238226890557,-0.0
89,2013-01-15 20:30:00,0.010235810652375221,0.800000011920929,0.6766192317008972,0.0,0.0,0.215,0.6939752235412602,-0.0
90,2013-01-15 21:00:00,0.0007421295158565044,0.3674701452255249,0.7527175545692444,0.0,0.0,0.444,0.20057940769195487,-0.0
91,2013-01-15 21:30:00,0.2402905523777008,0.800000011920929,0.6641563177108765,0.0,0.0,0.118,0.8,-0.0
92,2013-01-15 22:00:00,0.0,0.3480757176876068,0.7808275818824768,0.0,0.0,0.287,0.16492428231239326,-0.0
93,2013-01-15 22:30:00,0.28085437417030334,0.800000011920929,0.7505530714988708,0.0,0.0,0.199,0.8,-0.0
94,2013-01-15 23:00:00,0.18254603445529938,0.21450969576835632,0.7750304341316223,0.0,0.0,0.973,0.02496956586837773,-0.11136940064191818
95,2013-01-15 23:30:00,0.00033221894409507513,0.02428486943244934,0.7813801765441895,0.0,0.0,0.745,0.012095307111740117,-0.0
96,2013-01-16 00:00:00,0.13508126139640808,0.03243931382894516,0.800000011920929,0.0,0.0,0.121,0.6465606980919838,-0.0
97,2013-01-16 00:30:00,0.5221097469329834,0.07406192272901535,0.7918333411216736,0.0,0.0,0.024,0.6937714183926582,-0.0
98,2013-01-16 01:00:00,0.5743278861045837,0.058019090443849564,0.6514056324958801,0.0,1.075,0.103,0.10038487634062765,-0.07597134579479695
99,2013-01-16 01:30:00,0.25507214665412903,0.031636808067560196,0.800000011920929,0.0,1.244,0.097,0.0,-0.07375367961466313
100,2013-01-16 02:00:00,0.1362026482820511,0.019198857247829437,0.800000011920929,0.0,1.125,0.261,0.0,-0.10488988453269005
101,2013-01-16 02:30:00,0.7799592018127441,0.013470551930367947,0.7973170280456543,0.0,0.0,0.12,0.6638464761152864,-0.0
102,2013-01-16 03:00:00,0.5721424221992493,0.018140986561775208,0.800000011920929,0.0,1.106,0.135,0.0,-0.06886409746408464
103,2013-01-16 03:30:00,0.280230313539505,0.03589591383934021,0.7939232587814331,0.0,0.056,0.748,0.0,-0.012412616865634931
104,2013-01-16 04:00:00,0.20872153341770172,0.03471735864877701,0.800000011920929,0.0,0.0,0.7809999999999999,0.0,-0.004243683616518952
105,2013-01-16 04:30:00,0.1527097523212433,0.025824276730418205,0.7914209961891174,0.0,0.763,0.047,0.0,-0.011988885746151213
106,2013-01-16 05:00:00,0.20679837465286255,0.026020841673016548,0.7954913973808289,0.0,0.213,0.12,0.43647055570781235,-0.0
107,2013-01-16 05:30:00,0.5709629058837891,0.288596510887146,0.5296540260314941,0.0,0.0,1.121,0.1954130405634642,-0.23758447091102602
108,2013-01-16 06:00:00,0.5507779717445374,0.021360570564866066,0.6364212036132812,0.0,0.0,0.989,0.0,-0.10096362907692791
109,2013-01-16 06:30:00,0.0,0.11042887717485428,0.6582161784172058,0.006,0.0,0.632,0.0,-0.021117428664565088
110,2013-01-16 07:00:00,0.10496654361486435,0.08488952368497849,0.7585501074790955,0.044,0.0,0.851,0.0,-0.04788164237558842
111,2013-01-16 07:30:00,0.16393539309501648,0.09331250190734863,0.7549394369125366,0.113,0.0,0.532,0.12962693500518796,-0.0
112,2013-01-16 08:00:00,0.6079258918762207,0.800000011920929,0.5199608206748962,0.181,0.0,0.805,0.2800391793251038,-0.02869912653923035
113,2013-01-16 08:30:00,0.34929215908050537,0.7990425825119019,0.7348538637161255,0.419,0.0,0.4970000000000001,0.06514613628387456,-0.04053875976562502
114,2013-01-16 09:00:00,0.19150814414024353,0.800000011920929,0.5190714597702026,0.688,0.0,0.187,0.8,-0.0
115,2013-01-16 09:30:00,0.0,0.3827171325683594,0.7980692982673645,0.8809999999999999,0.0,0.217,0.8,-0.0
116,2013-01-16 10:00:00,0.0,0.6238180994987488,0.800000011920929,1.0,0.0,0.112,0.8,-0.0
117,2013-01-16 10:30:00,0.37845659255981445,0.5438939929008484,0.7863613963127136,1.194,0.0,0.999,0.07264941453933715,-0.0
118,2013-01-16 11:00:00,0.081939198076725,0.0,0.7897202968597412,1.138,0.0,0.933,0.8,-0.0
119,2013-01-16 11:30:00,0.7235800623893738,0.43164560198783875,0.7908963561058044,1.131,0.0,0.049,0.7267743356227875,-0.0
120,2013-01-16 12:00:00,0.3277122378349304,0.42797529697418213,0.7790166735649109,1.375,0.0,0.142,0.8,-0.0
121,2013-01-16 12:30:00,0.5959912538528442,0.22620107233524323,0.7783890962600708,1.588,0.0,0.621,0.8,-0.0
122,2013-01-16 13:00:00,0.7654032111167908,0.1974928230047226,0.7742012143135071,1.581,0.0,0.146,0.8,-0.0
123,2013-01-16 13:30:00,0.7380595803260803,0.18153852224349976,0.7469660639762878,1.606,0.0,0.038,0.8,-0.0
124,2013-01-16 14:00:00,0.7460505962371826,0.13988959789276123,0.7423022985458374,1.625,0.0,0.127,0.8,-0.0
125,2013-01-16 14:30:00,0.7454904317855835,0.13714857399463654,0.7232068181037903,1.588,0.0,0.128,0.8,-0.0
126,2013-01-16 15:00:00,0.7679988145828247,0.16155610978603363,0.7091716527938843,1.5,0.0,0.043,0.8,-0.0
127,2013-01-16 15:30:00,0.7360737323760986,0.25192955136299133,0.7357466220855713,1.394,0.0,0.131,0.8,-0.0
128,2013-01-16 16:00:00,0.6744932532310486,0.38839903473854065,0.7517966628074646,1.3130000000000002,0.0,0.154,0.8,-0.0
129,2013-01-16 16:30:00,0.554649829864502,0.41177892684936523,0.7675525546073914,0.906,0.0,0.14300000000000002,0.596571243286133,-0.0
130,2013-01-16 17:00:00,0.12623180449008942,0.17284294962882996,0.778923749923706,0.669,0.0,0.275,0.8,-0.0
131,2013-01-16 17:30:00,0.0,0.3262481987476349,0.6362274885177612,0.481,0.0,0.129,0.8,-0.0
132,2013-01-16 18:00:00,0.0,0.15967805683612823,0.6735112071037292,0.363,0.0,0.17600000000000002,0.8,-0.0
133,2013-01-16 18:30:00,0.0,0.08824051916599274,0.6216720938682556,0.338,0.0,0.159,0.8,-0.0
134,2013-01-16 19:00:00,0.0,0.06230313703417778,0.7105541229248047,0.219,0.0,0.28300000000000003,0.6736968629658222,-0.0
135,2013-01-16 19:30:00,0.1921781301498413,0.14898227155208588,0.7704914808273315,0.113,0.0,0.157,0.5206240025162698,-0.0
136,2013-01-16 20:00:00,0.5654169321060181,0.07357128709554672,0.6400812864303589,0.006,0.0,0.161,0.40550999933481213,-0.0
137,2013-01-16 20:30:00,0.5588962435722351,0.051977336406707764,0.5023679733276367,0.0,0.0,0.246,0.20439063692092896,-0.0
138,2013-01-16 21:00:00,0.44976186752319336,0.7843207120895386,0.5685872435569763,0.0,0.0,0.197,0.8,-0.0
139,2013-01-16 21:30:00,0.03242368996143341,0.12345461547374725,0.800000011920929,0.0,0.0,0.043,0.6335453964471817,-0.0
140,2013-01-16 22:00:00,0.7212691903114319,0.09002630412578583,0.5141136646270752,0.0,0.0,0.14800000000000002,0.48554539644718164,-0.0
141,2013-01-16 22:30:00,0.7026028633117676,0.04755643755197525,0.4647611975669861,0.0,0.0,0.185,0.30054539644718165,-0.0
142,2013-01-16 23:00:00,0.3698089122772217,0.5796101689338684,0.5081769824028015,0.0,0.0,0.738,0.48129903817176856,-0.0
143,2013-01-16 23:30:00,0.1787182241678238,0.051474038511514664,0.7901313304901123,0.0,0.0,0.763,0.0,-0.00657253116577864
144,2013-01-17 00:00:00,0.17111103236675262,0.0,0.800000011920929,0.0,0.0,0.161,0.6390000119209289,-0.0
145,2013-01-17 00:30:00,0.619475781917572,0.009021573700010777,0.800000011920929,0.0,0.0,0.025,0.7659784382209182,-0.0
146,2013-01-17 01:00:00,0.6641097068786621,0.0007003555074334145,0.7959439158439636,0.0,1.075,0.113,0.0,-0.05848564396634698
147,2013-01-17 01:30:00,0.36396053433418274,0.0011237895814701915,0.800000011920929,0.0,1.238,0.115,0.0,-0.07496237776605413
148,2013-01-17 02:00:00,0.10236810147762299,0.025897705927491188,0.800000011920929,0.0,0.381,0.026,0.36710230599343774,-0.0
149,2013-01-17 02:30:00,0.5479120016098022,0.7094718813896179,0.800000011920929,0.0,0.394,0.119,0.44332351854443564,-0.0
150,2013-01-17 03:00:00,0.15278077125549316,0.7449507117271423,0.6652714610099792,0.0,0.7190000000000001,0.162,0.1347285389900208,-0.05227262878060344
151,2013-01-17 03:30:00,0.7407300472259521,0.800000011920929,0.7466126084327698,0.0,0.0,0.74,0.5905429100990296,-0.0
152,2013-01-17 04:00:00,0.10440825670957565,0.045767348259687424,0.800000011920929,0.0,0.0,0.777,0.0,-0.006147180811464793
153,2013-01-17 04:30:00,0.15181376039981842,0.017863448709249496,0.800000011920929,0.0,0.0,0.084,0.6981365632116795,-0.0
154,2013-01-17 05:00:00,0.5879573225975037,0.013252442702651024,0.7832204699516296,0.0,0.794,0.272,0.0,-0.07584319727510215
155,2013-01-17 05:30:00,0.7332194447517395,0.016127314418554306,0.7821915149688721,0.0,0.14400000000000002,1.315,0.0,-0.1870926658514142
156,2013-01-17 06:00:00,0.0209675170481205,0.04027813673019409,0.7853586077690125,0.0,0.0,1.279,0.0,-0.14415827281951904
157,2013-01-17 06:30:00,0.013980605639517307,0.02823125198483467,0.7905412912368774,0.013,0.0,0.068,0.6943100392520427,-0.0
158,2013-01-17 07:00:00,0.5525177717208862,0.02920568734407425,0.7266748547554016,0.05,0.0,0.152,0.5923100392520427,-0.0
159,2013-01-17 07:30:00,0.4731154441833496,0.001827796921133995,0.6989334225654602,0.113,0.0,0.263,0.4423100392520427,-0.0
160,2013-01-17 08:00:00,0.3251856863498688,0.0,0.7180800437927246,0.219,0.0,0.208,0.5100800437927246,-0.0
161,2013-01-17 08:30:00,0.3448372483253479,0.10633355379104614,0.7457680702209473,0.338,0.0,0.134,0.8,-0.0
162,2013-01-17 09:00:00,0.0226849727332592,0.038737475872039795,0.6169604659080505,0.369,0.0,0.129,0.8,-0.0
163,2013-01-17 09:30:00,0.07791067659854889,0.039114177227020264,0.6727198958396912,0.894,0.0,0.208,0.8,-0.0
164,2013-01-17 10:00:00,0.04201287031173706,0.5301304459571838,0.7937829494476318,0.7,0.0,0.067,0.8,-0.0
165,2013-01-17 10:30:00,0.05745350569486618,0.7582383155822754,0.7983931303024292,0.894,0.0,0.142,0.7363081787228586,-0.0
166,2013-01-17 11:00:00,0.542409360408783,0.4343232810497284,0.7873432636260986,1.044,0.0,0.078,0.8,-0.0
167,2013-01-17 11:30:00,0.1087355762720108,0.7957172393798828,0.800000011920929,1.4380000000000002,0.0,0.248,0.8,-0.0
168,2013-01-17 12:00:00,0.800000011920929,0.056152909994125366,0.800000011920929,1.538,0.0,0.214,0.8,-0.0
169,2013-01-17 12:30:00,0.800000011920929,0.13270026445388794,0.800000011920929,1.575,0.0,0.206,0.8,-0.0
170,2013-01-17 13:00:00,0.800000011920929,0.08316372334957123,0.800000011920929,1.6130000000000002,0.0,0.195,0.8,-0.0
171,2013-01-17 13:30:00,0.800000011920929,0.09299780428409576,0.800000011920929,1.631,0.0,0.189,0.8,-0.0
172,2013-01-17 14:00:00,0.800000011920929,0.0802360326051712,0.800000011920929,1.606,0.0,0.14300000000000002,0.8,-0.0
173,2013-01-17 14:30:00,0.800000011920929,0.07744109630584717,0.800000011920929,1.575,0.0,0.07200000000000001,0.8,-0.0
174,2013-01-17 15:00:00,0.7859190702438354,0.06657876819372177,0.800000011920929,1.506,0.0,0.146,0.8,-0.0
175,2013-01-17 15:30:00,0.7925388216972351,0.12650784850120544,0.7994846105575562,1.419,0.0,0.226,0.8,-0.0
176,2013-01-17 16:00:00,0.800000011920929,0.17409884929656982,0.800000011920929,1.3,0.0,0.22,0.8,-0.0
177,2013-01-17 16:30:00,0.2399531453847885,0.36348432302474976,0.773733913898468,1.156,0.0,0.077,0.8,-0.0
178,2013-01-17 17:00:00,0.12012860924005508,0.7072781920433044,0.7799283862113953,0.994,0.0,0.109,0.8,-0.0
179,2013-01-17 17:30:00,0.6396041512489319,0.5425902009010315,0.7695633172988892,0.813,0.0,0.133,0.2978056478500366,-0.0
180,2013-01-17 18:00:00,0.20703183114528656,0.055682841688394547,0.6492075324058533,0.613,0.0,0.15,0.8,-0.0
181,2013-01-17 18:30:00,0.0,0.1795075535774231,0.6642335653305054,0.394,0.0,0.133,0.8,-0.0
182,2013-01-17 19:00:00,0.0,0.1011858582496643,0.5667908191680908,0.15,0.0,0.142,0.7068141417503357,-0.0
183,2013-01-17 19:30:00,0.2644430100917816,0.10444025695323944,0.6451793909072876,0.056,0.0,0.344,0.42593145954608913,-0.0
184,2013-01-17 20:00:00,0.35747379064559937,0.053091198205947876,0.7138837575912476,0.013,0.0,0.17600000000000002,0.48479255938529964,-0.0
185,2013-01-17 20:30:00,0.44830992817878723,0.05351632088422775,0.6648918390274048,0.0,0.0,0.274,0.337375518143177,-0.0
186,2013-01-17 21:00:00,0.28481829166412354,0.06714628636837006,0.5509129762649536,0.0,0.0,0.227,0.2567666898965836,-0.0
187,2013-01-17 21:30:00,0.41814979910850525,0.800000011920929,0.48704954981803894,0.0,0.0,0.14,0.8,-0.0
188,2013-01-17 22:00:00,0.009169885888695717,0.2699306309223175,0.7534250020980835,0.0,0.0,0.172,0.35806936907768255,-0.0
189,2013-01-17 22:30:00,0.386823445558548,0.7280908226966858,0.7328072190284729,0.0,0.0,0.227,0.7287704391479491,-0.0
190,2013-01-17 23:00:00,0.09600057452917099,0.1666918247938156,0.7434006929397583,0.0,0.0,0.779,0.056599307060241744,-0.016154642740487998
191,2013-01-17 23:30:00,0.20738348364830017,0.5528454780578613,0.7791324257850647,0.0,0.0,0.775,0.0,-0.1481525241136551
192,2013-01-18 00:00:00,0.3006106913089752,0.0,0.7773535251617432,0.0,0.0,0.077,0.7003535251617432,-0.0
193,2013-01-18 00:30:00,0.5024380683898926,0.0,0.794691801071167,0.0,0.0,0.079,0.715691801071167,-0.0
194,2013-01-18 01:00:00,0.49796321988105774,0.0,0.800000011920929,0.0,1.075,0.09,0.0,-0.0517999988079071
195,2013-01-18 01:30:00,0.20024220645427704,0.0036457518581300974,0.800000011920929,0.0,0.931,0.155,0.0,-0.055314573993720126
196,2013-01-18 02:00:00,0.448914498090744,0.038355011492967606,0.7968685626983643,0.0,0.0,0.094,0.6645135512053967,-0.0
197,2013-01-18 02:30:00,0.49700820446014404,0.07599440217018127,0.7823489308357239,0.0,0.888,0.076,0.0,-0.03868454713344574
198,2013-01-18 03:00:00,0.26399651169776917,0.03541406989097595,0.7975376844406128,0.0,0.163,0.215,0.38412361454963684,-0.0
199,2013-01-18 03:30:00,0.39253556728363037,0.6789659261703491,0.6337225437164307,0.0,0.0,0.8140000000000001,0.16627745628356938,-0.007422465119361898
200,2013-01-18 04:00:00,0.0,0.800000011920929,0.55113285779953,0.0,0.0,0.722,0.5454450755119324,-0.0
201,2013-01-18 04:30:00,0.03391655534505844,0.1497691124677658,0.7874277830123901,0.0,0.075,0.156,0.40665867054462435,-0.0
202,2013-01-18 05:00:00,0.3929409682750702,0.7220721244812012,0.705635666847229,0.0,0.8809999999999999,0.15,0.09436433315277104,-0.05157537987232206
203,2013-01-18 05:30:00,0.4802849292755127,0.7893951535224915,0.6096139550209045,0.0,0.0,0.7859999999999999,0.6358761801719667,-0.0
204,2013-01-18 06:00:00,0.21514946222305298,0.006764598190784454,0.800000011920929,0.0,0.0,0.8370000000000001,0.0,-0.011816438292861007
205,2013-01-18 06:30:00,0.09261856973171234,0.008686795830726624,0.800000011920929,0.0,0.0,0.141,0.6503132160902023,-0.0
206,2013-01-18 07:00:00,0.5494995713233948,0.02326027862727642,0.800000011920929,0.038,0.0,0.14,0.6367397332936525,-0.0
207,2013-01-18 07:30:00,0.49657753109931946,0.0029378682374954224,0.7955259084701538,0.081,0.0,0.133,0.6595880402326584,-0.0
208,2013-01-18 08:00:00,0.47606125473976135,0.0,0.800000011920929,0.156,0.0,0.361,0.5794119716882706,-0.0
209,2013-01-18 08:30:00,0.34545469284057617,0.11609971523284912,0.800000011920929,0.375,0.0,0.233,0.8,-0.0
210,2013-01-18 09:00:00,0.05778778716921806,0.059904687106609344,0.7024135589599609,0.631,0.0,0.5429999999999999,0.7703075257241727,-0.0
211,2013-01-18 09:30:00,0.5579919219017029,0.48134487867355347,0.7634992003440857,0.831,0.0,0.294,0.35704814797639833,-0.0
212,2013-01-18 10:00:00,0.13510636985301971,0.0,0.7475664019584656,1.013,0.0,0.232,0.8,-0.0
213,2013-01-18 10:30:00,0.0,0.4714992940425873,0.7662324905395508,1.15,0.0,0.225,0.8,-0.0
214,2013-01-18 11:00:00,0.0024431459605693817,0.6776762008666992,0.7596122026443481,1.288,0.0,0.337,0.8,-0.0
215,2013-01-18 11:30:00,0.7096811532974243,0.2298351228237152,0.7525210976600647,1.381,0.0,0.315,0.8,-0.0
216,2013-01-18 12:00:00,0.10760293155908585,0.24281898140907288,0.7764935493469238,1.456,0.0,0.429,0.8,-0.0
217,2013-01-18 12:30:00,0.39337897300720215,0.12789948284626007,0.800000011920929,1.5,0.0,0.425,0.8,-0.0
218,2013-01-18 13:00:00,0.7465494275093079,0.08007842302322388,0.7920684814453125,1.5,0.0,0.438,0.8,-0.0
219,2013-01-18 13:30:00,0.7687966823577881,0.03663882613182068,0.7669291496276855,1.469,0.0,0.134,0.8,-0.0
220,2013-01-18 14:00:00,0.7662764191627502,0.10938742011785507,0.7613973021507263,1.5,0.0,0.139,0.8,-0.0
221,2013-01-18 14:30:00,0.7844632863998413,0.0628468245267868,0.7425047159194946,1.538,0.0,0.238,0.8,-0.0
222,2013-01-18 15:00:00,0.758919358253479,0.01681492291390896,0.7630317211151123,1.45,0.0,0.152,0.8,-0.0
223,2013-01-18 15:30:00,0.7530385851860046,0.06825809180736542,0.7613424062728882,1.294,0.0,0.227,0.8,-0.0
224,2013-01-18 16:00:00,0.007667567580938339,0.4039415419101715,0.7335507869720459,0.813,0.0,0.264,0.8,-0.0
225,2013-01-18 16:30:00,0.0,0.5967375636100769,0.7619705200195312,1.094,0.0,0.271,0.8,-0.0
226,2013-01-18 17:00:00,0.27014803886413574,0.5606976747512817,0.7600855827331543,0.125,0.0,0.257,0.03991441726684575,-0.015555264844894412
227,2013-01-18 17:30:00,0.5675121545791626,0.7731897830963135,0.6942399740219116,0.256,0.0,0.269,0.7659813823699951,-0.0
228,2013-01-18 18:00:00,0.029044408351182938,0.06412849575281143,0.5013192892074585,0.263,0.0,0.211,0.7687755144536497,-0.0
229,2013-01-18 18:30:00,0.13067938387393951,0.08465758711099625,0.6861582398414612,0.063,0.0,0.177,0.5695668984353541,-0.0
230,2013-01-18 19:00:00,0.5430665016174316,0.03435548394918442,0.6554927825927734,0.031,0.0,0.16899999999999998,0.45213729864358904,-0.0
231,2013-01-18 19:30:00,0.34602072834968567,0.0,0.6072956323623657,0.019,0.0,0.199,0.4082956323623657,-0.0
232,2013-01-18 20:00:00,0.25323784351348877,0.0,0.6050869226455688,0.006,0.0,0.265,0.34008692264556883,-0.0
233,2013-01-18 20:30:00,0.20132145285606384,0.005343826021999121,0.5926020741462708,0.0,0.0,0.269,0.3182582481242716,-0.0
234,2013-01-18 21:00:00,0.20862524211406708,0.11531972885131836,0.56549072265625,0.0,0.0,0.279,0.17117099380493161,-0.0
235,2013-01-18 21:30:00,0.42896944284439087,0.800000011920929,0.5998244285583496,0.0,0.0,0.221,0.8,-0.0
236,2013-01-18 22:00:00,0.22126378118991852,0.12914635241031647,0.772606611251831,0.0,0.0,0.117,0.5538536475896836,-0.0
237,2013-01-18 22:30:00,0.6599034667015076,0.10533938556909561,0.42613449692726135,0.0,0.0,0.2,0.3538536475896836,-0.0
238,2013-01-18 23:00:00,0.45909690856933594,0.08688183128833771,0.429554283618927,0.0,0.0,0.8440000000000001,0.011181195259094279,-0.13535843787074092
239,2013-01-18 23:30:00,0.0,0.1495542675256729,0.7995100617408752,0.0,0.0,0.6990000000000001,0.0,-0.01324193556189539
240,2013-01-19 00:00:00,0.15149752795696259,0.0,0.793887197971344,0.0,0.0,0.126,0.667887197971344,-0.0
241,2013-01-19 00:30:00,0.5206011533737183,0.007670636288821697,0.7695531845092773,0.0,0.0,0.134,0.6278825482204556,-0.0
242,2013-01-19 01:00:00,0.47151851654052734,0.0,0.7580370903015137,0.0,1.069,0.101,0.0,-0.05836629096984863
243,2013-01-19 01:30:00,0.20616233348846436,0.0,0.7919152975082397,0.0,0.594,0.026,0.17191529750823978,-0.0
244,2013-01-19 02:00:00,0.19058145582675934,0.7635939121246338,0.7971082925796509,0.0,0.0,0.133,0.8,-0.0
245,2013-01-19 02:30:00,0.39943718910217285,0.07648412883281708,0.6612796783447266,0.0,0.55,0.14300000000000002,0.13872032165527348,-0.029215201631784458
246,2013-01-19 03:00:00,0.5226218104362488,0.7501352429389954,0.7930454015731812,0.0,0.444,0.18600000000000005,0.7424241137504578,-0.0
247,2013-01-19 03:30:00,0.0,0.13325992226600647,0.38659006357192993,0.0,0.0,0.853,0.4134099364280701,-0.13081988327264785
248,2013-01-19 04:00:00,0.09311384707689285,0.7579416036605835,0.7354588508605957,0.0,0.0,0.7809999999999999,0.06454114913940434,-0.00818170892715452
249,2013-01-19 04:30:00,0.20914077758789062,0.7668432593345642,0.7761994004249573,0.0,0.0,0.098,0.8,-0.0
250,2013-01-19 05:00:00,0.5175585150718689,0.0,0.7523992657661438,0.0,0.0,0.6779999999999999,0.12200000000000011,-0.0
251,2013-01-19 05:30:00,0.3273722231388092,0.7553833723068237,0.6932214498519897,0.0,0.263,1.337,0.1067785501480103,-0.08266371906280517
252,2013-01-19 06:00:00,0.0,0.0,0.5300415754318237,0.0,0.825,0.835,0.0,-0.2549458424568176
253,2013-01-19 06:30:00,0.32940930128097534,0.0,0.7850760221481323,0.0,0.35,0.032,0.4030760221481323,-0.0
254,2013-01-19 07:00:00,0.46805253624916077,0.611543595790863,0.800000011920929,0.05,0.475,0.134,0.2733043718338014,-0.0
255,2013-01-19 07:30:00,0.38147038221359253,0.7831326723098755,0.7498884201049805,0.119,0.08800000000000001,0.08199999999999999,0.6622585840225218,-0.0
256,2013-01-19 08:00:00,0.014048945158720016,0.28082898259162903,0.42148247361183167,0.094,0.0,0.162,0.6845070138871674,-0.0
257,2013-01-19 08:30:00,0.4894693195819855,0.06706318259239197,0.6892440319061279,0.113,0.0,0.221,0.5169227896332734,-0.0
258,2013-01-19 09:00:00,0.4304024577140808,0.05323667824268341,0.7421900033950806,0.481,0.0,0.123,0.8,-0.0
259,2013-01-19 09:30:00,0.03905515372753143,0.06950777769088745,0.7133021950721741,0.575,0.0,0.056,0.8,-0.0
260,2013-01-19 10:00:00,0.02037919871509075,0.11750137805938721,0.7648200988769531,0.831,0.0,0.161,0.8,-0.0
261,2013-01-19 10:30:00,0.01652596890926361,0.5357814431190491,0.76077800989151,0.913,0.0,0.247,0.8,-0.0
262,2013-01-19 11:00:00,0.021988674998283386,0.7747284173965454,0.7470670938491821,0.7879999999999999,0.0,0.104,0.6872829076051711,-0.0
263,2013-01-19 11:30:00,0.4354139566421509,0.48764753341674805,0.7465311288833618,0.913,0.0,0.174,0.8,-0.0
264,2013-01-19 12:00:00,0.051199134439229965,0.7509676218032837,0.7635259032249451,0.8190000000000001,0.0,0.14400000000000002,0.6728332437574863,-0.0
265,2013-01-19 12:30:00,0.37654513120651245,0.38679343461990356,0.800000011920929,0.85,0.0,0.035,0.8,-0.0
266,2013-01-19 13:00:00,0.020787520334124565,0.800000011920929,0.7990311980247498,0.8190000000000001,0.0,0.122,0.6762124677449465,-0.0
267,2013-01-19 13:30:00,0.40067681670188904,0.23958373069763184,0.800000011920929,0.563,0.0,0.135,0.8,-0.0
268,2013-01-19 14:00:00,0.03597341850399971,0.2163611799478531,0.7970394492149353,0.575,0.0,0.035,0.8,-0.0
269,2013-01-19 14:30:00,0.03430163487792015,0.40605786442756653,0.800000011920929,0.3,0.0,0.121,0.5386405126154423,-0.0
270,2013-01-19 15:00:00,0.13542543351650238,0.323750376701355,0.5191177129745483,0.14400000000000002,0.0,0.124,0.6126922975182534,-0.0
271,2013-01-19 15:30:00,0.4729357063770294,0.07355794310569763,0.6161112189292908,0.131,0.0,0.035,0.8,-0.0
272,2013-01-19 16:00:00,0.10393645614385605,0.0,0.7535257339477539,0.194,0.0,0.16,0.7300635438561439,-0.0
273,2013-01-19 16:30:00,0.17176926136016846,0.014742754399776459,0.777977705001831,0.175,0.0,0.123,0.8,-0.0
274,2013-01-19 17:00:00,0.0912657231092453,0.0,0.7436859607696533,0.125,0.0,0.158,0.6757342768907547,-0.0
275,2013-01-19 17:30:00,0.3486673831939697,0.007217779755592346,0.800000011920929,0.119,0.0,0.151,0.6523136783838273,-0.0
276,2013-01-19 18:00:00,0.390204519033432,0.01868816651403904,0.800000011920929,0.081,0.0,0.14400000000000002,0.6373118454068899,-0.0
277,2013-01-19 18:30:00,0.4457017779350281,0.019498636946082115,0.800000011920929,0.038,0.0,0.173,0.6075013749748468,-0.0
278,2013-01-19 19:00:00,0.4520219564437866,0.0,0.800000011920929,0.019,0.0,0.14800000000000002,0.6520000119209289,-0.0
279,2013-01-19 19:30:00,0.47284960746765137,0.009849636815488338,0.800000011920929,0.0,0.0,0.26,0.5301503751054406,-0.0
280,2013-01-19 20:00:00,0.4082384705543518,0.006680560298264027,0.800000011920929,0.0,0.0,0.259,0.5343194516226649,-0.0
281,2013-01-19 20:30:00,0.41089940071105957,0.0,0.800000011920929,0.0,0.0,0.153,0.6470000119209289,-0.0
282,2013-01-19 21:00:00,0.47711560130119324,0.009057674556970596,0.800000011920929,0.0,0.0,0.226,0.5649423373639584,-0.0
283,2013-01-19 21:30:00,0.41365671157836914,0.018587641417980194,0.800000011920929,0.0,0.0,0.256,0.5254123705029488,-0.0
284,2013-01-19 22:00:00,0.409905344247818,0.028709927573800087,0.800000011920929,0.0,0.0,0.157,0.6142900843471288,-0.0
285,2013-01-19 22:30:00,0.45126572251319885,0.0284920334815979,0.7726665735244751,0.0,0.0,0.197,0.5471745400428771,-0.0
286,2013-01-19 23:00:00,0.41637665033340454,0.042709026485681534,0.7452284097671509,0.0,0.0,0.841,0.0,-0.03738976651400327
287,2013-01-19 23:30:00,0.0926549956202507,0.07241301238536835,0.7433117628097534,0.0,0.0,0.68,0.0,-0.002457337385416044
288,2013-01-20 00:00:00,0.11875582486391068,0.06576024740934372,0.7248378992080688,0.0,0.0,0.155,0.5040776517987251,-0.0
289,2013-01-20 00:30:00,0.533607542514801,0.05985214561223984,0.5676519274711609,0.0,0.0,0.101,0.4067997818589211,-0.0
290,2013-01-20 01:00:00,0.4818578362464905,0.060698576271533966,0.42206528782844543,0.0,1.075,0.044,0.045433070302009604,-0.08324332884430885
291,2013-01-20 01:30:00,0.6192635297775269,0.00640631141141057,0.7447407841682434,0.0,1.238,0.14300000000000002,0.0,-0.08857655272431672
292,2013-01-20 02:00:00,0.019707608968019485,0.0,0.7600593566894531,0.0,0.4,0.065,0.2950593566894531,-0.0
293,2013-01-20 02:30:00,0.39943188428878784,0.6930510401725769,0.7846781015396118,0.0,0.0,0.08,0.8,-0.0
294,2013-01-20 03:00:00,0.0,0.19116073846817017,0.7442910075187683,0.0,0.963,0.194,0.055708992481231734,-0.0933669730949402
295,2013-01-20 03:30:00,0.6353343725204468,0.0,0.7772764563560486,0.0,0.038,0.7509999999999999,0.0,-0.003165356783866862
296,2013-01-20 04:00:00,0.12762092053890228,0.0,0.7822487950325012,0.0,0.0,0.767,0.015248795032501206,-0.0
297,2013-01-20 04:30:00,0.11754042655229568,0.0,0.7667612433433533,0.0,0.0,0.087,0.6797612433433533,-0.0
298,2013-01-20 05:00:00,0.5481081008911133,0.0,0.7639533281326294,0.0,0.0,0.116,0.6479533281326294,-0.0
299,2013-01-20 05:30:00,0.5404908061027527,0.0,0.780185341835022,0.0,0.0,0.8690000000000001,0.0,-0.023979957704544096
300,2013-01-20 06:00:00,0.10188934952020645,0.0,0.7830790281295776,0.0,0.5379999999999999,0.7959999999999999,0.0,-0.148748662405014
301,2013-01-20 06:30:00,0.118069127202034,0.0,0.7708439826965332,0.0,0.388,0.145,0.2378439826965332,-0.0
302,2013-01-20 07:00:00,0.3686450123786926,0.7821502089500427,0.7716543674468994,0.031,0.0,0.105,0.8,-0.0
303,2013-01-20 07:30:00,0.0,0.16132132709026337,0.6118989586830139,0.044,0.0,0.141,0.5416786729097367,-0.0
304,2013-01-20 08:00:00,0.6238133907318115,0.0793902650475502,0.4961506128311157,0.081,0.0,0.205,0.4176786729097367,-0.0
305,2013-01-20 08:30:00,0.49117976427078247,0.04388120770454407,0.6033108234405518,0.05,0.0,0.569,0.0,-0.00258400375127791
306,2013-01-20 09:00:00,0.028225084766745567,0.09360986202955246,0.5436776280403137,0.2,0.0,0.039,0.5828426812440156,-0.0
307,2013-01-20 09:30:00,0.2776603698730469,0.026086311787366867,0.5461676716804504,0.219,0.0,0.108,0.8,-0.0
308,2013-01-20 10:00:00,0.04936569556593895,0.0,0.6444869041442871,0.238,0.0,0.141,0.8,-0.0
309,2013-01-20 10:30:00,0.06283685564994812,0.034373387694358826,0.6707683205604553,0.2,0.0,0.115,0.7877897566556931,-0.0
310,2013-01-20 11:00:00,0.11081314086914062,0.03966212645173073,0.654559850692749,0.219,0.0,0.363,0.5299452193677426,-0.0
311,2013-01-20 11:30:00,0.342189759016037,0.17238926887512207,0.7784060835838318,0.175,0.0,0.134,0.6837202923893929,-0.0
312,2013-01-20 12:00:00,0.2215326726436615,0.06981004774570465,0.6390251517295837,0.225,0.0,0.116,0.8,-0.0
313,2013-01-20 12:30:00,0.08172638714313507,0.053033143281936646,0.6533118486404419,0.35600000000000004,0.0,0.313,0.7082404695749285,-0.0
314,2013-01-20 13:00:00,0.29250839352607727,0.17240343987941742,0.7706937789916992,0.35,0.0,0.237,0.6316072274446486,-0.0
315,2013-01-20 13:30:00,0.19596941769123077,0.09993954747915268,0.7051051259040833,0.275,0.0,0.383,0.7328765799403196,-0.0
316,2013-01-20 14:00:00,0.2733246982097626,0.11175048351287842,0.7436696290969849,0.306,0.0,0.21,0.64517165839672,-0.0
317,2013-01-20 14:30:00,0.24983029067516327,0.0707213282585144,0.7222933769226074,0.363,0.0,0.244,0.8,-0.0
318,2013-01-20 15:00:00,0.1432669460773468,0.10283351689577103,0.7196581363677979,0.463,0.0,0.19,0.8,-0.0
319,2013-01-20 15:30:00,0.037052541971206665,0.09863616526126862,0.6297853589057922,0.381,0.0,0.326,0.7193112927675247,-0.0
320,2013-01-20 16:00:00,0.32297396659851074,0.18266214430332184,0.7478740811347961,0.331,0.0,0.269,0.5177413035631181,-0.0
321,2013-01-20 16:30:00,0.31475159525871277,0.1499897539615631,0.7253040075302124,0.225,0.0,0.246,0.5185276389122009,-0.0
322,2013-01-20 17:00:00,0.32146987318992615,0.12905140221118927,0.757148027420044,0.225,0.0,0.327,0.45689331996440913,-0.0
323,2013-01-20 17:30:00,0.29930704832077026,0.1647760272026062,0.7555731534957886,0.15,0.0,0.191,0.4158933199644091,-0.0
324,2013-01-20 18:00:00,0.4485452175140381,0.11646249890327454,0.6772611141204834,0.156,0.0,0.118,0.45389331996440907,-0.0
325,2013-01-20 18:30:00,0.4606857895851135,0.08768460899591446,0.5865234136581421,0.188,0.0,0.194,0.447893319964409,-0.0
326,2013-01-20 19:00:00,0.38237717747688293,0.10773991048336029,0.7410342693328857,0.131,0.0,0.6559999999999999,0.0,-0.006130523110628106
327,2013-01-20 19:30:00,0.07723654806613922,0.23595410585403442,0.5260004997253418,0.044,0.0,0.478,0.0,-0.05074747365474701
328,2013-01-20 20:00:00,0.004352317191660404,0.13807041943073273,0.7688267827033997,0.006,0.0,0.26,0.3724040460810065,-0.0
329,2013-01-20 20:30:00,0.40542861819267273,0.11893001943826675,0.5587175488471985,0.0,0.0,0.329,0.11078752940893172,-0.0
330,2013-01-20 21:00:00,0.48846080899238586,0.800000011920929,0.6061262488365173,0.0,0.0,0.17,0.8,-0.0
331,2013-01-20 21:30:00,0.32071006298065186,0.17057453095912933,0.7784507870674133,0.0,0.0,0.222,0.40742546904087074,-0.0
332,2013-01-20 22:00:00,0.3873945474624634,0.26255372166633606,0.5696632862091064,0.0,0.0,0.249,0.15842546904087074,-0.0
333,2013-01-20 22:30:00,0.2642670273780823,0.800000011920929,0.6050058007240295,0.0,0.0,0.212,0.8,-0.0
334,2013-01-20 23:00:00,0.0,0.18738092482089996,0.7743974328041077,0.0,0.0,0.943,0.02560256719589238,-0.09611554284453391
335,2013-01-20 23:30:00,0.0,0.03182882443070412,0.7716813683509827,0.0,0.0,0.8220000000000001,0.0,-0.02217981314152481
336,2013-03-18 00:00:00,0.045680828392505646,0.06764523684978485,0.7981781363487244,0.0,0.0,0.07,0.6605328994989395,-0.0
337,2013-03-18 00:30:00,0.47903668880462646,0.08835958689451218,0.5906383991241455,0.0,0.0,0.142,0.5185328994989394,-0.0
338,2013-03-18 01:00:00,0.5171797275543213,0.11043305695056915,0.51253741979599,0.0,1.088,0.139,0.1164285366535186,-0.10611956371545793
339,2013-03-18 01:30:00,0.2275722324848175,0.01691325567662716,0.7909311056137085,0.0,1.263,0.14,0.0,-0.08669821500629186
340,2013-03-18 02:00:00,0.025191903114318848,0.02880907990038395,0.800000011920929,0.0,1.256,0.103,0.0,-0.0762909067979455
341,2013-03-18 02:30:00,0.022317808121442795,0.02252803184092045,0.7862748503684998,0.0,1.163,0.024,0.0,-0.046405318147242074
342,2013-03-18 03:00:00,0.14315001666545868,0.10027028620243073,0.7791939973831177,0.0,0.0,0.233,0.44592371118068697,-0.0
343,2013-03-18 03:30:00,0.5423032641410828,0.10112356394529343,0.5445156693458557,0.0,1.144,0.71,0.0025316057801246794,-0.26176078945994374
344,2013-03-18 04:00:00,0.0,0.23154473304748535,0.7855522036552429,0.0,0.1,0.6829999999999999,0.0,-0.06182798293590544
345,2013-03-18 04:30:00,0.0,0.026888785883784294,0.7921054363250732,0.0,0.0,0.047,0.7182166504412889,-0.0
346,2013-03-18 05:00:00,0.6551020741462708,0.06431884318590164,0.7246658802032471,0.0,0.925,0.17800000000000002,0.05786961342394348,-0.07452529629826547
347,2013-03-18 05:30:00,0.7970520257949829,0.04468599706888199,0.800000011920929,0.0,0.081,0.748,0.0,-0.01989521598994731
348,2013-03-18 06:00:00,0.2085922211408615,0.08437938988208771,0.800000011920929,0.0,0.0,0.629,0.08662062203884124,-0.0
349,2013-03-18 06:30:00,0.27556705474853516,0.800000011920929,0.6416852474212646,0.0,0.0,0.09,0.8,-0.0
350,2013-03-18 07:00:00,0.3253306448459625,0.11491788178682327,0.800000011920929,0.0,0.0,0.031,0.6540821301341057,-0.0
351,2013-03-18 07:30:00,0.48046037554740906,0.10265278816223145,0.621366024017334,0.013,0.0,0.336,0.33108213013410565,-0.0
352,2013-03-18 08:00:00,0.3457915782928467,0.17385900020599365,0.5847330093383789,0.05,0.0,0.44,0.0,-0.007864017534255982
353,2013-03-18 08:30:00,0.015851475298404694,0.11856125295162201,0.5698922276496887,0.113,0.0,0.438,0.110479499399662,-0.0
354,2013-03-18 09:00:00,0.5971563458442688,0.800000011920929,0.6352629065513611,0.08800000000000001,0.0,0.168,0.8,-0.0
355,2013-03-18 09:30:00,0.01949239708483219,0.12430159002542496,0.659727156162262,0.28800000000000003,0.0,0.071,0.8,-0.0
356,2013-03-18 10:00:00,0.0,0.06605058908462524,0.6389572024345398,0.494,0.0,0.077,0.8,-0.0
357,2013-03-18 10:30:00,0.010707576759159565,0.0712425485253334,0.7084663510322571,0.7440000000000001,0.0,0.051,0.8,-0.0
358,2013-03-18 11:00:00,0.034326229244470596,0.1383175253868103,0.800000011920929,0.85,0.0,0.238,0.8,-0.0
359,2013-03-18 11:30:00,0.026310618966817856,0.319021999835968,0.800000011920929,1.169,0.0,0.062,0.8,-0.0
360,2013-03-18 12:00:00,0.08422433584928513,0.2589896321296692,0.800000011920929,1.444,0.0,0.122,0.8,-0.0
361,2013-03-18 12:30:00,0.654632568359375,0.003476968966424465,0.800000011920929,1.481,0.0,0.025,0.8,-0.0
362,2013-03-18 13:00:00,0.7558179497718811,0.0,0.800000011920929,1.025,0.0,0.34600000000000003,0.7231820621490477,-0.0
363,2013-03-18 13:30:00,0.0,0.218062162399292,0.800000011920929,1.1,0.0,0.194,0.8,-0.0
364,2013-03-18 14:00:00,0.0,0.2521294951438904,0.800000011920929,1.469,0.0,0.168,0.8,-0.0
365,2013-03-18 14:30:00,0.6858561635017395,0.0,0.800000011920929,1.538,0.0,0.114,0.8,-0.0
366,2013-03-18 15:00:00,0.7936743497848511,0.0,0.800000011920929,1.544,0.0,0.027000000000000003,0.8,-0.0
367,2013-03-18 15:30:00,0.7813358902931213,0.0,0.800000011920929,1.131,0.0,0.193,0.8,-0.0
368,2013-03-18 16:00:00,0.0,0.2824476659297943,0.800000011920929,1.219,0.0,0.125,0.8,-0.0
369,2013-03-18 16:30:00,0.04418303817510605,0.22466424107551575,0.800000011920929,1.119,0.0,0.202,0.8,-0.0
370,2013-03-18 17:00:00,0.0,0.3704946041107178,0.800000011920929,0.838,0.0,0.232,0.8,-0.0
371,2013-03-18 17:30:00,0.0,0.5127516388893127,0.800000011920929,0.688,0.0,0.056,0.8,-0.0
372,2013-03-18 18:00:00,0.0,0.536221981048584,0.7871023416519165,0.231,0.0,0.161,0.3337780189514161,-0.0
373,2013-03-18 18:30:00,0.4918282628059387,0.41567230224609375,0.597746729850769,0.094,0.0,0.244,0.8,-0.0
374,2013-03-18 19:00:00,0.24245670437812805,0.044208936393260956,0.7405235171318054,0.031,0.0,0.5770000000000001,0.17879106360673902,-0.0
375,2013-03-18 19:30:00,0.34587183594703674,0.7658916711807251,0.6122303009033203,0.0,0.0,0.205,0.8,-0.0
376,2013-03-18 20:00:00,0.2558164596557617,0.1107385978102684,0.800000011920929,0.0,0.0,0.15,0.5392614141106605,-0.0
377,2013-03-18 20:30:00,0.6247939467430115,0.08750905096530914,0.6485103368759155,0.0,0.0,0.244,0.3170012859106064,-0.0
378,2013-03-18 21:00:00,0.3790375292301178,0.7182123064994812,0.5331911444664001,0.0,0.0,0.195,0.8,-0.0
379,2013-03-18 21:30:00,0.034577831625938416,0.11246946454048157,0.800000011920929,0.0,0.0,0.165,0.5225305473804474,-0.0
380,2013-03-18 22:00:00,0.6751115322113037,0.1254475861787796,0.6140302419662476,0.0,0.0,0.154,0.3685305473804473,-0.0
381,2013-03-18 22:30:00,0.5277199149131775,0.34061557054519653,0.47976255416870117,0.0,0.0,0.15,0.2293835637569427,-0.002930314421653746
382,2013-03-18 23:00:00,0.462468683719635,0.800000011920929,0.7931064367294312,0.0,0.0,0.8079999999999999,0.3332328605651861,-0.0
383,2013-03-18 23:30:00,0.04475315660238266,0.800000011920929,0.6069280505180359,0.0,0.0,0.626,0.3075342669486989,-0.0
384,2013-03-19 00:00:00,0.08325885981321335,0.800000011920929,0.7326562404632568,0.0,0.0,0.131,0.8,-0.0
385,2013-03-19 00:30:00,0.025654425844550133,0.17289936542510986,0.793597400188446,0.0,0.0,0.08900000000000001,0.5381006345748902,-0.0
386,2013-03-19 01:00:00,0.7021173238754272,0.18111778795719147,0.5178727507591248,0.0,1.088,0.028,0.20134567177295692,-0.08268450371980668
387,2013-03-19 01:30:00,0.5551084280014038,0.031174374744296074,0.800000011920929,0.0,1.256,0.126,0.0,-0.08273743628233671
388,2013-03-19 02:00:00,0.09723589569330215,0.02174951322376728,0.7954837083816528,0.0,1.263,0.025,0.0,-0.05567658048421144
389,2013-03-19 02:30:00,0.20674706995487213,0.04885924234986305,0.800000011920929,0.0,0.45,0.103,0.1981407695710659,-0.0
390,2013-03-19 03:00:00,0.30129167437553406,0.800000011920929,0.800000011920929,0.0,0.531,0.149,0.5237184608578681,-0.0
391,2013-03-19 03:30:00,0.0,0.6605327725410461,0.5617095828056335,0.0,0.6809999999999999,0.752,0.2382904171943665,-0.2257660111451149
392,2013-03-19 04:00:00,0.5058919787406921,0.800000011920929,0.635259211063385,0.0,0.0,0.657,0.46641915369033815,-0.0
393,2013-03-19 04:30:00,0.013620058074593544,0.5386902093887329,0.800000011920929,0.0,0.013,0.036000000000000004,0.8,-0.0
394,2013-03-19 05:00:00,0.007355329114943743,0.32749974727630615,0.800000011920929,0.0,0.963,0.209,0.0,-0.10547997353553773
395,2013-03-19 05:30:00,0.20120461285114288,0.02202686108648777,0.800000011920929,0.0,0.0,1.442,0.0,-0.17928724927470088
396,2013-03-19 06:00:00,0.01754322648048401,0.08262290060520172,0.800000011920929,0.0,0.0,1.265,0.0,-0.14785817994475364
397,2013-03-19 06:30:00,0.0,0.040449097752571106,0.7953525185585022,0.0,0.0,0.136,0.6189034208059311,-0.0
398,2013-03-19 07:00:00,0.4694717526435852,0.04708638787269592,0.7967101335525513,0.0,0.0,0.092,0.6576237456798554,-0.0
399,2013-03-19 07:30:00,0.4894217252731323,0.028212592005729675,0.7869237065315247,0.006,0.0,0.051,0.7077111145257949,-0.0
400,2013-03-19 08:00:00,0.48471900820732117,0.026652801781892776,0.784293532371521,0.031,0.0,0.182,0.5756407305896283,-0.0
401,2013-03-19 08:30:00,0.40822067856788635,0.04553702101111412,0.7595051527023315,0.05,0.0,0.08900000000000001,0.6249681316912175,-0.0
402,2013-03-19 09:00:00,0.4176023602485657,0.05322342365980148,0.6661566495895386,0.081,0.0,0.025,0.6809681316912174,-0.0
403,2013-03-19 09:30:00,0.2263750433921814,0.030337996780872345,0.6090407967567444,0.306,0.0,0.311,0.7763506964445117,-0.0
404,2013-03-19 10:00:00,0.15253835916519165,0.13260392844676971,0.6970770359039307,0.475,0.0,0.282,0.7551563194990154,-0.0
405,2013-03-19 10:30:00,0.0,0.19670230150222778,0.6086354851722717,0.738,0.0,0.111,0.8,-0.0
406,2013-03-19 11:00:00,0.0,0.34106048941612244,0.7927548289299011,0.825,0.0,0.039,0.8,-0.0
407,2013-03-19 11:30:00,0.0,0.613856315612793,0.800000011920929,1.113,0.0,0.075,0.8,-0.0
408,2013-03-19 12:00:00,0.4670764207839966,0.1667744517326355,0.800000011920929,1.4,0.0,0.083,0.8,-0.0
409,2013-03-19 12:30:00,0.6020650863647461,0.0027697617188096046,0.800000011920929,0.644,0.0,0.067,0.7721651638373732,-0.0
410,2013-03-19 13:00:00,0.0,0.06318709254264832,0.7912935018539429,1.219,0.0,0.117,0.8,-0.0
411,2013-03-19 13:30:00,0.0,0.09049348533153534,0.800000011920929,0.95,0.0,0.142,0.8,-0.0
412,2013-03-19 14:00:00,0.0,0.4575248956680298,0.800000011920929,0.225,0.0,0.113,0.45447511625289927,-0.0
413,2013-03-19 14:30:00,0.10503865033388138,0.3431868851184845,0.6363751888275146,0.619,0.0,0.023,0.8,-0.0
414,2013-03-19 15:00:00,0.0,0.10911159962415695,0.800000011920929,1.35,0.0,0.115,0.8,-0.0
415,2013-03-19 15:30:00,0.5001628398895264,0.042890168726444244,0.800000011920929,1.506,0.0,0.044,0.8,-0.0
416,2013-03-19 16:00:00,0.800000011920929,0.022911299020051956,0.800000011920929,0.669,0.0,0.073,0.704088712900877,-0.0
417,2013-03-19 16:30:00,0.054408881813287735,0.14908774197101593,0.800000011920929,0.275,0.0,0.085,0.8,-0.0
418,2013-03-19 17:00:00,0.09593676030635834,0.07142678648233414,0.6286720633506775,0.975,0.0,0.04,0.8,-0.0
419,2013-03-19 17:30:00,0.04309979826211929,0.29990336298942566,0.800000011920929,0.525,0.0,0.276,0.7059968506693839,-0.0
420,2013-03-19 18:00:00,0.012766079977154732,0.36572378873825073,0.800000011920929,0.25,0.0,0.232,0.6019842819124464,-0.0
421,2013-03-19 18:30:00,0.42867496609687805,0.19670692086219788,0.7061386704444885,0.05,0.0,0.282,0.6173245153129094,-0.0
422,2013-03-19 19:00:00,0.4403629004955292,0.10408008098602295,0.800000011920929,0.013,0.0,0.197,0.498919930934906,-0.0
423,2013-03-19 19:30:00,0.6082215309143066,0.09003522247076035,0.6543101072311401,0.0,0.0,0.134,0.4302748847603798,-0.0
424,2013-03-19 20:00:00,0.5985019207000732,0.08149726688861847,0.5063945651054382,0.0,0.0,0.259,0.17127488476037978,-0.0
425,2013-03-19 20:30:00,0.5295783281326294,0.800000011920929,0.6455255746841431,0.0,0.0,0.188,0.8,-0.0
426,2013-03-19 21:00:00,0.06283557415008545,0.15567293763160706,0.800000011920929,0.0,0.0,0.182,0.4623270742893219,-0.0
427,2013-03-19 21:30:00,0.6015976667404175,0.0787915289402008,0.5633898377418518,0.0,0.0,0.235,0.24959830880165101,-0.0
428,2013-03-19 22:00:00,0.4093022346496582,0.7672109603881836,0.5735388398170471,0.0,0.0,0.057,0.8,-0.0
429,2013-03-19 22:30:00,0.0,0.2731764614582062,0.800000011920929,0.0,0.0,0.211,0.3158235504627228,-0.0
430,2013-03-19 23:00:00,0.3904038667678833,0.7296229004859924,0.800000011920929,0.0,0.0,0.7659999999999999,0.2727300105094913,-0.0
431,2013-03-19 23:30:00,0.004176904447376728,0.7833438515663147,0.5037238597869873,0.0,0.0,0.619,0.4521961274147027,-0.0
432,2013-03-20 00:00:00,0.028310835361480713,0.725323498249054,0.800000011920929,0.0,0.0,0.19,0.5802842588424695,-0.0
433,2013-03-20 00:30:00,0.10182847082614899,0.42320460081100464,0.5607720017433167,0.0,0.0,0.029,0.7872268815040565,-0.0
434,2013-03-20 01:00:00,0.0,0.21389693021774292,0.7719462513923645,0.0,1.069,0.097,0.028053748607635542,-0.07473044418334915
435,2013-03-20 01:30:00,0.13981041312217712,0.0,0.800000011920929,0.0,1.238,0.052000000000000005,0.0,-0.05783999880790711
436,2013-03-20 02:00:00,0.16704770922660828,0.10299737751483917,0.800000011920929,0.0,1.263,0.059,0.0,-0.07252973655939102
437,2013-03-20 02:30:00,0.06738674640655518,0.0,0.800000011920929,0.0,0.35600000000000004,0.08900000000000001,0.3550000119209289,-0.0
438,2013-03-20 03:00:00,0.45461124181747437,0.6882973313331604,0.800000011920929,0.0,0.588,0.126,0.2877026567459109,-0.0
439,2013-03-20 03:30:00,0.006117962300777435,0.7611761689186096,0.6095435619354248,0.0,0.619,0.8009999999999999,0.19045643806457524,-0.14770023852825176
440,2013-03-20 04:00:00,0.39028042554855347,0.7922656536102295,0.5688769221305847,0.0,0.0,0.6,0.6268214702606202,-0.0
441,2013-03-20 04:30:00,0.04849918559193611,0.0345042422413826,0.800000011920929,0.0,0.0,0.094,0.6714957696795464,-0.0
442,2013-03-20 05:00:00,0.591998279094696,0.027460098266601562,0.800000011920929,0.0,0.981,0.15,0.0,-0.06134600863456725
443,2013-03-20 05:30:00,0.45558497309684753,0.0,0.800000011920929,0.0,0.0,0.733,0.06700001192092897,-0.0
444,2013-03-20 06:00:00,0.12693071365356445,0.009319914504885674,0.800000011920929,0.0,0.0,0.7140000000000001,0.0766800974160432,-0.0
445,2013-03-20 06:30:00,0.1619245857000351,0.5945370197296143,0.800000011920929,0.0,0.0,0.141,0.06446299219131471,-0.0
446,2013-03-20 07:00:00,0.1696145236492157,0.7864746451377869,0.800000011920929,0.0,0.0,0.121,0.8,-0.0
447,2013-03-20 07:30:00,0.5859123468399048,0.036233071237802505,0.800000011920929,0.006,0.0,0.024,0.7397669406831264,-0.0
448,2013-03-20 08:00:00,0.6167742013931274,0.0,0.7365425229072571,0.025,0.0,0.5589999999999999,0.2057669406831265,-0.0
449,2013-03-20 08:30:00,0.41498953104019165,0.768800675868988,0.7076157331466675,0.038,0.0,0.401,0.7426654427647588,-0.0
450,2013-03-20 09:00:00,0.3512859642505646,0.01983598805963993,0.7240332365036011,0.081,0.0,0.132,0.7054985691756014,-0.0
451,2013-03-20 09:30:00,0.48471197485923767,0.0,0.7565924525260925,0.338,0.0,0.084,0.8,-0.0
452,2013-03-20 10:00:00,0.05005285143852234,0.0,0.7243972420692444,0.438,0.0,0.029,0.8,-0.0
453,2013-03-20 10:30:00,0.027789125218987465,0.0,0.7310190796852112,0.731,0.0,0.136,0.8,-0.0
454,2013-03-20 11:00:00,0.0030130071099847555,0.11864539235830307,0.746407687664032,0.831,0.0,0.056,0.8,-0.0
455,2013-03-20 11:30:00,0.0,0.3514326512813568,0.800000011920929,1.094,0.0,0.079,0.8,-0.0
456,2013-03-20 12:00:00,0.03984259068965912,0.6540156602859497,0.800000011920929,1.481,0.0,0.142,0.8,-0.0
457,2013-03-20 12:30:00,0.800000011920929,0.0,0.800000011920929,0.906,0.0,0.378,0.528,-0.0
458,2013-03-20 13:00:00,0.20232714712619781,0.5723565220832825,0.7628905773162842,0.988,0.0,0.171,0.8,-0.0
459,2013-03-20 13:30:00,0.04797401279211044,0.6435973644256592,0.800000011920929,0.894,0.0,0.138,0.8,-0.0
460,2013-03-20 14:00:00,0.3421361744403839,0.5403711199760437,0.800000011920929,0.956,0.0,0.326,0.5474927175045012,-0.0
461,2013-03-20 14:30:00,0.3599366247653961,0.09495259821414948,0.800000011920929,0.738,0.0,0.23,0.8,-0.0
462,2013-03-20 15:00:00,0.0445549376308918,0.4054287075996399,0.7567904591560364,0.506,0.0,0.45,0.40601635476946835,-0.0
463,2013-03-20 15:30:00,0.07270686328411102,0.4910663962364197,0.7805204391479492,0.381,0.0,0.7070000000000001,0.5527803043723105,-0.0
464,2013-03-20 16:00:00,0.4585549235343933,0.5390352010726929,0.7874780893325806,0.55,0.0,0.624,0.22284926664829297,-0.0
465,2013-03-20 16:30:00,0.06281716376543045,0.800000011920929,0.7945846915245056,0.8690000000000001,0.0,0.645,0.8,-0.0
466,2013-03-20 17:00:00,0.020184818655252457,0.6533716917037964,0.799816906452179,0.894,0.0,0.153,0.8,-0.0
467,2013-03-20 17:30:00,0.33936843276023865,0.3033662438392639,0.800000011920929,0.481,0.0,0.078,0.5602653353214264,-0.0
468,2013-03-20 18:00:00,0.03224810212850571,0.210443913936615,0.6764988899230957,0.194,0.0,0.131,0.8,-0.0
469,2013-03-20 18:30:00,0.12316624820232391,0.043787840753793716,0.7124426960945129,0.1,0.0,1.031,0.0875573039054871,-0.0978331890580058
470,2013-03-20 19:00:00,0.2835729420185089,0.22924216091632843,0.5930547714233398,0.019,0.0,0.314,0.04981261050701141,-0.0
471,2013-03-20 19:30:00,0.5405958890914917,0.800000011920929,0.6250762343406677,0.0,0.0,0.16899999999999998,0.8,-0.0
472,2013-03-20 20:00:00,0.4729732871055603,0.1692471206188202,0.7379908561706543,0.0,0.0,0.177,0.45375287938117986,-0.0
473,2013-03-20 20:30:00,0.5985159873962402,0.21422052383422852,0.5138883590698242,0.0,0.0,0.26,0.1937528793811798,-0.0
474,2013-03-20 21:00:00,0.38472288846969604,0.800000011920929,0.5413239002227783,0.0,0.0,0.163,0.8,-0.0
475,2013-03-20 21:30:00,0.00018526137864682823,0.20592688024044037,0.7600734829902649,0.0,0.0,0.307,0.2870731197595597,-0.0
476,2013-03-20 22:00:00,0.26275044679641724,0.7947580218315125,0.6946762800216675,0.0,0.0,0.233,0.7980957386493682,-0.0
477,2013-03-20 22:30:00,0.019352562725543976,0.09664718061685562,0.7051753997802734,0.0,0.0,0.306,0.40116134208440807,-0.0
478,2013-03-20 23:00:00,0.3882739245891571,0.07991143316030502,0.5658674240112305,0.0,0.0,0.821,0.0,-0.09046188247025012
479,2013-03-20 23:30:00,0.009988057427108288,0.21170848608016968,0.7000589966773987,0.0,0.0,0.6629999999999999,0.0,-0.04715536213874815
480,2013-03-21 00:00:00,0.0,0.02702678181231022,0.7437527775764465,0.0,0.0,0.102,0.6147259957641363,-0.0
481,2013-03-21 00:30:00,0.5422738194465637,0.06303533166646957,0.7187258005142212,0.0,0.0,0.146,0.5096904688477516,-0.0
482,2013-03-21 01:00:00,0.5106216669082642,0.06059934198856354,0.6166504621505737,0.0,1.075,0.142,0.0,-0.09023488798379897
483,2013-03-21 01:30:00,0.0650484561920166,0.02046189457178116,0.7479428648948669,0.0,1.231,0.172,0.0,-0.09679190296769144
484,2013-03-21 02:00:00,0.04852592200040817,0.03724279999732971,0.7353110313415527,0.0,1.256,0.115,0.0,-0.0868431768655777
485,2013-03-21 02:30:00,0.024249905720353127,0.027299603447318077,0.7696415781974792,0.0,0.831,0.544,0.0,-0.15574580252498388
486,2013-03-21 03:00:00,0.47338953614234924,0.016218647360801697,0.7833695411682129,0.0,0.16899999999999998,0.207,0.3911508938074112,-0.0
487,2013-03-21 03:30:00,0.4482177197933197,0.4255940020084381,0.5944976210594177,0.0,1.038,0.868,0.20550237894058232,-0.23949981685638427
488,2013-03-21 04:00:00,0.4050670564174652,0.792960524559021,0.7402980327606201,0.0,0.0,0.606,0.5900347175598145,-0.0
489,2013-03-21 04:30:00,0.04309689253568649,0.2360794097185135,0.7411015033721924,0.0,0.0,0.096,0.8,-0.0
490,2013-03-21 05:00:00,0.5955466032028198,0.05477390065789223,0.6991170048713684,0.0,0.6940000000000001,0.156,0.10088299512863164,-0.04708568957865239
491,2013-03-21 05:30:00,0.6752627491950989,0.800000011920929,0.6623778343200684,0.0,0.3,1.4480000000000002,0.13762216567993169,-0.1315948053216935
492,2013-03-21 06:00:00,0.05482272431254387,0.0,0.5579653382301331,0.0,0.0,1.264,0.0,-0.1906293586778641
493,2013-03-21 06:30:00,0.0,0.12133946269750595,0.7424368262290955,0.0,0.0,0.09,0.5310973635315895,-0.0
494,2013-03-21 07:00:00,0.68376225233078,0.1124742329120636,0.3865896165370941,0.0,0.0,0.099,0.43209736353158956,-0.0
495,2013-03-21 07:30:00,0.6104953289031982,0.13721124827861786,0.405347615480423,0.006,0.0,0.025,0.41309736353158955,-0.0
496,2013-03-21 08:00:00,0.5768766403198242,0.17125390470027924,0.38943374156951904,0.025,0.0,0.256,0.21991752666234976,-0.010211444045305254
497,2013-03-21 08:30:00,0.46917498111724854,0.7517176270484924,0.5279303193092346,0.044,0.0,0.28800000000000003,0.8,-0.0
498,2013-03-21 09:00:00,0.18040144443511963,0.10301966965198517,0.6316065192222595,0.069,0.0,0.158,0.5389803303480148,-0.0
499,2013-03-21 09:30:00,0.613564670085907,0.04392904043197632,0.5940247774124146,0.28800000000000003,0.0,0.059,0.8,-0.0
500,2013-03-21 10:00:00,0.0818057656288147,0.0029888246208429337,0.6758558750152588,0.463,0.0,0.067,0.8,-0.0
501,2013-03-21 10:30:00,0.024993259459733963,0.0,0.690690279006958,0.713,0.0,0.105,0.8,-0.0
502,2013-03-21 11:00:00,0.014712131582200527,0.033717960119247437,0.6855610609054565,0.8190000000000001,0.0,0.079,0.8,-0.0
503,2013-03-21 11:30:00,0.0,0.07011796534061432,0.732693076133728,1.188,0.0,0.179,0.8,-0.0
504,2013-03-21 12:00:00,0.042163386940956116,0.09836117178201675,0.7357231378555298,1.288,0.0,0.036000000000000004,0.8,-0.0
505,2013-03-21 12:30:00,0.5981941819190979,0.0,0.7565516829490662,1.544,0.0,0.101,0.8,-0.0
506,2013-03-21 13:00:00,0.7880946397781372,0.0,0.7458189129829407,1.575,0.0,0.056,0.8,-0.0
507,2013-03-21 13:30:00,0.789734423160553,0.0,0.7584271430969238,1.288,0.0,0.069,0.8,-0.0
508,2013-03-21 14:00:00,0.6024297475814819,0.0,0.7601104378700256,1.281,0.0,0.156,0.8,-0.0
509,2013-03-21 14:30:00,0.6064885854721069,0.016594605520367622,0.749427080154419,1.081,0.0,0.127,0.8,-0.0
510,2013-03-21 15:00:00,0.0,0.36237969994544983,0.7394949793815613,1.144,0.0,0.173,0.8,-0.0
511,2013-03-21 15:30:00,0.1316201537847519,0.40813446044921875,0.7478371858596802,0.913,0.0,0.14,0.8,-0.0
512,2013-03-21 16:00:00,0.0,0.5894098281860352,0.7351707220077515,0.431,0.0,0.162,0.4795901718139649,-0.0
513,2013-03-21 16:30:00,0.1429445445537567,0.3378039598464966,0.6220481991767883,0.35600000000000004,0.0,0.196,0.8,-0.0
514,2013-03-21 17:00:00,0.0,0.01639486849308014,0.5586130023002625,0.3,0.0,0.108,0.8,-0.0
515,2013-03-21 17:30:00,0.020080816000699997,0.0,0.6575613021850586,0.263,0.0,0.202,0.8,-0.0
516,2013-03-21 18:00:00,0.1031578853726387,0.02317691594362259,0.6840773224830627,0.1,0.0,0.055,0.7218230840563774,-0.0
517,2013-03-21 18:30:00,0.3135130703449249,0.0,0.6849408149719238,0.044,0.0,0.165,0.6008230840563774,-0.0
518,2013-03-21 19:00:00,0.48492395877838135,0.0019388413056731224,0.7849518656730652,0.019,0.0,0.183,0.600013024367392,-0.0
519,2013-03-21 19:30:00,0.49754929542541504,0.014514610171318054,0.795713484287262,0.0,0.0,0.195,0.5861988741159438,-0.0
520,2013-03-21 20:00:00,0.5089552402496338,0.0,0.7969178557395935,0.0,0.0,0.16399999999999998,0.6329178557395936,-0.0
521,2013-03-21 20:30:00,0.5522043704986572,0.0,0.7789781093597412,0.0,0.0,0.254,0.5249781093597412,-0.0
522,2013-03-21 21:00:00,0.4276021420955658,0.0,0.7773435711860657,0.0,0.0,0.173,0.6043435711860656,-0.0
523,2013-03-21 21:30:00,0.5389242172241211,0.0,0.7980559468269348,0.0,0.0,0.16,0.6380559468269348,-0.0
524,2013-03-21 22:00:00,0.5954011678695679,0.0,0.7972933053970337,0.0,0.0,0.104,0.6932933053970337,-0.0
525,2013-03-21 22:30:00,0.6384994983673096,0.0,0.800000011920929,0.0,0.0,0.156,0.6440000119209289,-0.0
526,2013-03-21 23:00:00,0.5946776270866394,0.004326819907873869,0.7909761071205139,0.0,0.0,0.8079999999999999,0.0,-0.005764692452587172
527,2013-03-21 23:30:00,0.08074811100959778,0.0,0.7935256958007812,0.0,0.0,0.598,0.19552569580078127,-0.0
528,2013-03-22 00:00:00,0.2999090552330017,0.7599027156829834,0.6632160544395447,0.0,0.0,0.156,0.8,-0.0
529,2013-03-22 00:30:00,0.008642423897981644,0.11180927604436874,0.7590495347976685,0.0,0.0,0.067,0.6211907239556314,-0.0
530,2013-03-22 01:00:00,0.7091041207313538,0.05081356316804886,0.5113808512687683,0.0,1.081,0.058,0.1606234358549119,-0.07770327118992806
531,2013-03-22 01:30:00,0.5338191986083984,0.0,0.800000011920929,0.0,1.25,0.107,0.0,-0.07388999880790711
532,2013-03-22 02:00:00,0.09476865082979202,0.0,0.800000011920929,0.0,0.763,0.023,0.014000011920928944,-0.0
533,2013-03-22 02:30:00,0.19188427925109863,0.6987123489379883,0.800000011920929,0.0,0.131,0.128,0.0,-0.037531233701705934
534,2013-03-22 03:00:00,0.5724719762802124,0.0,0.800000011920929,0.0,1.0,0.139,0.0,-0.057529998807907115
535,2013-03-22 03:30:00,0.5053176879882812,0.0,0.800000011920929,0.0,0.0,0.77,0.030000011920928937,-0.0
536,2013-03-22 04:00:00,0.1351166069507599,0.0,0.800000011920929,0.0,0.0,0.644,0.15600001192092894,-0.0
537,2013-03-22 04:30:00,0.3006737530231476,0.7978092432022095,0.5805274248123169,0.0,0.0,0.066,0.8,-0.0
538,2013-03-22 05:00:00,0.0,0.2732400596141815,0.7749886512756348,0.0,0.938,0.255,0.02501134872436528,-0.11247514083385468
539,2013-03-22 05:30:00,0.775614857673645,0.05615865811705589,0.79544597864151,0.0,0.0,0.8140000000000001,0.0,-0.020172423458397405
540,2013-03-22 06:00:00,0.13427184522151947,0.08380071073770523,0.800000011920929,0.0,0.0,0.6990000000000001,0.01719930118322366,-0.0
541,2013-03-22 06:30:00,0.15035727620124817,0.15725477039813995,0.800000011920929,0.0,0.0,0.049,0.593745241522789,-0.0
542,2013-03-22 07:00:00,0.6872175931930542,0.1663949191570282,0.5490663647651672,0.0,0.0,0.107,0.486745241522789,-0.0
543,2013-03-22 07:30:00,0.6575651168823242,0.14732570946216583,0.5204377770423889,0.006,0.0,0.097,0.395745241522789,-0.0
544,2013-03-22 08:00:00,0.5554434657096863,0.17593827843666077,0.47411680221557617,0.05,0.0,0.174,0.27174524152278895,-0.0
545,2013-03-22 08:30:00,0.45149973034858704,0.29592016339302063,0.5432025790214539,0.069,0.0,0.422,0.09346282589435573,-0.04717374778032303
546,2013-03-22 09:00:00,0.4238075017929077,0.800000011920929,0.7179763913154602,0.075,0.0,0.04,0.8,-0.0
547,2013-03-22 09:30:00,0.036665696650743484,0.15206044912338257,0.6705705523490906,0.3,0.0,0.126,0.785273854225874,-0.0
548,2013-03-22 10:00:00,0.011879349127411842,0.07441292703151703,0.6323743462562561,0.5,0.0,0.117,0.8,-0.0
549,2013-03-22 10:30:00,0.01689598709344864,0.09832379221916199,0.6321138143539429,0.669,0.0,0.024,0.8,-0.0
550,2013-03-22 11:00:00,0.0,0.1097501739859581,0.800000011920929,0.6559999999999999,0.0,0.123,0.8,-0.0
551,2013-03-22 11:30:00,0.023731600493192673,0.16410383582115173,0.7696657180786133,1.038,0.0,0.059,0.8,-0.0
552,2013-03-22 12:00:00,0.026909170672297478,0.6859171390533447,0.800000011920929,1.45,0.0,0.067,0.8,-0.0
553,2013-03-22 12:30:00,0.7723658084869385,0.09205631166696548,0.800000011920929,1.494,0.0,0.111,0.8,-0.0
554,2013-03-22 13:00:00,0.800000011920929,0.13970473408699036,0.800000011920929,1.175,0.0,0.032,0.8,-0.0
555,2013-03-22 13:30:00,0.04228758066892624,0.6877485513687134,0.800000011920929,0.9,0.0,0.353,0.6169638798832893,-0.0
556,2013-03-22 14:00:00,0.31884026527404785,0.39670735597610474,0.800000011920929,0.906,0.0,0.179,0.8,-0.0
557,2013-03-22 14:30:00,0.0023374103475362062,0.70527184009552,0.800000011920929,0.613,0.0,0.06,0.6453907614778727,-0.0
558,2013-03-22 15:00:00,0.290444552898407,0.28072887659072876,0.800000011920929,0.6809999999999999,0.0,0.066,0.8,-0.0
559,2013-03-22 15:30:00,0.003405760508030653,0.16741111874580383,0.800000011920929,0.644,0.0,0.134,0.8,-0.0
560,2013-03-22 16:00:00,0.0,0.09718954563140869,0.756890594959259,0.319,0.0,0.158,0.8,-0.0
561,2013-03-22 16:30:00,0.09644782543182373,0.050187237560749054,0.6484905481338501,0.094,0.0,0.244,0.505812762439251,-0.0
562,2013-03-22 17:00:00,0.44414642453193665,0.06072415038943291,0.7748185992240906,0.25,0.0,0.259,0.5686503247320652,-0.0
563,2013-03-22 17:30:00,0.3852538466453552,0.176252081990242,0.800000011920929,0.425,0.0,0.166,0.8,-0.0
564,2013-03-22 18:00:00,0.031923677772283554,0.06782346218824387,0.523672878742218,0.2,0.0,0.16399999999999998,0.7362528600394727,-0.0
565,2013-03-22 18:30:00,0.18129926919937134,0.08286722004413605,0.6731650829315186,0.081,0.0,0.157,0.6238799199163914,-0.0
566,2013-03-22 19:00:00,0.5599053502082825,0.07352258265018463,0.6681063771247864,0.006,0.0,0.546,0.08387991991639132,-0.0
567,2013-03-22 19:30:00,0.48835092782974243,0.800000011920929,0.6965272426605225,0.0,0.0,0.365,0.8,-0.0
568,2013-03-22 20:00:00,0.3557611107826233,0.1253340244293213,0.800000011920929,0.0,0.0,0.269,0.40566598749160765,-0.0
569,2013-03-22 20:30:00,0.5361331105232239,0.12963998317718506,0.6064669489860535,0.0,0.0,0.182,0.2948269658088684,-0.0
570,2013-03-22 21:00:00,0.41923248767852783,0.6116822957992554,0.5247920751571655,0.0,0.0,0.226,0.8,-0.0
571,2013-03-22 21:30:00,0.4198850989341736,0.129527285695076,0.7182715535163879,0.0,0.0,0.249,0.42147271430492406,-0.0
572,2013-03-22 22:00:00,0.5651794075965881,0.07029890269041061,0.628696858882904,0.0,0.0,0.096,0.46239795619249346,-0.0
573,2013-03-22 22:30:00,0.6651262044906616,0.06920590996742249,0.5241119265556335,0.0,0.0,0.268,0.19439795619249345,-0.0
574,2013-03-22 23:00:00,0.4528557360172272,0.7927605509757996,0.6296166181564331,0.0,0.0,0.899,0.3194435366392139,-0.0
575,2013-03-22 23:30:00,0.07280771434307098,0.7996958494186401,0.5604978203773499,0.0,0.0,0.713,0.24841707730293228,-0.0
576,2013-03-23 00:00:00,0.09535413235425949,0.7898681163787842,0.7109214663505554,0.0,0.0,0.132,0.8,-0.0
577,2013-03-23 00:30:00,0.050675567239522934,0.2214064747095108,0.800000011920929,0.0,0.0,0.211,0.3675935372114182,-0.0
578,2013-03-23 01:00:00,0.4718666672706604,0.5664594769477844,0.770481526851654,0.0,1.081,0.125,0.02951847314834599,-0.03496650245189664
579,2013-03-23 01:30:00,0.582878053188324,0.795456051826477,0.7794111371040344,0.0,1.256,0.163,0.1265070018768311,-0.0
580,2013-03-23 02:00:00,0.4823886752128601,0.800000011920929,0.7130528688430786,0.0,1.156,0.207,0.08694713115692143,-0.02779950964450832
581,2013-03-23 02:30:00,0.6684645414352417,0.800000011920929,0.7252270579338074,0.0,0.0,0.103,0.8,-0.0
582,2013-03-23 03:00:00,0.52428138256073,0.07550368458032608,0.7383615374565125,0.0,1.038,0.294,0.06163846254348759,-0.11689421471238137
583,2013-03-23 03:30:00,0.800000011920929,0.0,0.788377046585083,0.0,0.125,0.853,0.0,-0.05119819742202759
584,2013-03-23 04:00:00,0.02390432357788086,0.0,0.7875467538833618,0.0,0.0,0.624,0.16354675388336182,-0.0
585,2013-03-23 04:30:00,0.39318209886550903,0.7468775510787964,0.681159496307373,0.0,0.0,0.14400000000000002,0.8,-0.0
586,2013-03-23 05:00:00,0.5594309568405151,0.09582243114709854,0.7514786124229431,0.0,0.956,0.16399999999999998,0.04852138757705693,-0.07431438187241554
587,2013-03-23 05:30:00,0.800000011920929,0.0,0.7957164645195007,0.0,0.0,0.7859999999999999,0.009716464519500811,-0.0
588,2013-03-23 06:00:00,0.21716922521591187,0.054725855588912964,0.800000011920929,0.0,0.0,0.6859999999999999,0.05927415633201605,-0.0
589,2013-03-23 06:30:00,0.34947842359542847,0.7916950583457947,0.7498205304145813,0.0,0.0,0.139,0.8,-0.0
590,2013-03-23 07:00:00,0.6399118304252625,0.0699780210852623,0.800000011920929,0.0,0.0,0.15,0.5800219908356666,-0.0
591,2013-03-23 07:30:00,0.6256619095802307,0.07664809376001358,0.7930644750595093,0.013,0.0,0.061,0.6554163812994958,-0.0
592,2013-03-23 08:00:00,0.6320369839668274,0.036522164940834045,0.6808657646179199,0.044,0.0,0.878,0.055072781622409916,-0.06308722808718682
593,2013-03-23 08:30:00,0.3199588358402252,0.0888710469007492,0.6213595271110535,0.063,0.0,0.7559999999999999,0.0,-0.060348110343217826
594,2013-03-23 09:00:00,0.08213038742542267,0.13618752360343933,0.6642920970916748,0.175,0.0,0.392,0.22897418606281283,-0.0
595,2013-03-23 09:30:00,0.5003366470336914,0.5417189002037048,0.6033442616462708,0.281,0.0,0.07400000000000001,0.7643327276706695,-0.0
596,2013-03-23 10:00:00,0.05678488686680794,0.09288053214550018,0.5639698505401611,0.344,0.0,0.133,0.8,-0.0
597,2013-03-23 10:30:00,0.09884615242481232,0.07515346258878708,0.6329535245895386,0.5,0.0,0.038,0.8,-0.0
598,2013-03-23 11:00:00,0.017812546342611313,0.06576938927173615,0.6590861082077026,0.8059999999999999,0.0,0.115,0.8,-0.0
599,2013-03-23 11:30:00,0.027258502319455147,0.382534384727478,0.7791954874992371,1.15,0.0,0.392,0.8,-0.0
600,2013-03-23 12:00:00,0.042730964720249176,0.7131893038749695,0.7849776148796082,1.444,0.0,0.334,0.8,-0.0
601,2013-03-23 12:30:00,0.7455762028694153,0.0,0.7487833499908447,1.45,0.0,0.138,0.8,-0.0
602,2013-03-23 13:00:00,0.7807820439338684,0.04220220819115639,0.7649320960044861,1.3630000000000002,0.0,0.107,0.8,-0.0
603,2013-03-23 13:30:00,0.7031106352806091,0.08735988289117813,0.783880889415741,1.5,0.0,0.476,0.8,-0.0
604,2013-03-23 14:00:00,0.800000011920929,0.07231990993022919,0.784652590751648,0.406,0.0,0.389,0.33868009006977084,-0.0
605,2013-03-23 14:30:00,0.30588498711586,0.36663818359375,0.7332621216773987,1.219,0.0,0.123,0.8,-0.0
606,2013-03-23 15:00:00,0.03269760310649872,0.5497860908508301,0.7751340866088867,1.144,0.0,0.034,0.8,-0.0
607,2013-03-23 15:30:00,0.3752167820930481,0.4362833499908447,0.7822181582450867,0.513,0.0,0.136,0.3654998679161072,-0.0
608,2013-03-23 16:00:00,0.2620445191860199,0.10766138136386871,0.6699260473251343,0.344,0.0,0.204,0.5054998679161072,-0.0
609,2013-03-23 16:30:00,0.2993667721748352,0.14664793014526367,0.7204081416130066,0.894,0.0,0.199,0.8,-0.0
610,2013-03-23 17:00:00,0.0,0.5589069724082947,0.7960428595542908,0.363,0.0,0.258,0.34609302759170535,-0.0
611,2013-03-23 17:30:00,0.44395431876182556,0.33522894978523254,0.6674997806549072,0.28800000000000003,0.0,0.303,0.49358499503135683,-0.0
612,2013-03-23 18:00:00,0.36245661973953247,0.1362963318824768,0.7547688484191895,0.213,0.0,0.184,0.6665336780548097,-0.0
613,2013-03-23 18:30:00,0.2870558500289917,0.08604763448238373,0.7432037591934204,0.05,0.0,0.14,0.740885009407997,-0.0
614,2013-03-23 19:00:00,0.5851845741271973,0.03979262337088585,0.7848768830299377,0.006,0.0,0.147,0.5998850094079969,-0.0
615,2013-03-23 19:30:00,0.5549449920654297,0.04755685105919838,0.785791277885437,0.0,0.0,0.242,0.49623442682623864,-0.0
616,2013-03-23 20:00:00,0.4929116368293762,0.025115735828876495,0.788352370262146,0.0,0.0,0.25,0.5132366344332695,-0.0
617,2013-03-23 20:30:00,0.5089414715766907,0.0,0.800000011920929,0.0,0.0,0.266,0.5340000119209289,-0.0
618,2013-03-23 21:00:00,0.5366267561912537,0.0,0.800000011920929,0.0,0.0,0.255,0.545000011920929,-0.0
619,2013-03-23 21:30:00,0.566578209400177,0.0,0.800000011920929,0.0,0.0,0.162,0.6380000119209289,-0.0
620,2013-03-23 22:00:00,0.6537147164344788,0.0,0.800000011920929,0.0,0.0,0.185,0.6150000119209289,-0.0
621,2013-03-23 22:30:00,0.5976542234420776,0.0,0.800000011920929,0.0,0.0,0.26,0.540000011920929,-0.0
622,2013-03-23 23:00:00,0.5053700804710388,0.0,0.800000011920929,0.0,0.0,0.725,0.07500001192092898,-0.0
623,2013-03-23 23:30:00,0.31636375188827515,0.7691696882247925,0.5052997469902039,0.0,0.0,0.701,0.7798302879333495,-0.0
624,2013-03-24 00:00:00,0.3366455137729645,0.00650070421397686,0.800000011920929,0.0,0.0,0.145,0.6484993077069521,-0.0
625,2013-03-24 00:30:00,0.6305039525032043,0.010981112718582153,0.800000011920929,0.0,0.0,0.045,0.7440188992023468,-0.0
626,2013-03-24 01:00:00,0.6341832876205444,0.02358444780111313,0.7609433531761169,0.0,1.075,0.139,0.006659993827342947,-0.07129410946249962
627,2013-03-24 01:30:00,0.33315232396125793,0.07546107470989227,0.800000011920929,0.0,1.25,0.107,0.0,-0.08143610627889633
628,2013-03-24 02:00:00,0.11023198813199997,0.039818037301301956,0.800000011920929,0.0,0.919,0.045,0.0,-0.028031802538037307
629,2013-03-24 02:30:00,0.3082484006881714,0.3710896074771881,0.793312132358551,0.0,0.0,0.146,0.2762225248813629,-0.0
630,2013-03-24 03:00:00,0.382773756980896,0.7983420491218567,0.787320613861084,0.0,1.125,0.172,0.01267938613891606,-0.05528664850234982
631,2013-03-24 03:30:00,0.539420485496521,0.7862309813499451,0.689691960811615,0.0,0.0,0.758,0.10921840667724614,-0.21431390205383302
632,2013-03-24 04:00:00,0.41699469089508057,0.027844201773405075,0.7980668544769287,0.0,0.0,0.705,0.06522265270352368,-0.0
633,2013-03-24 04:30:00,0.2422783374786377,0.800000011920929,0.5547756552696228,0.0,0.0,0.034,0.8,-0.0
634,2013-03-24 05:00:00,0.36542776226997375,0.09562940150499344,0.7122977375984192,0.0,0.963,0.222,0.08770226240158085,-0.09457316639065744
635,2013-03-24 05:30:00,0.7903509736061096,0.005698041990399361,0.800000011920929,0.0,0.0,0.7659999999999999,0.02830196993052969,-0.0
636,2013-03-24 06:00:00,0.07809866219758987,0.04451912268996239,0.800000011920929,0.0,0.0,0.625,0.13048088923096657,-0.0
637,2013-03-24 06:30:00,0.24940310418605804,0.800000011920929,0.606797456741333,0.0,0.0,0.152,0.8,-0.0
638,2013-03-24 07:00:00,0.29029688239097595,0.2435612678527832,0.7630385756492615,0.0,0.0,0.054000000000000006,0.5024387321472168,-0.0
639,2013-03-24 07:30:00,0.4545919597148895,0.3783095180988312,0.6200212240219116,0.006,0.0,0.119,0.8,-0.0
640,2013-03-24 08:00:00,0.40024685859680176,0.19401048123836517,0.7211006283760071,0.063,0.0,0.095,0.5109895187616349,-0.0
641,2013-03-24 08:30:00,0.5138526558876038,0.16684170067310333,0.5654007196426392,0.069,0.0,0.151,0.4289895187616348,-0.0
642,2013-03-24 09:00:00,0.4382021427154541,0.12572769820690155,0.6069766283035278,0.081,0.0,0.474,0.03598951876163481,-0.0
643,2013-03-24 09:30:00,0.17462795972824097,0.800000011920929,0.6476984620094299,0.306,0.0,0.224,0.8,-0.0
644,2013-03-24 10:00:00,0.00995170883834362,0.09811373054981232,0.6442269682884216,0.45,0.0,0.15,0.8,-0.0
645,2013-03-24 10:30:00,0.01006351225078106,0.03869355469942093,0.6776807308197021,0.669,0.0,0.142,0.8,-0.0
646,2013-03-24 11:00:00,0.0,0.07542585581541061,0.7534735202789307,0.825,0.0,0.049,0.8,-0.0
647,2013-03-24 11:30:00,0.016558805480599403,0.14312538504600525,0.800000011920929,1.138,0.0,0.201,0.8,-0.0
648,2013-03-24 12:00:00,0.0014626800548285246,0.7007082104682922,0.800000011920929,1.406,0.0,0.413,0.8,-0.0
649,2013-03-24 12:30:00,0.7456540465354919,0.040074728429317474,0.800000011920929,1.525,0.0,0.085,0.8,-0.0
650,2013-03-24 13:00:00,0.800000011920929,0.04107549041509628,0.800000011920929,1.556,0.0,0.52,0.8,-0.0
651,2013-03-24 13:30:00,0.800000011920929,0.023660974577069283,0.800000011920929,1.5630000000000002,0.0,0.076,0.8,-0.0
652,2013-03-24 14:00:00,0.800000011920929,0.029707957059144974,0.800000011920929,1.531,0.0,0.134,0.8,-0.0
653,2013-03-24 14:30:00,0.788787841796875,0.04414605349302292,0.799543559551239,1.475,0.0,0.344,0.8,-0.0
654,2013-03-24 15:00:00,0.7863902449607849,0.15263128280639648,0.7982826232910156,1.406,0.0,0.213,0.8,-0.0
655,2013-03-24 15:30:00,0.6390112042427063,0.3756939172744751,0.800000011920929,1.3,0.0,0.275,0.8,-0.0
656,2013-03-24 16:00:00,0.3360086679458618,0.5934240818023682,0.800000011920929,1.175,0.0,0.295,0.7505672621726991,-0.0
657,2013-03-24 16:30:00,0.4315935969352722,0.27934056520462036,0.7966398000717163,1.013,0.0,0.138,0.8,-0.0
658,2013-03-24 17:00:00,0.03182963281869888,0.7575704455375671,0.7849093675613403,0.7879999999999999,0.0,0.23,0.5685999216437339,-0.0
659,2013-03-24 17:30:00,0.2521481513977051,0.11163382977247238,0.7755262851715088,0.5379999999999999,0.0,0.189,0.8,-0.0
660,2013-03-24 18:00:00,0.03812569007277489,0.07997766882181168,0.4776690602302551,0.188,0.0,0.13,0.7398966411054134,-0.0
661,2013-03-24 18:30:00,0.2051943838596344,0.0315159410238266,0.6238285899162292,0.044,0.0,0.361,0.4396907767653466,-0.0
662,2013-03-24 19:00:00,0.39915239810943604,0.03150303289294243,0.7190104126930237,0.019,0.0,0.489,0.19850737980008126,-0.0
663,2013-03-24 19:30:00,0.4103087782859802,0.800000011920929,0.587084174156189,0.0,0.0,0.135,0.8,-0.0
664,2013-03-24 20:00:00,0.0,0.19099198281764984,0.7568031549453735,0.0,0.0,0.155,0.4540080171823502,-0.0
665,2013-03-24 20:30:00,0.663719892501831,0.16014507412910461,0.5051586627960205,0.0,0.0,0.259,0.19500801718235017,-0.0
666,2013-03-24 21:00:00,0.40515953302383423,0.7922556400299072,0.5047926306724548,0.0,0.0,0.215,0.8,-0.0
667,2013-03-24 21:30:00,0.0,0.04993105307221413,0.7476012110710144,0.0,0.0,0.139,0.6110689469277859,-0.0
668,2013-03-24 22:00:00,0.5548515319824219,0.0,0.7451122403144836,0.0,0.0,0.249,0.49611224031448364,-0.0
669,2013-03-24 22:30:00,0.46520698070526123,0.0,0.7666161060333252,0.0,0.0,0.329,0.4376161060333252,-0.0
670,2013-03-24 23:00:00,0.4047129154205322,0.0,0.750274121761322,0.0,0.0,0.936,0.0,-0.05014598712444307
671,2013-03-24 23:30:00,0.08511476218700409,0.056379284709692,0.7739288806915283,0.0,0.0,0.8220000000000001,0.0,-0.028201609084904215
672,2013-03-25 00:00:00,0.14346566796302795,0.09661943465471268,0.800000011920929,0.0,0.0,0.121,0.5823805772662163,-0.0
673,2013-03-25 00:30:00,0.6332053542137146,0.08360593020915985,0.6617302894592285,0.0,0.0,0.21600000000000005,0.3663805772662162,-0.0
674,2013-03-25 01:00:00,0.469797819852829,0.07254692912101746,0.576262891292572,0.0,1.063,0.219,0.0,-0.11505840378284454
675,2013-03-25 01:30:00,0.06726402789354324,0.016633324325084686,0.7911509871482849,0.0,1.238,0.139,0.0,-0.08387823371768
676,2013-03-25 02:00:00,0.02710336446762085,0.006064192391932011,0.800000011920929,0.0,0.394,0.252,0.14793581952899693,-0.0
677,2013-03-25 02:30:00,0.18315117061138153,0.800000011920929,0.800000011920929,0.0,0.413,0.173,0.7181283609420064,-0.0
678,2013-03-25 03:00:00,0.0,0.14019183814525604,0.34203416109085083,0.0,0.725,0.298,0.4579658389091492,-0.1164014398938418
679,2013-03-25 03:30:00,0.5514416098594666,0.6859927177429199,0.5176733732223511,0.0,0.0,0.843,0.28232662677764897,-0.08835777603149414
680,2013-03-25 04:00:00,0.2960350215435028,0.800000011920929,0.6962003111839294,0.0,0.0,0.598,0.43734673452377326,-0.0
681,2013-03-25 04:30:00,0.0,0.7371242046356201,0.7812408804893494,0.0,0.644,0.131,0.01875911951065068,-0.0015057341623306764
682,2013-03-25 05:00:00,0.2198314666748047,0.800000011920929,0.7684016227722168,0.0,0.331,0.15,0.8,-0.0
683,2013-03-25 05:30:00,0.0,0.2624570429325104,0.7524263262748718,0.0,0.0,0.807,0.04757367372512822,-0.08559829349756243
684,2013-03-25 06:00:00,0.0,0.0647774264216423,0.7934024333953857,0.0,0.0,0.7070000000000001,0.021625006973743366,-0.0
685,2013-03-25 06:30:00,0.10818418860435486,0.18377745151519775,0.7514370679855347,0.0,0.0,0.071,0.4966596164703369,-0.0
686,2013-03-25 07:00:00,0.640037477016449,0.20013612508773804,0.4559999108314514,0.0,0.0,0.133,0.36365961647033695,-0.0
687,2013-03-25 07:30:00,0.4817821681499481,0.5500937700271606,0.6349332332611084,0.013,0.0,0.026,0.8,-0.0
688,2013-03-25 08:00:00,0.053383857011795044,0.1844654679298401,0.6645428538322449,0.038,0.0,0.17800000000000002,0.4375345320701599,-0.0
689,2013-03-25 08:30:00,0.5320149660110474,0.12034840136766434,0.5471566319465637,0.056,0.0,0.127,0.36653453207015985,-0.0
690,2013-03-25 09:00:00,0.43636468052864075,0.08458399772644043,0.46463003754615784,0.08800000000000001,0.0,0.513,0.07448849225044252,-0.035897569248676306
691,2013-03-25 09:30:00,0.33816131949424744,0.800000011920929,0.5707889795303345,0.331,0.0,0.106,0.6830230035781862,-0.0
692,2013-03-25 10:00:00,0.0,0.20090323686599731,0.43493935465812683,0.45,0.0,0.024,0.8,-0.0
693,2013-03-25 10:30:00,0.0,0.013891039416193962,0.6539438962936401,0.706,0.0,0.161,0.8,-0.0
694,2013-03-25 11:00:00,0.0013565289555117488,0.12602683901786804,0.6995673775672913,0.813,0.0,0.077,0.8,-0.0
695,2013-03-25 11:30:00,0.010180015116930008,0.20339930057525635,0.800000011920929,1.131,0.0,0.278,0.8,-0.0
696,2013-03-25 12:00:00,0.0013962259981781244,0.6552819609642029,0.7949764132499695,1.388,0.0,0.228,0.8,-0.0
697,2013-03-25 12:30:00,0.6835644245147705,0.07961166650056839,0.7979714274406433,1.4880000000000002,0.0,0.037000000000000005,0.8,-0.0
698,2013-03-25 13:00:00,0.7960737347602844,0.06961314380168915,0.7862836122512817,1.394,0.0,0.187,0.8,-0.0
699,2013-03-25 13:30:00,0.7351532578468323,0.06384706497192383,0.800000011920929,1.588,0.0,0.284,0.8,-0.0
700,2013-03-25 14:00:00,0.7763810753822327,0.048803459852933884,0.800000011920929,1.256,0.0,0.19,0.8,-0.0
701,2013-03-25 14:30:00,0.0,0.22060129046440125,0.800000011920929,1.481,0.0,0.204,0.8,-0.0
702,2013-03-25 15:00:00,0.758527398109436,0.05665573850274086,0.7977991700172424,1.431,0.0,0.231,0.8,-0.0
703,2013-03-25 15:30:00,0.7496986389160156,0.04316522926092148,0.7870460152626038,1.306,0.0,0.401,0.8,-0.0
704,2013-03-25 16:00:00,0.34765875339508057,0.27028653025627136,0.7916384935379028,1.169,0.0,0.281,0.8,-0.0
705,2013-03-25 16:30:00,0.0,0.7374462485313416,0.7791727185249329,1.0,0.0,0.206,0.8,-0.0
706,2013-03-25 17:00:00,0.5654723644256592,0.5148764252662659,0.7641490697860718,0.8059999999999999,0.0,0.282,0.24365121030807507,-0.0
707,2013-03-25 17:30:00,0.22782745957374573,0.02295015938580036,0.7209950685501099,0.55,0.0,0.066,0.8,-0.0
708,2013-03-25 18:00:00,0.0,0.046757377684116364,0.7305417656898499,0.175,0.0,0.11,0.8,-0.0
709,2013-03-25 18:30:00,0.13856181502342224,0.05243588984012604,0.6802572011947632,0.038,0.0,0.483,0.264564110159874,-0.0
710,2013-03-25 19:00:00,0.42346614599227905,0.800000011920929,0.625959575176239,0.006,0.0,0.5660000000000001,0.49287176775932295,-0.0
711,2013-03-25 19:30:00,0.040359318256378174,0.7166547179222107,0.7788649797439575,0.0,0.0,0.121,0.5766017465591434,-0.0
712,2013-03-25 20:00:00,0.0,0.4658872187137604,0.5463047623634338,0.0,0.0,0.245,0.5359092881679529,-0.0
713,2013-03-25 20:30:00,0.35570913553237915,0.33977243304252625,0.6184972524642944,0.0,0.0,0.21600000000000005,0.772408990621568,-0.0
714,2013-03-25 21:00:00,0.4481370151042938,0.1152634248137474,0.7447574734687805,0.0,0.0,0.16699999999999998,0.5729185939431167,-0.0
715,2013-03-25 21:30:00,0.6034939289093018,0.04503326117992401,0.6760495901107788,0.0,0.0,0.245,0.3860163289308548,-0.0
716,2013-03-25 22:00:00,0.31338775157928467,0.0,0.5842866897583008,0.0,0.0,0.102,0.4822866897583008,-0.0
717,2013-03-25 22:30:00,0.3666684031486511,0.0,0.622910737991333,0.0,0.0,0.2,0.422910737991333,-0.0
718,2013-03-25 23:00:00,0.34433043003082275,0.0,0.6597291231155396,0.0,0.0,0.812,0.0,-0.04111313675880434
719,2013-03-25 23:30:00,0.0895267128944397,0.03492230921983719,0.800000011920929,0.0,0.0,0.599,0.1660777027010918,-0.0
720,2013-03-26 00:00:00,0.4037999212741852,0.742670476436615,0.6540842652320862,0.0,0.0,0.156,0.8,-0.0
721,2013-03-26 00:30:00,0.44686171412467957,0.11969007551670074,0.7507392168045044,0.0,0.0,0.066,0.6143099244832992,-0.0
722,2013-03-26 01:00:00,0.6911581754684448,0.03772982209920883,0.5312210917472839,0.0,1.069,0.066,0.12081865483522414,-0.07537087303519249
723,2013-03-26 01:30:00,0.4777519702911377,0.0,0.7824400663375854,0.0,1.238,0.115,0.0,-0.07660599336624146
724,2013-03-26 02:00:00,0.07845181971788406,0.0,0.800000011920929,0.0,1.256,0.025,0.0,-0.052349998807907104
725,2013-03-26 02:30:00,0.1173052117228508,0.0,0.800000011920929,0.0,0.013,0.175,0.612000011920929,-0.0
726,2013-03-26 03:00:00,0.4967769682407379,0.0,0.800000011920929,0.0,0.913,0.201,0.0,-0.06556999880790712
727,2013-03-26 03:30:00,0.5382243394851685,0.0,0.800000011920929,0.0,0.263,0.8240000000000001,0.0,-0.07748999678134921
728,2013-03-26 04:00:00,0.0,0.0,0.800000011920929,0.0,0.0,0.68,0.1200000119209289,-0.0
729,2013-03-26 04:30:00,0.21022284030914307,0.7650287747383118,0.5928937792778015,0.0,0.025,0.032,0.8,-0.0
730,2013-03-26 05:00:00,0.1549268513917923,0.10665031522512436,0.7459143996238708,0.0,0.944,0.243,0.054085600376129195,-0.09608359156012534
731,2013-03-26 05:30:00,0.7446606755256653,0.0,0.800000011920929,0.0,0.0,1.346,0.0,-0.1474199967813492
732,2013-03-26 06:00:00,0.0,0.0,0.800000011920929,0.0,0.0,1.266,0.0,-0.1258199967813492
733,2013-03-26 06:30:00,0.0,0.0013819560408592224,0.800000011920929,0.0,0.0,0.078,0.7206180558800698,-0.0
734,2013-03-26 07:00:00,0.5231181383132935,0.012648319825530052,0.800000011920929,0.0,0.0,0.061,0.726351692095399,-0.0
735,2013-03-26 07:30:00,0.5485799312591553,0.005329758394509554,0.7943667769432068,0.013,0.0,0.393,0.3960370185486972,-0.0
736,2013-03-26 08:00:00,0.31196674704551697,0.001429135911166668,0.7325169444084167,0.094,0.0,0.38,0.3510878084972501,-0.0
737,2013-03-26 08:30:00,0.25620758533477783,0.040849342942237854,0.713638961315155,0.106,0.0,0.457,0.21578961837291716,-0.0
738,2013-03-26 09:00:00,0.527823805809021,0.800000011920929,0.6407113075256348,0.163,0.0,0.4270000000000001,0.4154207513332368,-0.0
739,2013-03-26 09:30:00,0.4295021593570709,0.6334701180458069,0.7019045352935791,0.4,0.0,0.024,0.5271091306209563,-0.0
740,2013-03-26 10:00:00,0.09688381105661392,0.2699877619743347,0.782121479511261,0.431,0.0,0.119,0.8,-0.0
741,2013-03-26 10:30:00,0.0,0.10513356328010559,0.6027820110321045,0.513,0.0,0.07,0.8,-0.0
742,2013-03-26 11:00:00,0.0,0.11340005695819855,0.6192575693130493,0.481,0.0,0.108,0.8,-0.0
743,2013-03-26 11:30:00,0.0,0.1298556923866272,0.5796557664871216,0.575,0.0,0.272,0.8,-0.0
744,2013-03-26 12:00:00,0.0,0.25376376509666443,0.6126388907432556,0.944,0.0,0.273,0.8,-0.0
745,2013-03-26 12:30:00,0.0,0.5142737030982971,0.7843501567840576,1.113,0.0,0.145,0.8,-0.0
746,2013-03-26 13:00:00,0.17134763300418854,0.1705314964056015,0.7971923351287842,1.3630000000000002,0.0,0.062,0.8,-0.0
747,2013-03-26 13:30:00,0.4777107834815979,0.05884819105267525,0.800000011920929,1.356,0.0,0.141,0.8,-0.0
748,2013-03-26 14:00:00,0.3110089898109436,0.04084915295243263,0.800000011920929,1.006,0.0,0.329,0.8,-0.0
749,2013-03-26 14:30:00,0.0,0.2005290389060974,0.800000011920929,0.919,0.0,0.07400000000000001,0.8,-0.0
750,2013-03-26 15:00:00,0.0,0.2285618931055069,0.800000011920929,0.888,0.0,0.16,0.8,-0.0
751,2013-03-26 15:30:00,0.010636098682880402,0.24586531519889832,0.800000011920929,0.8059999999999999,0.0,0.474,0.8,-0.0
752,2013-03-26 16:00:00,0.014487023465335369,0.41952595114707947,0.800000011920929,0.4,0.0,0.377,0.388987037308514,-0.0
753,2013-03-26 16:30:00,0.35678473114967346,0.3520234525203705,0.800000011920929,0.45,0.0,0.254,0.39564829133451007,-0.0
754,2013-03-26 17:00:00,0.2372070699930191,0.24603331089019775,0.7769596576690674,0.569,0.0,0.187,0.8,-0.0
755,2013-03-26 17:30:00,0.027049127966165543,0.07299113273620605,0.7681496739387512,0.181,0.0,0.145,0.7359597392976285,-0.0
756,2013-03-26 18:00:00,0.15869201719760895,0.05085863545536995,0.7616015076637268,0.113,0.0,0.139,0.6741816252470016,-0.0
757,2013-03-26 18:30:00,0.36621665954589844,0.039556168019771576,0.7641205191612244,0.081,0.0,0.131,0.6241816252470016,-0.0
758,2013-03-26 19:00:00,0.470247358083725,0.04395314306020737,0.7529743909835815,0.025,0.0,0.303,0.4060212479233742,-0.0
759,2013-03-26 19:30:00,0.36691930890083313,0.019476141780614853,0.6751027703285217,0.0,0.0,0.193,0.46262662854790687,-0.0
760,2013-03-26 20:00:00,0.4178606867790222,0.039153218269348145,0.6936049461364746,0.0,0.0,0.257,0.39745172786712646,-0.0
761,2013-03-26 20:30:00,0.34701651334762573,0.01660383865237236,0.5968337655067444,0.0,0.0,0.154,0.426229926854372,-0.0
762,2013-03-26 21:00:00,0.34163224697113037,0.043582990765571594,0.5551848411560059,0.0,0.0,0.224,0.2876018503904343,-0.0
763,2013-03-26 21:30:00,0.3544660806655884,0.7946323752403259,0.5248299241065979,0.0,0.0,0.234,0.7961639239788056,-0.0
764,2013-03-26 22:00:00,0.04368796944618225,0.1524084210395813,0.800000011920929,0.0,0.0,0.147,0.5082637429237364,-0.0
765,2013-03-26 22:30:00,0.7294958829879761,0.1554444581270218,0.4766472578048706,0.0,0.0,0.339,0.18706094324588762,-0.004805244086980826
766,2013-03-26 23:00:00,0.43643781542778015,0.800000011920929,0.5393776893615723,0.0,0.0,0.78,0.4458781015872959,-0.0
767,2013-03-26 23:30:00,0.06948060542345047,0.6122989058494568,0.800000011920929,0.0,0.0,0.622,0.27394490289688045,-0.0
768,2013-03-27 00:00:00,0.12167610228061676,0.800000011920929,0.7814658284187317,0.0,0.0,0.126,0.8,-0.0
769,2013-03-27 00:30:00,0.07735081017017365,0.3871464431285858,0.800000011920929,0.0,0.0,0.12,0.29285356879234314,-0.0
770,2013-03-27 01:00:00,0.474399596452713,0.800000011920929,0.800000011920929,0.0,1.069,0.16,0.0,-0.04867071375846864
771,2013-03-27 01:30:00,0.5424944758415222,0.047705233097076416,0.800000011920929,0.0,1.238,0.473,0.0,-0.17628052211761475
772,2013-03-27 02:00:00,0.09700080752372742,0.05951918661594391,0.800000011920929,0.0,1.256,0.495,0.0,-0.18520191746950151
773,2013-03-27 02:30:00,0.07791043072938919,0.07084037363529205,0.7854690551757812,0.0,1.1,0.269,0.0,-0.1111671318459511
774,2013-03-27 03:00:00,0.800000011920929,0.02926817536354065,0.7702399492263794,0.0,0.0,0.245,0.49597177386283875,-0.0
775,2013-03-27 03:30:00,0.5469916462898254,0.06938368082046509,0.7900357842445374,0.0,1.181,0.741,0.0,-0.24610478965759278
776,2013-03-27 04:00:00,0.040218960493803024,0.0,0.7827514410018921,0.0,0.35600000000000004,0.6920000000000001,0.0,-0.07161711092948916
777,2013-03-27 04:30:00,0.05387132614850998,0.003418130334466696,0.7780844569206238,0.0,0.0,0.024,0.7506663265861571,-0.0
778,2013-03-27 05:00:00,0.5997202396392822,0.02138478495180607,0.7664268612861633,0.0,0.0,0.219,0.5316663265861571,-0.0
779,2013-03-27 05:30:00,0.4770911931991577,0.04854711890220642,0.7707733511924744,0.0,0.456,0.736,0.0,-0.12683891728162766
780,2013-03-27 06:00:00,0.007284700404852629,0.0065467036329209805,0.7833589315414429,0.0,0.481,0.627,0.0,-0.08942069846469909
781,2013-03-27 06:30:00,0.004119617864489555,0.0,0.7838630080223083,0.0,0.0,0.181,0.6028630080223083,-0.0
782,2013-03-27 07:00:00,0.49943411350250244,0.052261609584093094,0.800000011920929,0.0,0.0,0.121,0.6267384023368359,-0.0
783,2013-03-27 07:30:00,0.5018230676651001,0.05621480569243431,0.7668894529342651,0.006,0.0,0.136,0.5746746472418308,-0.0
784,2013-03-27 08:00:00,0.5018017292022705,0.061133306473493576,0.7713600397109985,0.025,0.0,0.261,0.44922673323750495,-0.0
785,2013-03-27 08:30:00,0.38672715425491333,0.02208898961544037,0.7445129156112671,0.05,0.0,0.311,0.4114239259958267,-0.0
786,2013-03-27 09:00:00,0.2958029508590698,0.0,0.7558708190917969,0.08800000000000001,0.0,0.126,0.6298708190917969,-0.0
787,2013-03-27 09:30:00,0.4519009590148926,0.026349052786827087,0.771312415599823,0.325,0.0,0.11,0.8,-0.0
788,2013-03-27 10:00:00,0.06269364058971405,0.025485768914222717,0.6742449402809143,0.438,0.0,0.529,0.6208205904960632,-0.0
789,2013-03-27 10:30:00,0.3926967978477478,0.36057472229003906,0.7725818157196045,0.6559999999999999,0.0,0.494,0.5670872988700868,-0.0
790,2013-03-27 11:00:00,0.003261920064687729,0.533452570438385,0.7800673246383667,0.775,0.0,0.825,0.6725870716273785,-0.0
791,2013-03-27 11:30:00,0.0,0.5734204053878784,0.7125309109687805,1.05,0.0,0.049,0.8,-0.0
792,2013-03-27 12:00:00,0.028206447139382362,0.4927023947238922,0.6990936994552612,1.338,0.0,0.113,0.8,-0.0
793,2013-03-27 12:30:00,0.5966325402259827,0.009642928838729858,0.7474181652069092,1.413,0.0,0.094,0.8,-0.0
794,2013-03-27 13:00:00,0.586279034614563,0.0531977117061615,0.754387617111206,1.506,0.0,0.039,0.8,-0.0
795,2013-03-27 13:30:00,0.7672341465950012,0.012790463864803314,0.7750861644744873,1.5,0.0,0.138,0.8,-0.0
796,2013-03-27 14:00:00,0.7805309295654297,0.018351463600993156,0.7672244310379028,1.4880000000000002,0.0,0.044,0.8,-0.0
797,2013-03-27 14:30:00,0.749632716178894,0.007326710969209671,0.7593827247619629,1.425,0.0,0.08900000000000001,0.8,-0.0
798,2013-03-27 15:00:00,0.6896517872810364,0.025750234723091125,0.7555267810821533,1.338,0.0,0.118,0.8,-0.0
799,2013-03-27 15:30:00,0.1592928171157837,0.2049926221370697,0.7694602012634277,1.256,0.0,0.025,0.8,-0.0
800,2013-03-27 16:00:00,0.0651797279715538,0.5432668924331665,0.800000011920929,1.119,0.0,0.136,0.8,-0.0
801,2013-03-27 16:30:00,0.4428935647010803,0.2639732360839844,0.800000011920929,0.969,0.0,0.114,0.8,-0.0
802,2013-03-27 17:00:00,0.0,0.6405524015426636,0.800000011920929,0.7879999999999999,0.0,0.135,0.8,-0.0
803,2013-03-27 17:30:00,0.08017818629741669,0.2960020899772644,0.800000011920929,0.5,0.0,0.314,0.6098197356462478,-0.0
804,2013-03-27 18:00:00,0.05379676818847656,0.21152673661708832,0.7800818681716919,0.163,0.0,0.219,0.7514434875249866,-0.0
805,2013-03-27 18:30:00,0.23826563358306885,0.0369877889752388,0.6765389442443848,0.038,0.0,0.083,0.7011252359747882,-0.0
806,2013-03-27 19:00:00,0.5575345158576965,0.0,0.7350165247917175,0.006,0.0,0.161,0.5740165247917175,-0.0
807,2013-03-27 19:30:00,0.5694146752357483,0.0,0.800000011920929,0.0,0.0,0.197,0.6030000119209289,-0.0
808,2013-03-27 20:00:00,0.5469775795936584,0.0,0.800000011920929,0.0,0.0,0.183,0.6170000119209289,-0.0
809,2013-03-27 20:30:00,0.5335732698440552,0.006673607975244522,0.7921455502510071,0.0,0.0,0.293,0.4924719422757626,-0.0
810,2013-03-27 21:00:00,0.4346762001514435,0.0035741329193115234,0.800000011920929,0.0,0.0,0.233,0.5634258790016174,-0.0
811,2013-03-27 21:30:00,0.4720081090927124,0.0075480882078409195,0.800000011920929,0.0,0.0,0.242,0.550451923713088,-0.0
812,2013-03-27 22:00:00,0.45219066739082336,0.021232612431049347,0.800000011920929,0.0,0.0,0.156,0.6227673994898796,-0.0
813,2013-03-27 22:30:00,0.5224907398223877,0.029594045132398605,0.7945568561553955,0.0,0.0,0.154,0.6109628110229969,-0.0
814,2013-03-27 23:00:00,0.5282409191131592,0.06065058335661888,0.800000011920929,0.0,0.0,0.802,0.0,-0.016915654287636292
815,2013-03-27 23:30:00,0.10929393023252487,0.06851646304130554,0.800000011920929,0.0,0.0,0.66,0.07148354887962338,-0.0
816,2013-03-28 00:00:00,0.24192997813224792,0.800000011920929,0.5594053268432617,0.0,0.0,0.119,0.8,-0.0
817,2013-03-28 00:30:00,0.46502920985221863,0.12050264328718185,0.6865388751029968,0.0,0.0,0.213,0.4664973567128182,-0.0
818,2013-03-28 01:00:00,0.64884352684021,0.0844709724187851,0.5381505489349365,0.0,1.069,0.113,0.012817780196666795,-0.09204204234838487
819,2013-03-28 01:30:00,0.16996940970420837,0.008202650584280491,0.7976021766662598,0.0,1.188,0.17800000000000002,0.0,-0.08792004739180208
820,2013-03-28 02:00:00,0.7216237187385559,0.032178424298763275,0.800000011920929,0.0,0.0,0.16399999999999998,0.6038215876221658,-0.0
821,2013-03-28 02:30:00,0.5216651558876038,0.08098041266202927,0.7902038097381592,0.0,0.519,0.102,0.0882233970761299,-0.0
822,2013-03-28 03:00:00,0.24362079799175262,0.800000011920929,0.800000011920929,0.0,0.563,0.243,0.6175532058477403,-0.0
823,2013-03-28 03:30:00,0.050244640558958054,0.4621434807777405,0.591873288154602,0.0,0.0,0.7140000000000001,0.208126711845398,-0.05923168316602715
824,2013-03-28 04:00:00,0.29444849491119385,0.800000011920929,0.800000011920929,0.0,0.0,0.679,0.504746576309204,-0.0
825,2013-03-28 04:30:00,0.02506457269191742,0.38654446601867676,0.800000011920929,0.0,0.0,0.071,0.8,-0.0
826,2013-03-28 05:00:00,0.3939046859741211,0.20089805126190186,0.800000011920929,0.0,0.544,0.168,0.0,-0.030482470622062698
827,2013-03-28 05:30:00,0.38649141788482666,0.06366633623838425,0.800000011920929,0.0,0.406,0.7879999999999999,0.0,-0.12356990756571293
828,2013-03-28 06:00:00,0.03697839751839638,0.056060124188661575,0.7997518181800842,0.0,0.0,0.591,0.15269169399142268,-0.0
829,2013-03-28 06:30:00,0.355400413274765,0.800000011920929,0.627693772315979,0.0,0.0,0.129,0.8,-0.0
830,2013-03-28 07:00:00,0.0012680385261774063,0.2793644368648529,0.7839106321334839,0.0,0.0,0.057,0.46363556313514714,-0.0
831,2013-03-28 07:30:00,0.45127084851264954,0.555159330368042,0.6372976303100586,0.0,0.0,0.117,0.8,-0.0
832,2013-03-28 08:00:00,0.02922143042087555,0.3717350959777832,0.7580406665802002,0.025,0.0,0.273,0.15526490402221682,-0.0
833,2013-03-28 08:30:00,0.2567331790924072,0.800000011920929,0.7884817719459534,0.044,0.0,0.061,0.8,-0.0
834,2013-03-28 09:00:00,0.0,0.2026389092206955,0.7035936117172241,0.069,0.0,0.099,0.5673610907793045,-0.0
835,2013-03-28 09:30:00,0.6077218651771545,0.12639647722244263,0.5317292809486389,0.319,0.0,0.09,0.8,-0.0
836,2013-03-28 10:00:00,0.0,0.05009143799543381,0.6286851167678833,0.425,0.0,0.04,0.8,-0.0
837,2013-03-28 10:30:00,0.0,0.03390365466475487,0.7139257788658142,0.65,0.0,0.13699999999999998,0.8,-0.0
838,2013-03-28 11:00:00,0.0,0.07870306819677353,0.682888925075531,0.775,0.0,0.133,0.8,-0.0
839,2013-03-28 11:30:00,0.0,0.18987801671028137,0.7913530468940735,1.031,0.0,0.421,0.8,-0.0
840,2013-03-28 12:00:00,0.0,0.6529899835586548,0.800000011920929,1.35,0.0,0.14,0.8,-0.0
841,2013-03-28 12:30:00,0.7184560298919678,0.07347456365823746,0.800000011920929,1.444,0.0,0.134,0.8,-0.0
842,2013-03-28 13:00:00,0.7653247714042664,0.1939038783311844,0.800000011920929,1.525,0.0,0.025,0.8,-0.0
843,2013-03-28 13:30:00,0.7882154583930969,0.11352775990962982,0.800000011920929,1.494,0.0,0.113,0.8,-0.0
844,2013-03-28 14:00:00,0.800000011920929,0.09243039786815643,0.800000011920929,1.506,0.0,0.106,0.8,-0.0
845,2013-03-28 14:30:00,0.797188937664032,0.07306616753339767,0.800000011920929,0.619,0.0,0.058,0.6689338443875312,-0.0
846,2013-03-28 15:00:00,0.0,0.08531694859266281,0.7931551933288574,0.35,0.0,0.152,0.8,-0.0
847,2013-03-28 15:30:00,0.015421003103256226,0.04120413213968277,0.6535583734512329,0.325,0.0,0.149,0.8,-0.0
848,2013-03-28 16:00:00,0.04214973747730255,0.01417107880115509,0.6607657670974731,0.488,0.0,0.06,0.8,-0.0
849,2013-03-28 16:30:00,0.0,0.017968151718378067,0.6980822086334229,0.85,0.0,0.079,0.8,-0.0
850,2013-03-28 17:00:00,0.0,0.1062101274728775,0.800000011920929,0.394,0.0,0.142,0.8,-0.0
851,2013-03-28 17:30:00,0.0,0.01622001826763153,0.5898315906524658,0.106,0.0,0.139,0.7507799817323685,-0.0
852,2013-03-28 18:00:00,0.20702198147773743,0.021136663854122162,0.7182053327560425,0.025,0.0,0.081,0.6947799817323685,-0.0
853,2013-03-28 18:30:00,0.5415874123573303,0.0017391336150467396,0.7747508883476257,0.019,0.0,0.165,0.608011754732579,-0.0
854,2013-03-28 19:00:00,0.4948226809501648,0.0,0.800000011920929,0.0,0.0,0.268,0.5320000119209289,-0.0
855,2013-03-28 19:30:00,0.447378009557724,0.0,0.7975523471832275,0.0,0.0,0.247,0.5505523471832275,-0.0
856,2013-03-28 20:00:00,0.47408023476600647,0.0,0.800000011920929,0.0,0.0,0.161,0.6390000119209289,-0.0
857,2013-03-28 20:30:00,0.5886553525924683,0.0,0.800000011920929,0.0,0.0,0.228,0.572000011920929,-0.0
858,2013-03-28 21:00:00,0.504913866519928,0.0,0.800000011920929,0.0,0.0,0.21600000000000005,0.5840000119209289,-0.0
859,2013-03-28 21:30:00,0.5259431600570679,0.0007160729728639126,0.800000011920929,0.0,0.0,0.119,0.680283938948065,-0.0
860,2013-03-28 22:00:00,0.6121352314949036,0.0,0.800000011920929,0.0,0.0,0.152,0.6480000119209289,-0.0
861,2013-03-28 22:30:00,0.6271131634712219,0.0,0.800000011920929,0.0,0.0,0.281,0.5190000119209289,-0.0
862,2013-03-28 23:00:00,0.4943673312664032,0.01887228898704052,0.800000011920929,0.0,0.0,0.797,0.0,-0.004285514807850134
863,2013-03-28 23:30:00,0.1732909381389618,0.15305787324905396,0.7629507184028625,0.0,0.0,0.705,0.0,-0.02567893180847167
864,2013-03-29 00:00:00,0.2326456904411316,0.06532599031925201,0.800000011920929,0.0,0.0,0.135,0.5996740216016769,-0.0
865,2013-03-29 00:30:00,0.6523172855377197,0.02879129722714424,0.7751685380935669,0.0,0.0,0.023,0.7233772408664226,-0.0
866,2013-03-29 01:00:00,0.6462389230728149,0.0,0.7851970195770264,0.0,1.081,0.123,0.0,-0.06279029804229737
867,2013-03-29 01:30:00,0.31834593415260315,0.02160274237394333,0.800000011920929,0.0,1.256,0.077,0.0,-0.06855027304530144
868,2013-03-29 02:00:00,0.15679529309272766,0.00417307298630476,0.800000011920929,0.0,0.713,0.054000000000000006,0.02882693893462422,-0.0
869,2013-03-29 02:30:00,0.1642962545156479,0.08034030348062515,0.800000011920929,0.0,0.331,0.133,0.2556597084403038,-0.0
870,2013-03-29 03:00:00,0.36553841829299927,0.800000011920929,0.800000011920929,0.0,0.925,0.134,0.029680583119392367,-0.0
871,2013-03-29 03:30:00,0.39951005578041077,0.800000011920929,0.800000011920929,0.0,0.0,0.7929999999999999,0.7476388337612152,-0.0
872,2013-03-29 04:00:00,0.26573437452316284,0.0025450862012803555,0.800000011920929,0.0,0.15,0.639,0.008454925719648565,-0.0
873,2013-03-29 04:30:00,0.22785533964633942,0.07370267808437347,0.800000011920929,0.0,0.8690000000000001,0.061,0.0,-0.030740266616344464
874,2013-03-29 05:00:00,0.2902323603630066,0.0,0.800000011920929,0.0,0.0,0.214,0.586000011920929,-0.0
875,2013-03-29 05:30:00,0.519727885723114,0.011949858628213406,0.800000011920929,0.0,0.0,0.703,0.08505015329271559,-0.0
876,2013-03-29 06:00:00,0.23902076482772827,0.19292593002319336,0.4433370530605316,0.0,0.0,0.7,0.0,-0.12138899677991867
877,2013-03-29 06:30:00,0.050141554325819016,0.1926092505455017,0.800000011920929,0.0,0.0,0.026,0.5813907613754272,-0.0
878,2013-03-29 07:00:00,0.7143611311912537,0.14689023792743683,0.5639028549194336,0.0,0.513,0.153,0.16437814438343046,-0.050908738300800324
879,2013-03-29 07:30:00,0.800000011920929,0.7593811750411987,0.800000011920929,0.0,0.163,0.161,0.8,-0.0
880,2013-03-29 08:00:00,0.02694419026374817,0.33249542117118835,0.800000011920929,0.025,0.0,0.105,0.3625045907497406,-0.0
881,2013-03-29 08:30:00,0.4436364471912384,0.6531656980514526,0.800000011920929,0.038,0.0,0.41,0.5358251323699952,-0.0
882,2013-03-29 09:00:00,0.4409268796443939,0.3199078440666199,0.6348690390586853,0.08800000000000001,0.0,0.024,0.8,-0.0
883,2013-03-29 09:30:00,0.14756213128566742,0.09216669946908951,0.6666303873062134,0.338,0.0,0.105,0.7932711692452432,-0.0
884,2013-03-29 10:00:00,0.044313862919807434,0.07525555044412613,0.5908888578414917,0.456,0.0,0.049,0.8,-0.0
885,2013-03-29 10:30:00,0.029987558722496033,0.05112527683377266,0.6265625953674316,0.6940000000000001,0.0,0.078,0.8,-0.0
886,2013-03-29 11:00:00,0.044215139001607895,0.10851968824863434,0.7737497091293335,0.7809999999999999,0.0,0.141,0.8,-0.0
887,2013-03-29 11:30:00,0.003861383069306612,0.35653156042099,0.7918548583984375,1.075,0.0,0.026,0.8,-0.0
888,2013-03-29 12:00:00,0.05793467536568642,0.7642813324928284,0.7898805737495422,0.6940000000000001,0.0,0.122,0.5497839921414852,-0.0
889,2013-03-29 12:30:00,0.2588641345500946,0.17053373157978058,0.800000011920929,0.7190000000000001,0.0,0.099,0.8,-0.0
890,2013-03-29 13:00:00,0.0,0.2391304075717926,0.7789067029953003,0.563,0.0,0.033,0.8,-0.0
891,2013-03-29 13:30:00,0.0,0.08884773403406143,0.7302172780036926,1.094,0.0,0.219,0.8,-0.0
892,2013-03-29 14:00:00,0.0,0.7038917541503906,0.7583401203155518,1.431,0.0,0.394,0.8,-0.0
893,2013-03-29 14:30:00,0.7159802913665771,0.020563803613185883,0.7896612286567688,1.306,0.0,0.141,0.8,-0.0
894,2013-03-29 15:00:00,0.484036386013031,0.15491285920143127,0.7839828133583069,1.056,0.0,0.284,0.8,-0.0
895,2013-03-29 15:30:00,0.0,0.6875587105751038,0.772652804851532,1.269,0.0,0.279,0.8,-0.0
896,2013-03-29 16:00:00,0.6528090238571167,0.026132654398679733,0.7843880653381348,1.138,0.0,0.204,0.8,-0.0
897,2013-03-29 16:30:00,0.0,0.5633271932601929,0.7842174172401428,0.95,0.0,0.313,0.8,-0.0
898,2013-03-29 17:00:00,0.043533287942409515,0.5949192643165588,0.7914638519287109,0.888,0.0,0.174,0.8,-0.0
899,2013-03-29 17:30:00,0.23240530490875244,0.4009413719177246,0.7982264757156372,0.556,0.0,0.083,0.6396533231735231,-0.0
900,2013-03-29 18:00:00,0.0,0.07515105605125427,0.758942723274231,0.163,0.0,0.097,0.7497916672229767,-0.0
901,2013-03-29 18:30:00,0.1291567087173462,0.05432354286313057,0.6031596660614014,0.063,0.0,0.052000000000000005,0.7438847899138927,-0.0
902,2013-03-29 19:00:00,0.28105518221855164,0.024195443838834763,0.6268531084060669,0.006,0.0,0.199,0.5508847899138927,-0.0
903,2013-03-29 19:30:00,0.37791281938552856,0.022420156747102737,0.7942959070205688,0.0,0.0,0.17800000000000002,0.5938757502734661,-0.0
904,2013-03-29 20:00:00,0.3929905295372009,0.03930128365755081,0.7814378142356873,0.0,0.0,0.182,0.5601365305781365,-0.0
905,2013-03-29 20:30:00,0.3963261842727661,0.05046676844358444,0.7611533403396606,0.0,0.0,0.25,0.4606865718960762,-0.0
906,2013-03-29 21:00:00,0.3540290594100952,0.0263071246445179,0.6466347575187683,0.0,0.0,0.153,0.4673276328742504,-0.0
907,2013-03-29 21:30:00,0.31556808948516846,0.0,0.5753337740898132,0.0,0.0,0.234,0.34133377408981325,-0.0
908,2013-03-29 22:00:00,0.22598183155059814,0.01597399264574051,0.5147057771682739,0.0,0.0,0.135,0.3637317845225334,-0.0
909,2013-03-29 22:30:00,0.16195204854011536,0.016131676733493805,0.4736900329589844,0.0,0.0,0.243,0.21455835622549058,-0.0
910,2013-03-29 23:00:00,0.29113054275512695,0.7845185995101929,0.49369776248931885,0.0,0.0,0.767,0.4193646880388262,-0.0
911,2013-03-29 23:30:00,0.011346511542797089,0.613004744052887,0.7562134861946106,0.0,0.0,0.63,0.31826587986946075,-0.0
912,2013-03-30 00:00:00,0.07177338749170303,0.800000011920929,0.701871395111084,0.0,0.0,0.59,0.3734682283401496,-0.0
913,2013-03-30 00:30:00,0.09142051637172699,0.799416720867157,0.7651745080947876,0.0,0.0,0.035,0.8,-0.0
914,2013-03-30 01:00:00,0.036366868764162064,0.3069647550582886,0.5673930644989014,0.0,1.081,0.119,0.23260693550109868,-0.11418716905593873
915,2013-03-30 01:30:00,0.34411561489105225,0.008512123487889767,0.7756926417350769,0.0,1.238,0.066,0.0,-0.06490194817528129
916,2013-03-30 02:00:00,0.16405323147773743,0.0061342353001236916,0.7852587699890137,0.0,1.025,0.07400000000000001,0.0,-0.044567546531111
917,2013-03-30 02:30:00,0.3038255274295807,0.2707756459712982,0.765947163105011,0.0,0.0,0.09,0.4051715171337128,-0.0
918,2013-03-30 03:00:00,0.48445525765419006,0.6509662866592407,0.731092631816864,0.0,1.138,0.14400000000000002,0.06890736818313603,-0.0657016689109802
919,2013-03-30 03:30:00,0.4737379252910614,0.800000011920929,0.6252877712249756,0.0,0.056,0.855,0.5511852517127991,-0.0
920,2013-03-30 04:00:00,0.07601658254861832,0.0034626247361302376,0.7580742239952087,0.0,0.0,0.682,0.07261159925907845,-0.0
921,2013-03-30 04:30:00,0.21481937170028687,0.25731605291366577,0.3465860188007355,0.0,0.65,0.14,0.0,-0.09387300341129304
922,2013-03-30 05:00:00,0.2367365062236786,0.02160077728331089,0.7680131196975708,0.0,0.325,0.179,0.2424123424142599,-0.0
923,2013-03-30 05:30:00,0.3423329293727875,0.800000011920929,0.7502789497375488,0.0,0.0,1.4409999999999998,0.049721050262451216,-0.10139735169321293
924,2013-03-30 06:00:00,0.02247176133096218,0.055267442017793655,0.5915756225585938,0.0,0.0,1.297,0.0,-0.20538679125398396
925,2013-03-30 06:30:00,0.05727510526776314,0.17664222419261932,0.7251998782157898,0.0,0.0,0.046,0.5025576540231704,-0.0
926,2013-03-30 07:00:00,0.5829030275344849,0.19028158485889435,0.44191426038742065,0.0,0.0,0.128,0.3745576540231704,-0.0
927,2013-03-30 07:30:00,0.452099084854126,0.5299733281135559,0.5780594348907471,0.006,0.0,0.379,0.7299113638401034,-0.0
928,2013-03-30 08:00:00,0.37435588240623474,0.1351739466190338,0.7746996283531189,0.025,0.0,0.417,0.3380033257007596,-0.0
929,2013-03-30 08:30:00,0.35752153396606445,0.22628960013389587,0.6631287336349487,0.044,0.0,0.35100000000000003,0.08583913350105282,-0.0
930,2013-03-30 09:00:00,0.6261512637138367,0.7863999009132385,0.6308313012123108,0.08800000000000001,0.0,0.06,0.8,-0.0
931,2013-03-30 09:30:00,0.028065450489521027,0.04997727647423744,0.6387379169464111,0.344,0.0,0.087,0.8,-0.0
932,2013-03-30 10:00:00,0.04371673986315727,0.009113181382417679,0.659361720085144,0.45,0.0,0.035,0.8,-0.0
933,2013-03-30 10:30:00,0.020084401592612267,0.0,0.7095214128494263,0.6809999999999999,0.0,0.106,0.8,-0.0
934,2013-03-30 11:00:00,0.0013407239457592368,0.0384574756026268,0.7076948285102844,0.8059999999999999,0.0,0.17800000000000002,0.8,-0.0
935,2013-03-30 11:30:00,0.00772115821018815,0.23377743363380432,0.7430292963981628,1.056,0.0,0.188,0.8,-0.0
936,2013-03-30 12:00:00,0.0,0.6652553081512451,0.7712436318397522,1.419,0.0,0.175,0.8,-0.0
937,2013-03-30 12:30:00,0.7468768358230591,0.0,0.7746920585632324,1.475,0.0,0.152,0.8,-0.0
938,2013-03-30 13:00:00,0.7880740165710449,0.0,0.7940752506256104,1.5630000000000002,0.0,0.045,0.8,-0.0
939,2013-03-30 13:30:00,0.7904102802276611,0.0,0.7730408310890198,1.581,0.0,0.232,0.8,-0.0
940,2013-03-30 14:00:00,0.7901185154914856,0.0130642494186759,0.7659794688224792,1.55,0.0,0.3,0.8,-0.0
941,2013-03-30 14:30:00,0.7840187549591064,0.012124281376600266,0.7673444747924805,1.444,0.0,0.207,0.8,-0.0
942,2013-03-30 15:00:00,0.800000011920929,0.03519173339009285,0.7798708081245422,1.294,0.0,0.233,0.8,-0.0
943,2013-03-30 15:30:00,0.2764921486377716,0.16880351305007935,0.7525755763053894,1.338,0.0,0.215,0.8,-0.0
944,2013-03-30 16:00:00,0.6628569960594177,0.1136656403541565,0.7511399984359741,1.2,0.0,0.111,0.8,-0.0
945,2013-03-30 16:30:00,0.0,0.48552975058555603,0.800000011920929,1.019,0.0,0.113,0.8,-0.0
946,2013-03-30 17:00:00,0.26458340883255005,0.5495470762252808,0.7811883091926575,0.6559999999999999,0.0,0.139,0.5028695149421691,-0.0
947,2013-03-30 17:30:00,0.18566086888313293,0.14383092522621155,0.777766227722168,0.231,0.0,0.058,0.8,-0.0
948,2013-03-30 18:00:00,0.07792693376541138,0.07840479165315628,0.6578008532524109,0.194,0.0,0.066,0.7716682745814323,-0.0
949,2013-03-30 18:30:00,0.10260281711816788,0.08972702920436859,0.6008895635604858,0.038,0.0,0.349,0.38960469621419924,-0.0
950,2013-03-30 19:00:00,0.3789263367652893,0.056247204542160034,0.6035663485527039,0.006,0.0,0.173,0.37431914401054384,-0.0
951,2013-03-30 19:30:00,0.3658291697502136,0.029592784121632576,0.5099391937255859,0.0,0.0,0.344,0.1363464096039534,-0.0
952,2013-03-30 20:00:00,0.6513991951942444,0.7917119860649109,0.6200665235519409,0.0,0.0,0.255,0.8,-0.0
953,2013-03-30 20:30:00,0.3575650453567505,0.12754468619823456,0.7427523136138916,0.0,0.0,0.219,0.4534553138017655,-0.0
954,2013-03-30 21:00:00,0.6107192039489746,0.0004675537347793579,0.5920107960700989,0.0,0.0,0.179,0.4125432423353195,-0.0
955,2013-03-30 21:30:00,0.3320145606994629,0.0,0.6389857530593872,0.0,0.0,0.366,0.2729857530593872,-0.0
956,2013-03-30 22:00:00,0.346154123544693,0.7798565626144409,0.6960918307304382,0.0,0.0,0.1,0.8,-0.0
957,2013-03-30 22:30:00,0.009814556688070297,0.33717918395996094,0.792909562587738,0.0,0.0,0.431,0.03182081604003911,-0.0
958,2013-03-30 23:00:00,0.23021253943443298,0.800000011920929,0.800000011920929,0.0,0.0,1.2919999999999998,0.24435836791992216,-0.0
959,2013-03-30 23:30:00,0.03975784406065941,0.03299163281917572,0.17732717096805573,0.0,0.0,0.795,0.10002282977104215,-0.17567940469980242
960,2013-03-31 00:00:00,0.01403742004185915,0.11286553740501404,0.6031005382537842,0.0,0.0,0.175,0.31523500084877015,-0.0
961,2013-03-31 00:30:00,0.4231955409049988,0.35541900992393494,0.5010168552398682,0.0,0.0,0.532,0.16963715553283687,-0.10432858176469804
962,2013-03-31 01:00:00,0.2231198251247406,0.7827824354171753,0.7846967577934265,0.0,1.081,0.28300000000000003,0.01530324220657353,-0.027367196946144055
963,2013-03-31 01:30:00,0.5721802115440369,0.7652816772460938,0.6961292028427124,0.0,1.25,0.104,0.08445571660995488,-0.15999524744033813
964,2013-03-31 02:00:00,0.0,0.0,0.7394176721572876,0.0,1.038,0.025,0.0,-0.03660823278427124
965,2013-03-31 02:30:00,0.29397135972976685,0.6051169633865356,0.800000011920929,0.0,0.0,0.132,0.0628830485343933,-0.0
966,2013-03-31 03:00:00,0.2596774697303772,0.7912872433662415,0.800000011920929,0.0,1.188,0.14300000000000002,0.15194667148590102,-0.0
967,2013-03-31 03:30:00,0.281139075756073,0.800000011920929,0.5189151763916016,0.0,0.0,0.782,0.5141066451072691,-0.0
968,2013-03-31 04:00:00,0.0678391233086586,0.055090561509132385,0.800000011920929,0.0,0.0,0.634,0.11090945041179656,-0.0
969,2013-03-31 04:30:00,0.32024073600769043,0.800000011920929,0.5629312992095947,0.0,0.394,0.063,0.8,-0.0
970,2013-03-31 05:00:00,0.039126139134168625,0.3458710014820099,0.41745972633361816,0.0,0.563,0.207,0.3825402736663819,-0.10503112751483917
971,2013-03-31 05:30:00,0.692355751991272,0.10205820202827454,0.6425087451934814,0.0,0.0,1.368,0.0,-0.22343835334539416
972,2013-03-31 06:00:00,0.04064745083451271,0.14467720687389374,0.7883131504058838,0.0,0.0,1.3,0.0,-0.1772182952463627
973,2013-03-31 06:30:00,0.013223747722804546,0.03376169875264168,0.7327070832252502,0.0,0.0,0.028,0.6709453844726085,-0.0
974,2013-03-31 07:00:00,0.5502594709396362,0.03128770738840103,0.7045282125473022,0.0,0.0,0.121,0.5522405051589012,-0.0
975,2013-03-31 07:30:00,0.46001797914505005,0.0,0.7662586569786072,0.0,0.0,0.069,0.6972586569786072,-0.0
976,2013-03-31 08:00:00,0.5573025941848755,0.0,0.800000011920929,0.013,0.0,0.157,0.6430000119209289,-0.0
977,2013-03-31 08:30:00,0.478091299533844,0.003849247470498085,0.800000011920929,0.031,0.0,0.175,0.6211507644504308,-0.0
978,2013-03-31 09:00:00,0.4247330129146576,0.0053700730204582214,0.800000011920929,0.044,0.0,0.411,0.38362993890047076,-0.0
979,2013-03-31 09:30:00,0.25637906789779663,0.0,0.7868742346763611,0.125,0.0,0.141,0.6458742346763611,-0.0
980,2013-03-31 10:00:00,0.3925551772117615,0.05271434411406517,0.800000011920929,0.219,0.0,0.058,0.8,-0.0
981,2013-03-31 10:30:00,0.04739515483379364,0.018283281475305557,0.664654552936554,0.463,0.0,0.526,0.6713215636909009,-0.0
982,2013-03-31 11:00:00,0.4305313229560852,0.3878589868545532,0.800000011920929,0.6940000000000001,0.0,0.116,0.8,-0.0
983,2013-03-31 11:30:00,0.0,0.18029148876667023,0.800000011920929,0.506,0.0,0.153,0.8,-0.0
984,2013-03-31 12:00:00,0.0,0.03596100956201553,0.5306658744812012,0.713,0.0,0.373,0.8,-0.0
985,2013-03-31 12:30:00,0.4416271448135376,0.4140141010284424,0.800000011920929,0.725,0.0,0.108,0.5613587660789491,-0.0
986,2013-03-31 13:00:00,0.1810464709997177,0.11632762849330902,0.800000011920929,0.638,0.0,0.268,0.8,-0.0
987,2013-03-31 13:30:00,0.1777169406414032,0.22935830056667328,0.7508783936500549,0.838,0.0,0.26,0.8,-0.0
988,2013-03-31 14:00:00,0.0,0.48467034101486206,0.800000011920929,0.763,0.0,0.131,0.8,-0.0
989,2013-03-31 14:30:00,0.0,0.28895261883735657,0.800000011920929,0.769,0.0,0.29100000000000004,0.8,-0.0
990,2013-03-31 15:00:00,0.0,0.4370870292186737,0.800000011920929,0.813,0.0,0.684,0.49191298270225514,-0.0
991,2013-03-31 15:30:00,0.0,0.3884853720664978,0.800000011920929,0.85,0.0,0.473,0.8,-0.0
992,2013-03-31 16:00:00,0.0,0.5078345537185669,0.800000011920929,0.7879999999999999,0.0,0.271,0.8,-0.0
993,2013-03-31 16:30:00,0.0,0.4856325089931488,0.800000011920929,0.638,0.0,0.084,0.8,-0.0
994,2013-03-31 17:00:00,0.0,0.14837174117565155,0.7910329699516296,0.469,0.0,0.179,0.8,-0.0
995,2013-03-31 17:30:00,0.0,0.053109608590602875,0.4171508848667145,0.338,0.0,0.174,0.8,-0.0
996,2013-03-31 18:00:00,0.1000300869345665,0.08341746777296066,0.5986638069152832,0.1,0.0,0.17600000000000002,0.5405825322270393,-0.0
997,2013-03-31 18:30:00,0.4600159525871277,0.07643834501504898,0.7217200994491577,0.019,0.0,0.34,0.3052817544341087,-0.0
998,2013-03-31 19:00:00,0.3342150151729584,0.7102617621421814,0.6423482894897461,0.0,0.0,0.241,0.8,-0.0
999,2013-03-31 19:30:00,0.0,0.01795392483472824,0.800000011920929,0.0,0.0,0.5,0.2820460870862007,-0.0
1000,2013-03-31 20:00:00,0.2890241742134094,0.7754851579666138,0.7142379879951477,0.0,0.0,0.262,0.7984226678609849,-0.0
1001,2013-03-31 20:30:00,0.0,0.026519134640693665,0.7914050221443176,0.0,0.0,0.21600000000000005,0.5606355296373365,-0.0
1002,2013-03-31 21:00:00,0.43517106771469116,0.02429453283548355,0.7805536389350891,0.0,0.0,0.188,0.5682591060996056,-0.0
1003,2013-03-31 21:30:00,0.47983232140541077,0.033795639872550964,0.7948077917098999,0.0,0.0,0.263,0.4980121518373489,-0.0
1004,2013-03-31 22:00:00,0.4388473629951477,0.001244857907295227,0.7745544910430908,0.0,0.0,0.14,0.6333096331357956,-0.0
1005,2013-03-31 22:30:00,0.5637668371200562,0.0,0.800000011920929,0.0,0.0,0.244,0.556000011920929,-0.0
1006,2013-03-31 23:00:00,0.46256110072135925,0.0,0.800000011920929,0.0,0.0,0.7709999999999999,0.029000011920929047,-0.0
1007,2013-03-31 23:30:00,0.10919354856014252,0.12920619547367096,0.4035416841506958,0.0,0.0,0.593,0.0,-0.08603941805720329
1008,2013-04-15 00:00:00,0.0,0.13898004591464996,0.800000011920929,0.0,1.106,0.102,0.0,-0.07203800339937211
1009,2013-04-15 00:30:00,0.17094126343727112,0.0,0.800000011920929,0.0,1.263,0.105,0.0,-0.0746499988079071
1010,2013-04-15 01:00:00,0.12257055193185806,0.0,0.800000011920929,0.0,0.431,0.043,0.326000011920929,-0.0
1011,2013-04-15 01:30:00,0.48748713731765747,0.6877801418304443,0.800000011920929,0.0,0.425,0.105,0.5302198462486267,-0.0
1012,2013-04-15 02:00:00,0.0,0.45672911405563354,0.5147742629051208,0.0,0.7190000000000001,0.043,0.2852257370948792,-0.023749454364776615
1013,2013-04-15 02:30:00,0.3246156573295593,0.6441121101379395,0.2958104908466339,0.0,0.0,0.102,0.8,-0.0
1014,2013-04-15 03:00:00,0.10021978616714478,0.20270447432994843,0.7518525123596191,0.0,0.0,0.041,0.5562955256700516,-0.0
1015,2013-04-15 03:30:00,0.5947410464286804,0.2315259873867035,0.4863593876361847,0.0,0.544,0.787,0.3014621254205704,-0.2414066599750519
1016,2013-04-15 04:00:00,0.5132834315299988,0.800000011920929,0.4915100634098053,0.0,0.438,0.037000000000000005,0.5220757372379303,-0.0
1017,2013-04-15 04:30:00,0.03769749030470848,0.5089502930641174,0.5195376873016357,0.0,0.0,0.11,0.7368982324600221,-0.0
1018,2013-04-15 05:00:00,0.013064062222838402,0.35849428176879883,0.7694510221481323,0.0,0.0,0.028,0.5397092533111572,-0.0
1019,2013-04-15 05:30:00,0.1707461178302765,0.4229140281677246,0.6213159561157227,0.0,0.0,0.7809999999999999,0.1786840438842774,-0.016744476242065345
1020,2013-04-15 06:00:00,0.0,0.800000011920929,0.4330664873123169,0.0,0.0,0.028,0.8,-0.0
1021,2013-04-15 06:30:00,0.0,0.3233962953090668,0.7896443009376526,0.0,0.0,0.108,0.3686037046909333,-0.0
1022,2013-04-15 07:00:00,0.44099336862564087,0.7558985352516174,0.7953013777732849,0.025,0.0,0.029,0.8,-0.0
1023,2013-04-15 07:30:00,0.0,0.3638615012168884,0.5606870651245117,0.08800000000000001,0.0,0.627,0.23931293487548833,-0.09238709774494172
1024,2013-04-15 08:00:00,0.4035731852054596,0.6973803043365479,0.7031683921813965,0.156,0.0,0.441,0.47099382591247546,-0.0
1025,2013-04-15 08:30:00,0.4854087233543396,0.4108826816082001,0.6118628978729248,0.28800000000000003,0.0,0.203,0.26812966656684895,-0.0
1026,2013-04-15 09:00:00,0.5207464694976807,0.39748984575271606,0.5858569145202637,0.363,0.0,0.035,0.7052508211135863,-0.0
1027,2013-04-15 09:30:00,0.04072907194495201,0.10231398046016693,0.4598880708217621,0.463,0.0,0.177,0.8,-0.0
1028,2013-04-15 10:00:00,0.15633851289749146,0.1102854311466217,0.47758948802948,0.481,0.0,0.11,0.8,-0.0
1029,2013-04-15 10:30:00,0.0,0.05411696806550026,0.31180670857429504,0.431,0.0,0.4,0.7768830319344998,-0.0
1030,2013-04-15 11:00:00,0.4707547724246979,0.2547436058521271,0.6358128786087036,0.594,0.0,0.212,0.5027355578541756,-0.0
1031,2013-04-15 11:30:00,0.0050039999186992645,0.2683264911174774,0.6616427898406982,1.281,0.0,0.484,0.8,-0.0
1032,2013-04-15 12:00:00,0.1719905585050583,0.23822470009326935,0.7720608711242676,1.281,0.0,0.127,0.8,-0.0
1033,2013-04-15 12:30:00,0.5801262259483337,0.2693761885166168,0.7765233516693115,1.3,0.0,0.16699999999999998,0.8,-0.0
1034,2013-04-15 13:00:00,0.6530519723892212,0.2073303908109665,0.7926002740859985,1.088,0.0,0.328,0.6996176367998124,-0.0
1035,2013-04-15 13:30:00,0.02981838956475258,0.5099557638168335,0.7859913110733032,0.8059999999999999,0.0,0.047,0.8,-0.0
1036,2013-04-15 14:00:00,0.007632727734744549,0.4618128538131714,0.7850714325904846,1.138,0.0,0.342,0.8,-0.0
1037,2013-04-15 14:30:00,0.0728139579296112,0.477645605802536,0.800000011920929,1.188,0.0,0.276,0.8,-0.0
1038,2013-04-15 15:00:00,0.39419320225715637,0.22992226481437683,0.7990962266921997,1.0,0.0,0.394,0.7818845329284668,-0.0
1039,2013-04-15 15:30:00,0.0,0.7053017020225525,0.800000011920929,0.856,0.0,0.365,0.6219292440414429,-0.0
1040,2013-04-15 16:00:00,0.2403118759393692,0.1991344392299652,0.800000011920929,0.6,0.0,0.401,0.8,-0.0
1041,2013-04-15 16:30:00,0.0,0.3825722336769104,0.7185832262039185,0.106,0.0,0.297,0.22642776632308964,-0.0
1042,2013-04-15 17:00:00,0.4261310398578644,0.7738766074180603,0.7889459133148193,0.05,0.0,0.108,0.8,-0.0
1043,2013-04-15 17:30:00,0.002820587018504739,0.2793416380882263,0.7334056496620178,0.006,0.0,0.158,0.36583777489326896,-0.0
1044,2013-04-15 18:00:00,0.36399710178375244,0.7508621215820312,0.800000011920929,0.0,0.0,0.13,0.78746234055236,-0.0
1045,2013-04-15 18:30:00,0.0,0.4027729034423828,0.800000011920929,0.0,0.0,0.246,0.1763024273738263,-0.0
1046,2013-04-15 19:00:00,0.2288898527622223,0.793053388595581,0.800000011920929,0.0,0.0,0.13699999999999998,0.8,-0.0
1047,2013-04-15 19:30:00,0.004310898948460817,0.26905858516693115,0.800000011920929,0.0,0.0,0.153,0.3779414267539978,-0.0
1048,2013-04-15 20:00:00,0.3965977728366852,0.7133964896202087,0.800000011920929,0.0,0.0,0.107,0.8,-0.0
1049,2013-04-15 20:30:00,0.0,0.3763350546360016,0.800000011920929,0.0,0.0,0.231,0.19266495728492736,-0.0
1050,2013-04-15 21:00:00,0.22495931386947632,0.800000011920929,0.800000011920929,0.0,0.0,0.218,0.8,-0.0
1051,2013-04-15 21:30:00,0.0,0.1595262736082077,0.800000011920929,0.0,0.0,0.232,0.40847373831272127,-0.0
1052,2013-04-15 22:00:00,0.4608239531517029,0.16734173893928528,0.5832570791244507,0.0,0.0,0.13,0.2859153401851654,-0.0
1053,2013-04-15 22:30:00,0.3109360635280609,0.7719695568084717,0.5828356146812439,0.0,0.0,0.079,0.8,-0.0
1054,2013-04-15 23:00:00,0.0,0.39690738916397095,0.7929072976112366,0.0,0.0,0.102,0.3010926108360291,-0.0
1055,2013-04-15 23:30:00,0.37089022994041443,0.7940916419029236,0.7745275497436523,0.0,0.0,0.73,0.2737231364250182,-0.0
1056,2013-04-16 00:00:00,0.00808186735957861,0.800000011920929,0.655914306640625,0.0,1.1,0.104,0.14408569335937504,-0.04723319781303402
1057,2013-04-16 00:30:00,0.139248788356781,0.800000011920929,0.16669562458992004,0.0,1.275,0.044,0.63330437541008,-0.07152757740497588
1058,2013-04-16 01:00:00,0.003627725411206484,0.0,0.7936891317367554,0.0,0.6940000000000001,0.109,0.0,-0.0025139344310760666
1059,2013-04-16 01:30:00,0.12104479968547821,0.04451566934585571,0.7943563461303711,0.0,0.0,0.036000000000000004,0.7138406767845153,-0.0
1060,2013-04-16 02:00:00,0.48297280073165894,0.028528200462460518,0.6561069488525391,0.0,1.131,0.113,0.0862619283944368,-0.08085212516099216
1061,2013-04-16 02:30:00,0.15166990458965302,0.026105143129825592,0.7712787985801697,0.0,0.0,0.033,0.7121736554503441,-0.0
1062,2013-04-16 03:00:00,0.5244846343994141,0.023703619837760925,0.7119138240814209,0.0,0.0,0.116,0.5961736554503441,-0.0
1063,2013-04-16 03:30:00,0.529019832611084,0.0018331408500671387,0.791469395160675,0.0,0.0,0.7140000000000001,0.07563625431060783,-0.0
1064,2013-04-16 04:00:00,0.1607484221458435,0.12654893100261688,0.4109713137149811,0.0,0.8809999999999999,0.116,0.0,-0.09097776172876357
1065,2013-04-16 04:30:00,0.2456417977809906,0.017644524574279785,0.800000011920929,0.0,0.081,0.029,0.6723554873466492,-0.0
1066,2013-04-16 05:00:00,0.5477870106697083,0.07012759894132614,0.584480345249176,0.0,0.0,0.115,0.5573554873466492,-0.0
1067,2013-04-16 05:30:00,0.6160560250282288,0.07285977154970169,0.5903984904289246,0.0,0.0,1.372,0.03981676846742632,-0.23070454590260986
1068,2013-04-16 06:00:00,0.0,0.10236864537000656,0.800000011920929,0.0,0.0,0.5379999999999999,0.15963136655092247,-0.0
1069,2013-04-16 06:30:00,0.4197629690170288,0.7676698565483093,0.694647490978241,0.0,0.0,0.247,0.8,-0.0
1070,2013-04-16 07:00:00,0.3569464087486267,0.035926222801208496,0.800000011920929,0.0,0.0,0.112,0.6520737891197205,-0.0
1071,2013-04-16 07:30:00,0.5798841118812561,0.0,0.800000011920929,0.0,0.0,0.159,0.6410000119209289,-0.0
1072,2013-04-16 08:00:00,0.5531339645385742,0.013398039154708385,0.800000011920929,0.0,0.0,0.442,0.34460197276622057,-0.0
1073,2013-04-16 08:30:00,0.35112664103507996,0.09604816138744354,0.7612427473068237,0.0,0.0,0.14800000000000002,0.5171945859193802,-0.0
1074,2013-04-16 09:00:00,0.7212203145027161,0.07385797053575516,0.5333596467971802,0.0,0.0,0.149,0.36819458591938015,-0.0
1075,2013-04-16 09:30:00,0.5210981965065002,0.04878006502985954,0.5179964900016785,0.0,0.0,0.118,0.35121642497181893,-0.0
1076,2013-04-16 10:00:00,0.4197750687599182,0.03601476922631264,0.5108417868614197,0.0,0.0,0.061,0.41382701763510704,-0.0
1077,2013-04-16 10:30:00,0.43023326992988586,0.0,0.5228716731071472,0.0,0.0,0.188,0.3348716731071472,-0.0
1078,2013-04-16 11:00:00,0.26888585090637207,0.0,0.5878610610961914,0.0,0.0,0.189,0.3988610610961914,-0.0
1079,2013-04-16 11:30:00,0.2887359857559204,0.0,0.5986927151679993,0.0,0.0,0.229,0.3696927151679993,-0.0
1080,2013-04-16 12:00:00,0.275195837020874,0.0,0.6083551049232483,0.0,0.0,0.032,0.5763551049232483,-0.0
1081,2013-04-16 12:30:00,0.5352585315704346,0.0,0.6510090231895447,0.581,0.0,0.113,0.8,-0.0
1082,2013-04-16 13:00:00,0.0,0.0,0.716772198677063,0.6809999999999999,0.0,0.046,0.8,-0.0
1083,2013-04-16 13:30:00,0.0,0.0,0.7687602639198303,0.856,0.0,0.311,0.8,-0.0
1084,2013-04-16 14:00:00,0.0056865462101995945,0.38214752078056335,0.7659441232681274,0.7440000000000001,0.0,0.17,0.8,-0.0
1085,2013-04-16 14:30:00,0.0,0.315172404050827,0.7970591187477112,0.8190000000000001,0.0,0.046,0.8,-0.0
1086,2013-04-16 15:00:00,0.0,0.4922465980052948,0.7875319123268127,0.494,0.0,0.14300000000000002,0.6587534019947052,-0.0
1087,2013-04-16 15:30:00,0.0,0.19812986254692078,0.38115394115448,0.263,0.0,0.174,0.8,-0.0
1088,2013-04-16 16:00:00,0.08339592069387436,0.01082460954785347,0.6999910473823547,0.138,0.0,0.294,0.5497794697582723,-0.0
1089,2013-04-16 16:30:00,0.3343382477760315,0.0647655576467514,0.7708414196968079,0.063,0.0,0.188,0.5180758620500565,-0.0
1090,2013-04-16 17:00:00,0.47598740458488464,0.009819505736231804,0.750364363193512,0.05,0.0,0.157,0.5835448574572801,-0.0
1091,2013-04-16 17:30:00,0.3846881687641144,0.0,0.800000011920929,0.006,0.0,0.052000000000000005,0.7480000119209289,-0.0
1092,2013-04-16 18:00:00,0.513160228729248,0.0,0.7985050082206726,0.0,0.0,0.23,0.5685050082206726,-0.0
1093,2013-04-16 18:30:00,0.39926329255104065,0.0,0.800000011920929,0.0,0.0,0.345,0.455000011920929,-0.0
1094,2013-04-16 19:00:00,0.28959256410598755,0.0,0.7473212480545044,0.0,0.0,0.526,0.22132124805450437,-0.0
1095,2013-04-16 19:30:00,0.2911888062953949,0.7936766743659973,0.7169627547264099,0.0,0.0,0.285,0.8,-0.0
1096,2013-04-16 20:00:00,0.0,0.05783328413963318,0.7779948115348816,0.0,0.0,0.196,0.5461667158603669,-0.0
1097,2013-04-16 20:30:00,0.38793110847473145,0.0416632741689682,0.7618116736412048,0.0,0.0,0.248,0.47214839947223664,-0.0
1098,2013-04-16 21:00:00,0.30325981974601746,0.0162674468010664,0.6925362944602966,0.0,0.0,0.206,0.47026884765923027,-0.0
1099,2013-04-16 21:30:00,0.2926505208015442,0.025081859901547432,0.6392624974250793,0.0,0.0,0.17800000000000002,0.43618063752353187,-0.0
1100,2013-04-16 22:00:00,0.24372796714305878,0.03722655400633812,0.5414546728134155,0.0,0.0,0.112,0.3922281188070774,-0.0
1101,2013-04-16 22:30:00,0.2250857949256897,0.0117013119161129,0.47151777148246765,0.0,0.0,0.071,0.38881645956635474,-0.0
1102,2013-04-16 23:00:00,0.13169611990451813,0.0,0.514645516872406,0.0,0.0,0.105,0.409645516872406,-0.0
1103,2013-04-16 23:30:00,0.15983760356903076,0.0,0.5088093280792236,0.0,0.0,0.7140000000000001,0.0,-0.05540148141860964
1104,2013-04-17 00:00:00,0.0,0.04659208282828331,0.5015034079551697,0.0,1.088,0.042,0.0,-0.07464886748731138
1105,2013-04-17 00:30:00,0.4864244759082794,0.0,0.7706987857818604,0.0,1.263,0.031,0.0,-0.05760012142181396
1106,2013-04-17 01:00:00,0.073239266872406,0.0,0.7616686820983887,0.0,1.263,0.162,0.0,-0.09387313179016113
1107,2013-04-17 01:30:00,0.037410128861665726,0.0,0.7717536091804504,0.0,0.975,0.146,0.0,-0.05974463908195495
1108,2013-04-17 02:00:00,0.4389284551143646,0.014912381768226624,0.7687737941741943,0.0,0.094,0.139,0.5208614124059677,-0.0
1109,2013-04-17 02:30:00,0.6054244041442871,0.10648319870233536,0.4366540312767029,0.0,1.15,0.032,0.1906905798316002,-0.09062291674256324
1110,2013-04-17 03:00:00,0.41370606422424316,0.01668928936123848,0.7914934754371643,0.0,0.0,0.112,0.6628041860759258,-0.0
1111,2013-04-17 03:30:00,0.5128394365310669,0.0188375823199749,0.7807185053825378,0.0,0.0,0.711,0.05088092306256298,-0.0
1112,2013-04-17 04:00:00,0.16937796771526337,0.22343508899211884,0.4022897779941559,0.0,0.963,0.106,0.0,-0.1070345310997963
1113,2013-04-17 04:30:00,0.1596788465976715,0.0,0.800000011920929,0.0,0.0,0.028,0.7720000119209289,-0.0
1114,2013-04-17 05:00:00,0.5175879597663879,0.0,0.7571114897727966,0.0,0.0,0.105,0.667000011920929,-0.0
1115,2013-04-17 05:30:00,0.5534923076629639,0.0,0.7686504125595093,0.0,0.0,0.698,0.07065041255950932,-0.0
1116,2013-04-17 06:00:00,0.17951108515262604,0.17985892295837402,0.3849477171897888,0.0,0.0,0.1,0.10508879423141479,-0.0
1117,2013-04-17 06:30:00,0.4925115406513214,0.7524784207344055,0.6221545338630676,0.0,0.0,0.028,0.8,-0.0
1118,2013-04-17 07:00:00,0.5242438316345215,0.0,0.7074404954910278,0.006,0.0,0.103,0.6970000000000001,-0.0
1119,2013-04-17 07:30:00,0.6250616908073425,0.0,0.7940304279327393,0.031,0.0,0.245,0.5490304279327393,-0.0
1120,2013-04-17 08:00:00,0.4279727637767792,0.0,0.7720082402229309,0.044,0.0,0.644,0.1280082402229309,-0.0
1121,2013-04-17 08:30:00,0.3197872042655945,0.7816432118415833,0.5671395659446716,0.2,0.0,0.304,0.6583403077125549,-0.0
1122,2013-04-17 09:00:00,0.4914863109588623,0.17802207171916962,0.5600414276123047,0.419,0.0,0.13,0.6336376205682756,-0.0
1123,2013-04-17 09:30:00,0.09172435104846954,0.07643469423055649,0.6748381853103638,0.5379999999999999,0.0,0.058,0.8,-0.0
1124,2013-04-17 10:00:00,0.01498620118945837,0.0,0.7184332609176636,0.7440000000000001,0.0,0.35100000000000003,0.8,-0.0
1125,2013-04-17 10:30:00,0.30960243940353394,0.4097737967967987,0.7450886964797974,0.9,0.0,0.102,0.8,-0.0
1126,2013-04-17 11:00:00,0.0,0.6671759486198425,0.7739690542221069,0.938,0.0,0.122,0.8,-0.0
1127,2013-04-17 11:30:00,0.44929754734039307,0.3899458944797516,0.7707173824310303,1.081,0.0,0.362,0.6797565581798554,-0.0
1128,2013-04-17 12:00:00,0.015626655891537666,0.6230388879776001,0.7700929045677185,0.638,0.0,0.21600000000000005,0.7925680279880762,-0.0
1129,2013-04-17 12:30:00,0.02747831866145134,0.2913525402545929,0.7254770994186401,1.444,0.0,0.233,0.8,-0.0
1130,2013-04-17 13:00:00,0.7852410078048706,0.3061528205871582,0.7571468353271484,1.556,0.0,0.189,0.8,-0.0
1131,2013-04-17 13:30:00,0.800000011920929,0.03671508654952049,0.7847516536712646,1.3130000000000002,0.0,0.036000000000000004,0.8,-0.0
1132,2013-04-17 14:00:00,0.2943011224269867,0.5616929531097412,0.7643387317657471,0.494,0.0,0.179,0.25900592446327214,-0.0
1133,2013-04-17 14:30:00,0.39779382944107056,0.01383151300251484,0.6465393304824829,0.731,0.0,0.109,0.8,-0.0
1134,2013-04-17 15:00:00,0.023333631455898285,0.13946588337421417,0.7269405722618103,0.269,0.0,0.155,0.7512004851698876,-0.0
1135,2013-04-17 15:30:00,0.09072637557983398,0.03051615133881569,0.5358350276947021,0.463,0.0,0.081,0.8,-0.0
1136,2013-04-17 16:00:00,0.06480317562818527,0.0,0.638990581035614,0.4,0.0,0.109,0.8,-0.0
1137,2013-04-17 16:30:00,0.1178315281867981,0.0,0.6740013360977173,0.131,0.0,0.191,0.6221684718132019,-0.0
1138,2013-04-17 17:00:00,0.4912748336791992,0.028791362419724464,0.7351153492927551,0.05,0.0,0.161,0.5453239868730306,-0.0
1139,2013-04-17 17:30:00,0.4632030725479126,0.0,0.7199136018753052,0.006,0.0,0.155,0.5649136018753051,-0.0
1140,2013-04-17 18:00:00,0.4887745976448059,0.0,0.7592670917510986,0.0,0.0,0.21,0.5492670917510987,-0.0
1141,2013-04-17 18:30:00,0.4656732976436615,0.010794850066304207,0.7698411345481873,0.0,0.0,0.093,0.6660462844818831,-0.0
1142,2013-04-17 19:00:00,0.6212291121482849,0.020873554050922394,0.7325323224067688,0.0,0.0,0.118,0.5936587683558464,-0.0
1143,2013-04-17 19:30:00,0.5603691935539246,0.03343401104211807,0.7295055985450745,0.0,0.0,0.196,0.5000715875029564,-0.0
1144,2013-04-17 20:00:00,0.4609759449958801,0.030021224170923233,0.6711336374282837,0.0,0.0,0.191,0.45011241325736046,-0.0
1145,2013-04-17 20:30:00,0.4019567370414734,0.04823573678731918,0.5197870135307312,0.0,0.0,0.27,0.201551276743412,-0.0
1146,2013-04-17 21:00:00,0.385140597820282,0.800000011920929,0.5281857848167419,0.0,0.0,0.175,0.8,-0.0
1147,2013-04-17 21:30:00,0.01594027318060398,0.1553461104631424,0.7568801641464233,0.0,0.0,0.259,0.38565388953685764,-0.0
1148,2013-04-17 22:00:00,0.3711656928062439,0.2452557384967804,0.5380026698112488,0.0,0.0,0.172,0.21365388953685766,-0.0
1149,2013-04-17 22:30:00,0.3446365296840668,0.800000011920929,0.7301439642906189,0.0,0.0,0.19,0.8,-0.0
1150,2013-04-17 23:00:00,0.039909228682518005,0.12029606848955154,0.7581937313079834,0.0,0.0,0.037000000000000005,0.6427039315104485,-0.0
1151,2013-04-17 23:30:00,0.5666589736938477,0.10333780944347382,0.5078136920928955,0.0,0.0,0.79,0.23822804886102678,-0.10409151168465616
1152,2013-04-18 00:00:00,0.3091469705104828,0.800000011920929,0.7117713689804077,0.0,1.081,0.06,0.08822863101959233,-0.020768474066257488
1153,2013-04-18 00:30:00,0.37181639671325684,0.800000011920929,0.4064728021621704,0.0,1.263,0.105,0.39352719783782963,-0.051648447179794305
1154,2013-04-18 01:00:00,0.0051319836638867855,0.41808658838272095,0.0,0.0,1.263,0.052000000000000005,0.8,-0.100854098405838
1155,2013-04-18 01:30:00,0.049752701073884964,0.0,0.7512479424476624,0.0,0.494,0.319,0.04875205755233769,-0.016673055539131166
1156,2013-04-18 02:00:00,0.3514477014541626,0.800000011920929,0.7529636025428772,0.0,0.556,0.544,0.4024958729743957,-0.0
1157,2013-04-18 02:30:00,0.3484996557235718,0.800000011920929,0.7163723707199097,0.0,0.6629999999999999,0.57,0.08362762928009038,-0.1408372345304488
1158,2013-04-18 03:00:00,0.44664129614830017,0.03511977568268776,0.5782563090324402,0.0,0.0,0.5489999999999999,0.0,-0.0015831359955668267
1159,2013-04-18 03:30:00,0.007336454465985298,0.07685501873493195,0.3834938704967499,0.0,0.031,0.956,0.0,-0.18369751002430917
1160,2013-04-18 04:00:00,0.024725567549467087,0.08989505469799042,0.7022167444229126,0.0,0.975,0.303,0.0,-0.1180778310275078
1161,2013-04-18 04:30:00,0.7627193927764893,0.02835802733898163,0.7741245627403259,0.0,0.0,0.07,0.6757665354013442,-0.0
1162,2013-04-18 05:00:00,0.5983778834342957,0.02818119153380394,0.7861264944076538,0.0,0.0,0.083,0.6749453028738499,-0.0
1163,2013-04-18 05:30:00,0.5986832976341248,0.01739554852247238,0.800000011920929,0.0,0.0,0.73,0.05260446339845659,-0.0
1164,2013-04-18 06:00:00,0.149442657828331,0.2092023640871048,0.3936416804790497,0.0,0.0,0.091,0.09343931639194489,-0.0
1165,2013-04-18 06:30:00,0.28092092275619507,0.800000011920929,0.6849012970924377,0.0,0.0,0.056,0.8,-0.0
1166,2013-04-18 07:00:00,0.2659858763217926,0.10139743238687515,0.7615388035774231,0.006,0.0,0.094,0.6046025676131249,-0.0
1167,2013-04-18 07:30:00,0.6442224979400635,0.07346095144748688,0.5911224484443665,0.044,0.0,0.095,0.553602567613125,-0.0
1168,2013-04-18 08:00:00,0.5833545923233032,0.02112606167793274,0.6418299078941345,0.056,0.0,0.202,0.41870384621620177,-0.0
1169,2013-04-18 08:30:00,0.2961474061012268,0.0,0.6548678874969482,0.163,0.0,0.389,0.26586788749694823,-0.0
1170,2013-04-18 09:00:00,0.49764740467071533,0.65333491563797,0.7013192176818848,0.406,0.0,0.076,0.32692930936813364,-0.0
1171,2013-04-18 09:30:00,0.35623955726623535,0.05074581503868103,0.7183994054794312,0.525,0.0,0.076,0.7759293093681336,-0.0
1172,2013-04-18 10:00:00,0.009106277488172054,0.011108558624982834,0.7532840371131897,0.731,0.0,0.078,0.8,-0.0
1173,2013-04-18 10:30:00,0.0,0.01628691703081131,0.7716432213783264,0.8059999999999999,0.0,0.114,0.8,-0.0
1174,2013-04-18 11:00:00,0.0,0.08388964086771011,0.777457058429718,0.769,0.0,0.466,0.8,-0.0
1175,2013-04-18 11:30:00,0.022890113294124603,0.4788588881492615,0.7583941221237183,1.025,0.0,0.6759999999999999,0.6472509985566139,-0.0
1176,2013-04-18 12:00:00,0.0,0.49983853101730347,0.800000011920929,1.206,0.0,1.047,0.7646594837903979,-0.0
1177,2013-04-18 12:30:00,0.229558065533638,0.21917995810508728,0.800000011920929,1.044,0.0,0.214,0.8,-0.0
1178,2013-04-18 13:00:00,0.009377771057188511,0.6599584221839905,0.79213947057724,1.163,0.0,0.194,0.8,-0.0
1179,2013-04-18 13:30:00,0.561023473739624,0.14167407155036926,0.7673096060752869,1.356,0.0,0.277,0.8,-0.0
1180,2013-04-18 14:00:00,0.47611004114151,0.04486529156565666,0.7772243618965149,0.981,0.0,0.13699999999999998,0.8,-0.0
1181,2013-04-18 14:30:00,0.0,0.41351979970932007,0.7909414172172546,0.25,0.0,0.225,0.41148020029068,-0.0
1182,2013-04-18 15:00:00,0.5026336312294006,0.5472888946533203,0.5922165513038635,0.625,0.0,0.242,0.8,-0.0
1183,2013-04-18 15:30:00,0.0,0.4859384298324585,0.7825509905815125,0.825,0.0,0.303,0.8,-0.0
1184,2013-04-18 16:00:00,0.0,0.7281015515327454,0.781056821346283,0.6,0.0,0.239,0.4328984484672548,-0.0
1185,2013-04-18 16:30:00,0.16898420453071594,0.11384057998657227,0.773246169090271,0.263,0.0,0.274,0.4794213845729828,-0.0
1186,2013-04-18 17:00:00,0.28769877552986145,0.14686553180217743,0.7221459150314331,0.056,0.0,0.519,0.05628038322925566,-0.0
1187,2013-04-18 17:30:00,0.5265880823135376,0.7840821743011475,0.6341459155082703,0.013,0.0,0.101,0.8,-0.0
1188,2013-04-18 18:00:00,0.4317459762096405,0.004547439515590668,0.7150455713272095,0.0,0.0,0.361,0.4344525604844094,-0.0
1189,2013-04-18 18:30:00,0.3027082085609436,0.0,0.6566581130027771,0.0,0.0,0.785,0.0,-0.034652309489250195
1190,2013-04-18 19:00:00,0.14471149444580078,0.02245268225669861,0.7314420938491821,0.0,0.0,0.341,0.3679894115924835,-0.0
1191,2013-04-18 19:30:00,0.29620620608329773,0.0,0.5667206048965454,0.0,0.0,0.172,0.3947206048965454,-0.0
1192,2013-04-18 20:00:00,0.17877152562141418,0.0,0.48831528425216675,0.0,0.0,0.255,0.23331528425216674,-0.0
1193,2013-04-18 20:30:00,0.26591214537620544,0.7451210618019104,0.5061009526252747,0.0,0.0,0.214,0.8,-0.0
1194,2013-04-18 21:00:00,0.0,0.0504365898668766,0.7884968519210815,0.0,0.0,0.224,0.5255634101331235,-0.0
1195,2013-04-18 21:30:00,0.4053706228733063,0.0,0.7538841962814331,0.0,0.0,0.226,0.5278841962814331,-0.0
1196,2013-04-18 22:00:00,0.37294337153434753,0.0,0.7433305978775024,0.0,0.0,0.126,0.6173305978775024,-0.0
1197,2013-04-18 22:30:00,0.48903441429138184,0.0,0.7669857144355774,0.0,0.0,0.085,0.6819857144355774,-0.0
1198,2013-04-18 23:00:00,0.5667275190353394,0.001588720828294754,0.7797842621803284,0.0,0.0,0.063,0.7151955413520337,-0.0
1199,2013-04-18 23:30:00,0.5792579650878906,0.006247940473258495,0.7541356682777405,0.0,0.0,0.752,0.0,-0.001110313492789865
1200,2013-04-19 00:00:00,0.1583981066942215,0.060402147471904755,0.773321270942688,0.0,1.075,0.589,0.0,-0.19523808765292167
1201,2013-04-19 00:30:00,0.03368643298745155,0.0,0.7958655953407288,0.0,1.238,0.07400000000000001,0.0,-0.06419344046592712
1202,2013-04-19 01:00:00,0.1647895723581314,0.0,0.800000011920929,0.0,1.256,0.062,0.0,-0.06233999880790711
1203,2013-04-19 01:30:00,0.1586851328611374,0.0,0.800000011920929,0.0,0.256,0.071,0.47300001192092894,-0.0
1204,2013-04-19 02:00:00,0.5109769105911255,0.4495318830013275,0.7102963328361511,0.0,0.6559999999999999,0.065,0.2834680931568147,-0.0
1205,2013-04-19 02:30:00,0.30325767397880554,0.7532064914703369,0.7794000506401062,0.0,0.55,0.065,0.46485732221603365,-0.0
1206,2013-04-19 03:00:00,0.10452207922935486,0.6281754374504089,0.5988112688064575,0.0,0.0,0.075,0.7671099181175238,-0.0
1207,2013-04-19 03:30:00,0.03564166650176048,0.3218444287776947,0.7895585894584656,0.0,0.0,0.731,0.010441410541534468,-0.05332653239965471
1208,2013-04-19 04:00:00,0.022741271182894707,0.0,0.7955124974250793,0.0,0.975,0.079,0.0,-0.03927875025749207
1209,2013-04-19 04:30:00,0.3306541442871094,0.0,0.800000011920929,0.0,0.013,0.05,0.7370000119209289,-0.0
1210,2013-04-19 05:00:00,0.6412220001220703,0.0,0.800000011920929,0.0,0.0,0.08900000000000001,0.711000011920929,-0.0
1211,2013-04-19 05:30:00,0.6497395038604736,0.0,0.800000011920929,0.0,0.0,0.7090000000000001,0.09100001192092888,-0.0
1212,2013-04-19 06:00:00,0.16732722520828247,0.14127925038337708,0.4081289768218994,0.0,0.0,0.096,0.17084972643852234,-0.0
1213,2013-04-19 06:30:00,0.41814810037612915,0.7471050024032593,0.5621904730796814,0.0,0.0,0.03,0.8,-0.0
1214,2013-04-19 07:00:00,0.16445177793502808,0.08915207535028458,0.7619615197181702,0.013,0.0,0.1,0.6108479246497155,-0.0
1215,2013-04-19 07:30:00,0.625129222869873,0.03573179244995117,0.6328155994415283,0.044,0.0,0.092,0.5628479246497156,-0.0
1216,2013-04-19 08:00:00,0.44658854603767395,0.0,0.7411728501319885,0.044,0.0,0.21,0.5311728501319886,-0.0
1217,2013-04-19 08:30:00,0.3684019148349762,0.0,0.7583644390106201,0.16899999999999998,0.0,0.362,0.39636443901062013,-0.0
1218,2013-04-19 09:00:00,0.27301740646362305,0.06474807858467102,0.7250980734825134,0.406,0.0,0.094,0.7083644390106202,-0.0
1219,2013-04-19 09:30:00,0.09341436624526978,0.010854613035917282,0.6586219668388367,0.575,0.0,0.17,0.8,-0.0
1220,2013-04-19 10:00:00,0.18233557045459747,0.0792105421423912,0.6723807454109192,0.763,0.0,0.31,0.8,-0.0
1221,2013-04-19 10:30:00,0.03273626044392586,0.4258788824081421,0.6996738910675049,0.875,0.0,0.355,0.8,-0.0
1222,2013-04-19 11:00:00,0.014108638279139996,0.7065412998199463,0.7852445244789124,0.938,0.0,0.394,0.6233500619009137,-0.0
1223,2013-04-19 11:30:00,0.27123206853866577,0.16187751293182373,0.7858334183692932,1.131,0.0,0.495,0.8,-0.0
1224,2013-04-19 12:00:00,0.015269770286977291,0.6769525408744812,0.7825782895088196,1.231,0.0,0.415,0.8,-0.0
1225,2013-04-19 12:30:00,0.5487738847732544,0.18812832236289978,0.7833288311958313,0.931,0.0,0.799,0.19509779286384588,-0.0
1226,2013-04-19 13:00:00,0.33944210410118103,0.10634571313858032,0.7840973734855652,0.75,0.0,0.603,0.48530955624580385,-0.0
1227,2013-04-19 13:30:00,0.186730295419693,0.5539491176605225,0.777643084526062,0.7,0.0,0.375,0.6402408835887909,-0.0
1228,2013-04-19 14:00:00,0.0,0.6522194743156433,0.779496431350708,0.506,0.0,0.044,0.8,-0.0
1229,2013-04-19 14:30:00,0.004688362590968609,0.16818247735500336,0.456000417470932,0.7440000000000001,0.0,0.999,0.3721291600540283,-0.0
1230,2013-04-19 15:00:00,0.3874385356903076,0.5472749471664429,0.7977508902549744,0.888,0.0,1.528,0.002249109745025679,-0.18794645570442095
1231,2013-04-19 15:30:00,0.26830026507377625,0.800000011920929,0.7913614511489868,0.438,0.0,1.262,0.008638548851013228,-0.011350145380496997
1232,2013-04-19 16:00:00,0.4157165288925171,0.800000011920929,0.577049970626831,0.613,0.0,0.968,0.222950029373169,-0.0654417159318924
1233,2013-04-19 16:30:00,0.2907830774784088,0.7966758608818054,0.7685798406600952,0.269,0.0,1.162,0.03142015933990483,-0.15497894132137302
1234,2013-04-19 17:00:00,0.4640476703643799,0.6287570595741272,0.6368280649185181,0.056,0.0,0.96,0.07934915399551401,-0.25702082855701447
1235,2013-04-19 17:30:00,0.37869754433631897,0.0,0.7676571607589722,0.006,0.0,0.154,0.6136571607589721,-0.0
1236,2013-04-19 18:00:00,0.5656639337539673,0.0,0.7775306701660156,0.0,0.0,0.369,0.40853067016601563,-0.0
1237,2013-04-19 18:30:00,0.38184836506843567,0.0,0.6942759156227112,0.0,0.0,0.779,0.0,-0.02287550278186799
1238,2013-04-19 19:00:00,0.1730988472700119,0.057765014469623566,0.774448573589325,0.0,0.0,0.19,0.5266835591197014,-0.0
1239,2013-04-19 19:30:00,0.47555702924728394,0.02395508624613285,0.7745968699455261,0.0,0.0,0.223,0.5276417836993933,-0.0
1240,2013-04-19 20:00:00,0.4444577395915985,0.0,0.7904453873634338,0.0,0.0,0.247,0.5434453873634338,-0.0
1241,2013-04-19 20:30:00,0.4314497709274292,0.0,0.7897490859031677,0.0,0.0,0.192,0.5977490859031678,-0.0
1242,2013-04-19 21:00:00,0.47386449575424194,0.0,0.7886881828308105,0.0,0.0,0.222,0.5666881828308106,-0.0
1243,2013-04-19 21:30:00,0.43400904536247253,0.0,0.7679117918014526,0.0,0.0,0.053,0.7149117918014526,-0.0
1244,2013-04-19 22:00:00,0.5773358941078186,0.0,0.7642316222190857,0.0,0.0,0.128,0.6362316222190857,-0.0
1245,2013-04-19 22:30:00,0.5724096298217773,0.0,0.7412644028663635,0.0,0.0,0.035,0.7062644028663635,-0.0
1246,2013-04-19 23:00:00,0.5705695152282715,0.0,0.6782003045082092,0.0,0.0,0.342,0.36426440286636347,-0.0
1247,2013-04-19 23:30:00,0.24779671430587769,0.018170785158872604,0.580876886844635,0.0,0.0,1.186,0.0,-0.16828935254484415
1248,2013-04-20 00:00:00,0.0,0.09821566939353943,0.6818817853927612,0.0,1.081,0.121,0.0,-0.08240338840007783
1249,2013-04-20 00:30:00,0.11549602448940277,0.03008146770298481,0.7293673753738403,0.0,1.256,0.518,0.0,-0.19553140923291445
1250,2013-04-20 01:00:00,0.0,0.15126532316207886,0.6042813658714294,0.0,1.25,0.578,0.0,-0.23575839572906496
1251,2013-04-20 01:30:00,0.0,0.5161598920822144,0.408208966255188,0.0,0.138,0.523,0.10795092582702637,-0.16580509258270265
1252,2013-04-20 02:00:00,0.132543683052063,0.21477457880973816,0.7314075231552124,0.0,0.813,0.568,0.0,-0.18299670556545256
1253,2013-04-20 02:30:00,0.271729052066803,0.03829280287027359,0.7484229803085327,0.0,0.413,0.529,0.0,-0.06260485209167004
1254,2013-04-20 03:00:00,0.030413182452321053,0.03585146740078926,0.7737419605255127,0.0,0.0,0.5589999999999999,0.1788904931247235,-0.0
1255,2013-04-20 03:30:00,0.2882651090621948,0.800000011920929,0.7035518884658813,0.0,0.0,1.217,0.0964481115341187,-0.01923185962021354
1256,2013-04-20 04:00:00,0.014720025472342968,0.800000011920929,0.6555690765380859,0.0,0.919,0.248,0.24010376501083375,-0.0
1257,2013-04-20 04:30:00,0.3529259264469147,0.800000011920929,0.7948302030563354,0.0,0.08800000000000001,0.114,0.8,-0.0
1258,2013-04-20 05:00:00,0.0,0.2267383635044098,0.800000011920929,0.0,0.0,0.117,0.45626164841651917,-0.0
1259,2013-04-20 05:30:00,0.604895293712616,0.1948046088218689,0.6291128396987915,0.0,0.0,0.812,0.021953417539596565,-0.10197677766323092
1260,2013-04-20 06:00:00,0.0,0.026320820674300194,0.800000011920929,0.0,0.0,0.062,0.7116791912466287,-0.0
1261,2013-04-20 06:30:00,0.5730778574943542,0.0,0.800000011920929,0.0,0.0,0.07200000000000001,0.7280000119209289,-0.0
1262,2013-04-20 07:00:00,0.6172818541526794,0.0,0.800000011920929,0.0,0.0,0.068,0.7320000119209289,-0.0
1263,2013-04-20 07:30:00,0.6291915774345398,0.0,0.800000011920929,0.0,0.0,0.181,0.6190000119209289,-0.0
1264,2013-04-20 08:00:00,0.5296557545661926,0.0,0.800000011920929,0.0,0.0,0.145,0.6550000119209289,-0.0
1265,2013-04-20 08:30:00,0.6005449891090393,0.0006479974836111069,0.800000011920929,0.0,0.0,0.34700000000000003,0.4523520144373178,-0.0
1266,2013-04-20 09:00:00,0.37937623262405396,0.0,0.7907703518867493,0.0,0.0,0.109,0.6817703518867493,-0.0
1267,2013-04-20 09:30:00,0.6151821613311768,0.0,0.7821946740150452,0.0,0.0,0.084,0.6981946740150452,-0.0
1268,2013-04-20 10:00:00,0.6443883180618286,0.0,0.7783663868904114,0.0,0.0,0.375,0.4033663868904114,-0.0
1269,2013-04-20 10:30:00,0.34398967027664185,0.0,0.7085253596305847,0.0,0.0,0.404,0.3045253596305847,-0.0
1270,2013-04-20 11:00:00,0.3127412497997284,0.6428080201148987,0.6759681701660156,0.0,0.0,0.344,0.8,-0.0
1271,2013-04-20 11:30:00,0.3547914922237396,0.04173373803496361,0.7766228318214417,0.0,0.0,0.31,0.44826626196503644,-0.0
1272,2013-04-20 12:00:00,0.4268181622028351,0.0,0.7070496082305908,0.0,0.0,0.342,0.3650496082305908,-0.0
1273,2013-04-20 12:30:00,0.3047564625740051,0.003970165736973286,0.6151283383369446,0.0,0.0,0.841,0.0,-0.062057293398007744
1274,2013-04-20 13:00:00,0.0,0.029409976676106453,0.5393273830413818,0.0,0.0,0.303,0.2069174063652754,-0.0
1275,2013-04-20 13:30:00,0.2456553876399994,0.7692972421646118,0.5319182872772217,0.0,0.0,0.147,0.8,-0.0
1276,2013-04-20 14:00:00,0.0,0.2347588837146759,0.7626470923423767,0.0,0.0,1.23,0.037352907657623335,-0.18957018367052078
1277,2013-04-20 14:30:00,0.0,0.0,0.7371612787246704,0.0,0.0,1.64,0.0,-0.24376645474433897
1278,2013-04-20 15:00:00,0.03024224191904068,0.03135569393634796,0.752717137336731,0.0,0.0,1.72,0.0,-0.2696324102818966
1279,2013-04-20 15:30:00,0.0463191419839859,0.0,0.741667628288269,0.0,0.0,1.641,0.0,-0.24281974036216739
1280,2013-04-20 16:00:00,0.009163353592157364,0.02254587411880493,0.7547321915626526,0.138,0.0,0.642,0.2190229638516903,-0.0
1281,2013-04-20 16:30:00,0.4196726381778717,0.800000011920929,0.6146448254585266,0.225,0.0,0.069,0.6429540603756907,-0.0
1282,2013-04-20 17:00:00,0.0,0.44694238901138306,0.1915012001991272,0.08800000000000001,0.0,0.112,0.6431494902372357,-0.0
1283,2013-04-20 17:30:00,0.04795288294553757,0.3606504499912262,0.3692464828491211,0.019,0.0,0.053,0.6620505695343026,-0.0
1284,2013-04-20 18:00:00,0.2632114887237549,0.228657528758049,0.5485744476318359,0.0,0.0,0.508,0.33924133217334584,-0.0
1285,2013-04-20 18:30:00,0.19693811237812042,0.800000011920929,0.5815304517745972,0.0,0.0,0.202,0.7195173237323795,-0.0
1286,2013-04-20 19:00:00,0.0,0.3209453225135803,0.7308050990104675,0.0,0.0,0.197,0.44302003002166074,-0.0
1287,2013-04-20 19:30:00,0.39703482389450073,0.6755768656730652,0.7107691168785095,0.0,0.0,0.257,0.5813830742836136,-0.0
1288,2013-04-20 20:00:00,0.2043396383523941,0.4884067177772522,0.5913066864013672,0.0,0.0,0.173,0.5758271336555207,-0.0
1289,2013-04-20 20:30:00,0.2791489362716675,0.37960219383239746,0.6046881079673767,0.0,0.0,0.263,0.6057435388565612,-0.0
1290,2013-04-20 21:00:00,0.5563679337501526,0.20474585890769958,0.6985082626342773,0.0,0.0,0.171,0.8,-0.0
1291,2013-04-20 21:30:00,0.5024589896202087,0.130668044090271,0.7694463729858398,0.0,0.0,0.15,0.519331955909729,-0.0
1292,2013-04-20 22:00:00,0.6532186269760132,0.12697529792785645,0.46014490723609924,0.0,0.0,0.057,0.46233195590972903,-0.0
1293,2013-04-20 22:30:00,0.6145339012145996,0.11046906560659409,0.40559062361717224,0.0,0.0,0.124,0.338331955909729,-0.0
1294,2013-04-20 23:00:00,0.43384358286857605,0.1326145976781845,0.46602824330329895,0.0,0.0,0.032,0.30633195590972895,-0.0
1295,2013-04-20 23:30:00,0.4435359239578247,0.24456460773944855,0.48180752992630005,0.0,0.0,0.825,0.06908903372287745,-0.1586944110095501
1296,2013-04-21 00:00:00,0.0,0.03316301107406616,0.7984441518783569,0.0,1.081,0.593,0.0,-0.19168188591957092
1297,2013-04-21 00:30:00,0.024548502638936043,0.0,0.800000011920929,0.0,1.263,0.139,0.0,-0.0838299988079071
1298,2013-04-21 01:00:00,0.19091616570949554,0.016157779842615128,0.7883138060569763,0.0,1.231,0.044,0.0,-0.0577643973785639
1299,2013-04-21 01:30:00,0.20251184701919556,0.016389677301049232,0.7763881683349609,0.0,0.7190000000000001,0.09,0.0,-0.013230407420843863
1300,2013-04-21 02:00:00,0.18178676068782806,0.017737140879034996,0.7694987058639526,0.0,0.131,0.043,0.5777615649849176,-0.0
1301,2013-04-21 02:30:00,0.5936827063560486,0.16840995848178864,0.4701313078403473,0.0,1.075,0.093,0.27604021562635894,-0.10243786506414412
1302,2013-04-21 03:00:00,0.38034701347351074,0.07040798664093018,0.7740464210510254,0.0,0.0,0.039,0.6646384344100952,-0.0
1303,2013-04-21 03:30:00,0.4429442286491394,0.10294032096862793,0.6199278831481934,0.0,0.0,0.768,0.14765087223052975,-0.06777335821151734
1304,2013-04-21 04:00:00,0.1697831004858017,0.800000011920929,0.6416463255882263,0.0,0.406,0.028,0.8,-0.0
1305,2013-04-21 04:30:00,0.0,0.25293758511543274,0.2834984064102173,0.0,0.613,0.095,0.5165015935897828,-0.08389391787052156
1306,2013-04-21 05:00:00,0.3178459107875824,0.02999386191368103,0.7913305759429932,0.0,0.0,0.5820000000000001,0.17933671402931206,-0.0
1307,2013-04-21 05:30:00,0.3164299428462982,0.800000011920929,0.7253137826919556,0.0,0.0,1.166,0.07532656002044713,-0.0
1308,2013-04-21 06:00:00,0.03350934758782387,0.7668340802192688,0.7909712195396423,0.0,0.0,0.579,0.8,-0.0
1309,2013-04-21 06:30:00,0.2744118869304657,0.0,0.791853129863739,0.0,0.0,0.094,0.7060000000000001,-0.0
1310,2013-04-21 07:00:00,0.6284883618354797,0.028883740305900574,0.800000011920929,0.006,0.0,0.043,0.7281162716150283,-0.0
1311,2013-04-21 07:30:00,0.5813044309616089,0.023369180038571358,0.776574432849884,0.025,0.0,0.08199999999999999,0.6712052528113127,-0.0
1312,2013-04-21 08:00:00,0.568082332611084,0.04453953728079796,0.800000011920929,0.038,0.0,0.107,0.648460474640131,-0.0
1313,2013-04-21 08:30:00,0.5436955690383911,0.06461286544799805,0.7718890309333801,0.056,0.0,0.418,0.2892761654853821,-0.0
1314,2013-04-21 09:00:00,0.40263715386390686,0.6977802515029907,0.7030707597732544,0.35,0.0,0.133,0.29066741752624536,-0.0
1315,2013-04-21 09:30:00,0.5147790312767029,0.12321644276380539,0.6996446847915649,0.525,0.0,0.066,0.8,-0.0
1316,2013-04-21 10:00:00,0.0,0.06432219594717026,0.5034570693969727,0.75,0.0,0.562,0.8,-0.0
1317,2013-04-21 10:30:00,0.4443005323410034,0.5982314348220825,0.773631751537323,0.8440000000000001,0.0,0.067,0.5344680328369142,-0.0
1318,2013-04-21 11:00:00,0.21948540210723877,0.09341173619031906,0.7911524772644043,0.994,0.0,0.122,0.8,-0.0
1319,2013-04-21 11:30:00,0.0,0.5201164484024048,0.7800308465957642,1.075,0.0,0.09,0.8,-0.0
1320,2013-04-21 12:00:00,0.02106361649930477,0.6477094292640686,0.7772456407546997,1.331,0.0,0.117,0.8,-0.0
1321,2013-04-21 12:30:00,0.7164153456687927,0.006470944732427597,0.800000011920929,1.094,0.0,0.033,0.8,-0.0
1322,2013-04-21 13:00:00,0.0,0.41491520404815674,0.800000011920929,0.688,0.0,0.106,0.8,-0.0
1323,2013-04-21 13:30:00,0.0,0.4617299437522888,0.800000011920929,0.8690000000000001,0.0,0.035,0.8,-0.0
1324,2013-04-21 14:00:00,0.0,0.7064130306243896,0.800000011920929,0.794,0.0,0.105,0.7825869812965394,-0.0
1325,2013-04-21 14:30:00,0.059847451746463776,0.4419553875923157,0.800000011920929,1.138,0.0,0.034,0.8,-0.0
1326,2013-04-21 15:00:00,0.0,0.7361922860145569,0.800000011920929,1.106,0.0,0.107,0.8,-0.0
1327,2013-04-21 15:30:00,0.4792044758796692,0.35578426718711853,0.800000011920929,0.7190000000000001,0.0,0.041,0.6430112688541413,-0.0
1328,2013-04-21 16:00:00,0.0,0.48683345317840576,0.800000011920929,0.319,0.0,0.1,0.8,-0.0
1329,2013-04-21 16:30:00,0.0,0.16663503646850586,0.28250569105148315,0.131,0.0,0.059,0.7053649635314942,-0.0
1330,2013-04-21 17:00:00,0.1737261712551117,0.10724114626646042,0.644280195236206,0.05,0.0,0.165,0.6170289266705511,-0.0
1331,2013-04-21 17:30:00,0.4889557957649231,0.06630405783653259,0.800000011920929,0.006,0.0,0.124,0.6096959540843964,-0.0
1332,2013-04-21 18:00:00,0.499054491519928,0.03654471039772034,0.800000011920929,0.0,0.0,0.16699999999999998,0.5964553015232086,-0.0
1333,2013-04-21 18:30:00,0.49084654450416565,0.019926050677895546,0.800000011920929,0.0,0.0,0.451,0.3290739612430334,-0.0
1334,2013-04-21 19:00:00,0.320490300655365,0.6185348033905029,0.7985129952430725,0.0,0.0,0.16399999999999998,0.8,-0.0
1335,2013-04-21 19:30:00,0.32822874188423157,0.1925526112318039,0.800000011920929,0.0,0.0,0.35700000000000004,0.250447400689125,-0.0
1336,2013-04-21 20:00:00,0.23434056341648102,0.7849191427230835,0.7901508212089539,0.0,0.0,0.27,0.8,-0.0
1337,2013-04-21 20:30:00,0.0027330350130796432,0.07126843929290771,0.800000011920929,0.0,0.0,0.303,0.42573157262802125,-0.0
1338,2013-04-21 21:00:00,0.36600804328918457,0.0,0.7139285802841187,0.0,0.0,0.234,0.47992858028411867,-0.0
1339,2013-04-21 21:30:00,0.3418138921260834,0.0,0.7805023789405823,0.0,0.0,0.2,0.5805023789405823,-0.0
1340,2013-04-21 22:00:00,0.43476811051368713,0.0,0.800000011920929,0.0,0.0,0.163,0.6370000119209289,-0.0
1341,2013-04-21 22:30:00,0.5280925035476685,0.0,0.800000011920929,0.0,0.0,0.046,0.7540000119209289,-0.0
1342,2013-04-21 23:00:00,0.5954633951187134,0.0,0.800000011920929,0.0,0.0,0.397,0.40300001192092894,-0.0
1343,2013-04-21 23:30:00,0.30906131863594055,0.0,0.7723835706710815,0.0,0.0,1.181,0.0,-0.110326435918808
1344,2013-05-13 00:00:00,0.010681637562811375,0.03500247001647949,0.800000011920929,0.0,1.063,0.11,0.0,-0.059500245809555055
1345,2013-05-13 00:30:00,0.30479636788368225,0.5230634212493896,0.800000011920929,0.0,1.219,0.146,0.0,-0.1336263409328461
1346,2013-05-13 01:00:00,0.0379914790391922,0.011787078343331814,0.800000011920929,0.0,0.838,0.129,0.0,-0.03980870664224028
1347,2013-05-13 01:30:00,0.49596959352493286,0.0,0.800000011920929,0.0,0.825,0.5429999999999999,0.0,-0.1491099988079071
1348,2013-05-13 02:00:00,0.3263413906097412,0.0024978583678603172,0.800000011920929,0.0,0.6,0.534,0.0,-0.09085441854067147
1349,2013-05-13 02:30:00,0.0,0.020038537681102753,0.7919808030128479,0.0,0.6629999999999999,0.584,0.0,-0.12826558836042878
1350,2013-05-13 03:00:00,0.03841468691825867,0.004035648424178362,0.800000011920929,0.0,0.606,0.542,0.0,-0.09504962185587736
1351,2013-05-13 03:30:00,0.014945922419428825,0.0,0.800000011920929,0.0,0.381,1.219,0.0,-0.2159999967813492
1352,2013-05-13 04:00:00,0.3524392247200012,0.0,0.800000011920929,0.0,0.325,0.073,0.40200001192092893,-0.0
1353,2013-05-13 04:30:00,0.5051642656326294,0.6235947608947754,0.7787290811538696,0.0,0.231,0.09,0.6514052152633668,-0.0
1354,2013-05-13 05:00:00,0.0368482805788517,0.25038421154022217,0.41053155064582825,0.0,0.313,0.056,0.47780535793304435,-0.0
1355,2013-05-13 05:30:00,0.495927095413208,0.5898886322975159,0.669882595539093,0.0,0.063,1.449,0.13011740446090703,-0.2126565232086181
1356,2013-05-13 06:00:00,0.3666120171546936,0.0,0.702079713344574,0.0,0.238,0.6890000000000001,0.0,-0.06072847739696504
1357,2013-05-13 06:30:00,0.047036074101924896,0.0,0.800000011920929,0.0,0.0,0.095,0.705000011920929,-0.0
1358,2013-05-13 07:00:00,0.6297848224639893,0.0,0.7855340242385864,0.0,0.0,0.031,0.7545340242385864,-0.0
1359,2013-05-13 07:30:00,0.5967265963554382,0.0,0.7568248510360718,0.056,0.0,0.095,0.7504659757614137,-0.0
1360,2013-05-13 08:00:00,0.5053896903991699,0.0,0.7459758520126343,0.094,0.0,0.166,0.6835340242385863,-0.0
1361,2013-05-13 08:30:00,0.45056116580963135,0.016373105347156525,0.7757471203804016,0.106,0.0,0.391,0.41355884617567096,-0.0
1362,2013-05-13 09:00:00,0.28574028611183167,0.0,0.7428269982337952,0.188,0.0,0.113,0.6298269982337952,-0.0
1363,2013-05-13 09:30:00,0.303839772939682,0.015497313812375069,0.7073732018470764,0.338,0.0,0.094,0.8,-0.0
1364,2013-05-13 10:00:00,0.04758084565401077,0.005502384155988693,0.7036771178245544,0.375,0.0,0.128,0.8,-0.0
1365,2013-05-13 10:30:00,0.08091513812541962,0.010245434939861298,0.6897813677787781,0.519,0.0,0.079,0.8,-0.0
1366,2013-05-13 11:00:00,0.0,0.0,0.7459341287612915,0.581,0.0,0.111,0.8,-0.0
1367,2013-05-13 11:30:00,0.0,0.05233141407370567,0.725707471370697,0.606,0.0,0.239,0.8,-0.0
1368,2013-05-13 12:00:00,0.05273905768990517,0.32331836223602295,0.7115550637245178,0.688,0.0,0.192,0.8,-0.0
1369,2013-05-13 12:30:00,0.0,0.5469714403152466,0.7703103423118591,0.8,0.0,0.052000000000000005,0.8,-0.0
1370,2013-05-13 13:00:00,0.0,0.6880040168762207,0.7725691795349121,0.644,0.0,0.09,0.6659959831237795,-0.0
1371,2013-05-13 13:30:00,0.19960719347000122,0.4661295413970947,0.7912824749946594,0.269,0.0,0.086,0.5852712988853451,-0.0
1372,2013-05-13 14:00:00,0.0,0.4036615192890167,0.3736879825592041,0.25,0.0,0.109,0.8,-0.0
1373,2013-05-13 14:30:00,0.0,0.03878853842616081,0.6298012733459473,0.225,0.0,0.078,0.8,-0.0
1374,2013-05-13 15:00:00,0.03926747664809227,0.03395457938313484,0.6717193126678467,0.306,0.0,0.14,0.8,-0.0
1375,2013-05-13 15:30:00,0.09374771267175674,0.0002650842070579529,0.6573493480682373,0.225,0.0,0.063,0.8,-0.0
1376,2013-05-13 16:00:00,0.05274875834584236,0.0,0.6846146583557129,0.163,0.0,0.255,0.6552512416541577,-0.0
1377,2013-05-13 16:30:00,0.3811127543449402,0.07150831818580627,0.7547138929367065,0.05,0.0,0.18,0.5252512416541578,-0.0
1378,2013-05-13 17:00:00,0.45603370666503906,0.014210615307092667,0.6694104075431824,0.006,0.0,0.16399999999999998,0.4911997922360897,-0.0
1379,2013-05-13 17:30:00,0.4189881980419159,0.0,0.6810368299484253,0.0,0.0,0.141,0.5400368299484253,-0.0
1380,2013-05-13 18:00:00,0.4415440559387207,0.0,0.7580556273460388,0.0,0.0,0.185,0.5730556273460388,-0.0
1381,2013-05-13 18:30:00,0.4516126215457916,0.010184315033257008,0.7567586898803711,0.0,0.0,0.204,0.5425743748471141,-0.0
1382,2013-05-13 19:00:00,0.4448530673980713,0.03422476351261139,0.7698006629943848,0.0,0.0,0.664,0.07157589948177334,-0.0
1383,2013-05-13 19:30:00,0.2977040112018585,0.800000011920929,0.42851734161376953,0.0,0.0,0.292,0.8,-0.0
1384,2013-05-13 20:00:00,0.4129292964935303,0.16155706346035004,0.7998083829879761,0.0,0.0,0.28300000000000003,0.35544293653965,-0.0
1385,2013-05-13 20:30:00,0.30861037969589233,0.4978283643722534,0.625357985496521,0.0,0.0,0.269,0.8,-0.0
1386,2013-05-13 21:00:00,0.44764864444732666,0.21270498633384705,0.800000011920929,0.0,0.0,0.181,0.4062950255870819,-0.0
1387,2013-05-13 21:30:00,0.41902050375938416,0.6594616770744324,0.7347661256790161,0.0,0.0,0.223,0.7049482717514041,-0.0
1388,2013-05-13 22:00:00,0.0,0.224430114030838,0.7794980406761169,0.0,0.0,0.129,0.636673342466354,-0.0
1389,2013-05-13 22:30:00,0.6006796360015869,0.16145089268684387,0.5865398049354553,0.0,0.0,0.061,0.575673342466354,-0.0
1390,2013-05-13 23:00:00,0.6551779508590698,0.19958485662937164,0.5032466053962708,0.0,0.0,0.12,0.45567334246635405,-0.0
1391,2013-05-13 23:30:00,0.5646232962608337,0.2803541123867035,0.5360872149467468,0.0,0.0,0.679,0.1999402399063107,-0.11428206230878832
1392,2013-05-14 00:00:00,0.31909671425819397,0.800000011920929,0.752831757068634,0.0,1.063,0.092,0.04716824293136601,-0.0005531583595273746
1393,2013-05-14 00:30:00,0.3767191469669342,0.7905807495117188,0.7499895095825195,0.0,1.219,0.029,0.26708276462554925,-0.0
1394,2013-05-14 01:00:00,0.04250197857618332,0.7882503271102905,0.6881185173988342,0.0,1.138,0.115,0.11188148260116582,-0.04827973389625544
1395,2013-05-14 01:30:00,0.19280722737312317,0.7878993153572083,0.38123810291290283,0.0,0.631,0.029,0.7283377194404602,-0.0
1396,2013-05-14 02:00:00,0.0,0.20740383863449097,0.31938716769218445,0.0,0.456,0.113,0.4806128323078156,-0.050579210982322695
1397,2013-05-14 02:30:00,0.44500771164894104,0.6448948383331299,0.561428427696228,0.0,0.456,0.028,0.3098794970512391,-0.0
1398,2013-05-14 03:00:00,0.29722630977630615,0.793470561504364,0.6808024644851685,0.0,0.338,0.131,0.5177704443931579,-0.0
1399,2013-05-14 03:30:00,0.10550180822610855,0.5958117842674255,0.5671755075454712,0.0,0.35600000000000004,0.672,0.23282449245452885,-0.13288783468723295
1400,2013-05-14 04:00:00,0.34882813692092896,0.800000011920929,0.6772936582565308,0.0,0.281,0.101,0.7523510031700135,-0.0
1401,2013-05-14 04:30:00,0.01114555075764656,0.2321995198726654,0.4044763445854187,0.0,0.306,0.037000000000000005,0.39552365541458134,-0.013832518162727356
1402,2013-05-14 05:00:00,0.5101457238197327,0.6581593155860901,0.648352324962616,0.0,0.319,0.117,0.5147933735847474,-0.0
1403,2013-05-14 05:30:00,0.21662107110023499,0.4832928478717804,0.55550217628479,0.0,0.188,1.3869999999999998,0.24449782371521,-0.2517419030642509
1404,2013-05-14 06:00:00,0.5241531729698181,0.0,0.702644407749176,0.0,0.05,0.738,0.0,-0.023046009907722483
1405,2013-05-14 06:30:00,0.18944115936756134,0.0,0.800000011920929,0.0,0.0,0.05,0.7500000119209289,-0.0
1406,2013-05-14 07:00:00,0.6139959692955017,0.0,0.7991601824760437,0.0,0.0,0.111,0.6881601824760437,-0.0
1407,2013-05-14 07:30:00,0.5697655081748962,0.0,0.7933565974235535,0.019,0.0,0.043,0.7503565974235534,-0.0
1408,2013-05-14 08:00:00,0.5576744675636292,0.0,0.763281524181366,0.063,0.0,0.154,0.6956434025764466,-0.0
1409,2013-05-14 08:30:00,0.5021830797195435,0.02825336530804634,0.7698299288749695,0.081,0.0,0.396,0.4224598295390606,-0.0
1410,2013-05-14 09:00:00,0.2992769777774811,0.024486657232046127,0.7146523594856262,0.119,0.0,0.15,0.5401657022535801,-0.0
1411,2013-05-14 09:30:00,0.3760031759738922,0.0103828813880682,0.6992683410644531,0.188,0.0,0.104,0.6241657022535801,-0.0
1412,2013-05-14 10:00:00,0.3994637429714203,0.021252691745758057,0.6895307898521423,0.431,0.0,0.059,0.8,-0.0
1413,2013-05-14 10:30:00,0.01990944892168045,0.017156345769762993,0.7175477743148804,0.669,0.0,0.184,0.8,-0.0
1414,2013-05-14 11:00:00,0.05173812061548233,0.12709365785121918,0.6537021994590759,0.8190000000000001,0.0,0.442,0.8,-0.0
1415,2013-05-14 11:30:00,0.0,0.5582953691482544,0.7588505148887634,0.8809999999999999,0.0,0.317,0.8,-0.0
1416,2013-05-14 12:00:00,0.0,0.6418341398239136,0.7595483064651489,0.919,0.0,0.24,0.8,-0.0
1417,2013-05-14 12:30:00,0.1945025473833084,0.43253806233406067,0.7524193525314331,1.144,0.0,0.155,0.8,-0.0
1418,2013-05-14 13:00:00,0.06482981890439987,0.6327173113822937,0.7450041770935059,1.225,0.0,0.032,0.8,-0.0
1419,2013-05-14 13:30:00,0.658687174320221,0.08587991446256638,0.7597295641899109,1.238,0.0,0.119,0.8,-0.0
1420,2013-05-14 14:00:00,0.0,0.5753366351127625,0.7788866758346558,1.194,0.0,0.045,0.8,-0.0
1421,2013-05-14 14:30:00,0.5339435338973999,0.2725975513458252,0.7931227684020996,1.063,0.0,0.439,0.6174589147567748,-0.0
1422,2013-05-14 15:00:00,0.0,0.6380528211593628,0.7888006567955017,0.925,0.0,0.1,0.8,-0.0
1423,2013-05-14 15:30:00,0.0,0.6668578386306763,0.7911790609359741,0.706,0.0,0.18600000000000005,0.6531421613693237,-0.0
1424,2013-05-14 16:00:00,0.14611755311489105,0.340592622756958,0.7530267834663391,0.381,0.0,0.303,0.3927703951597216,-0.0
1425,2013-05-14 16:30:00,0.5019866824150085,0.556574821472168,0.6464328765869141,0.106,0.0,0.327,0.5188843882083891,-0.0
1426,2013-05-14 17:00:00,0.41226592659950256,0.4122808575630188,0.6245542168617249,0.006,0.0,0.908,0.1754457831382752,-0.03928376262187948
1427,2013-05-14 17:30:00,0.10106832534074783,0.800000011920929,0.6075639128684998,0.0,0.0,0.192,0.8,-0.0
1428,2013-05-14 18:00:00,0.001967204036191106,0.22811982035636902,0.800000011920929,0.0,0.0,0.149,0.4228801915645599,-0.0
1429,2013-05-14 18:30:00,0.3989200294017792,0.6110763549804688,0.7291743755340576,0.0,0.0,0.5920000000000001,0.35116326189041147,-0.0
1430,2013-05-14 19:00:00,0.003258250653743744,0.798509955406189,0.800000011920929,0.0,0.0,0.21,0.6891635327339172,-0.0
1431,2013-05-14 19:30:00,0.0,0.288554847240448,0.7798875570297241,0.0,0.0,0.184,0.5491180872917178,-0.0
1432,2013-05-14 20:00:00,0.6621360778808594,0.15910440683364868,0.553171694278717,0.0,0.0,0.268,0.28111808729171783,-0.0
1433,2013-05-14 20:30:00,0.27111828327178955,0.7976188659667969,0.6107187271118164,0.0,0.0,0.181,0.8,-0.0
1434,2013-05-14 21:00:00,0.009474685415625572,0.2477196902036667,0.800000011920929,0.0,0.0,0.269,0.28328032171726225,-0.0
1435,2013-05-14 21:30:00,0.28823572397232056,0.800000011920929,0.800000011920929,0.0,0.0,0.157,0.8,-0.0
1436,2013-05-14 22:00:00,0.01755257323384285,0.298733651638031,0.800000011920929,0.0,0.0,0.205,0.296266360282898,-0.0
1437,2013-05-14 22:30:00,0.3094027042388916,0.800000011920929,0.800000011920929,0.0,0.0,0.049,0.8,-0.0
1438,2013-05-14 23:00:00,0.006061548832803965,0.39811304211616516,0.800000011920929,0.0,0.0,0.126,0.2758869698047638,-0.0
1439,2013-05-14 23:30:00,0.4005146920681,0.7826693058013916,0.800000011920929,0.0,0.0,0.687,0.37855676651001,-0.0
1440,2013-05-15 00:00:00,0.028958814218640327,0.776488184928894,0.800000011920929,0.0,1.063,0.068,0.0,-0.0380201706027985
1441,2013-05-15 00:30:00,0.49210289120674133,0.7961655259132385,0.800000011920929,0.0,1.225,0.039,0.0,-0.13264655139923098
1442,2013-05-15 01:00:00,0.004442119505256414,0.005417668726295233,0.7939519286155701,0.0,1.225,0.557,0.0,-0.19403657401107255
1443,2013-05-15 01:30:00,0.0144127756357193,0.003922066185623407,0.800000011920929,0.0,1.031,0.848,0.0,-0.25245220542646946
1444,2013-05-15 02:00:00,0.2517874240875244,0.00402559619396925,0.800000011920929,0.0,0.569,0.894,0.0,-0.1800969077537209
1445,2013-05-15 02:30:00,0.3878971338272095,0.016640570014715195,0.800000011920929,0.0,0.6,0.573,0.0,-0.10520295068532227
1446,2013-05-15 03:00:00,0.0,0.010153448209166527,0.800000011920929,0.0,0.6629999999999999,0.605,0.0,-0.12910142779782413
1447,2013-05-15 03:30:00,0.30370086431503296,0.04262736067175865,0.800000011920929,0.0,0.469,1.158,0.0,-0.234799384162724
1448,2013-05-15 04:00:00,0.5053128600120544,0.036504507064819336,0.800000011920929,0.0,0.35,0.578,0.0,-0.04441621368885039
1449,2013-05-15 04:30:00,0.0,0.06739789992570877,0.800000011920929,0.0,0.369,0.219,0.1446021119952202,-0.0
1450,2013-05-15 05:00:00,0.24536678194999695,0.800000011920929,0.800000011920929,0.0,0.338,0.112,0.8,-0.0
1451,2013-05-15 05:30:00,0.0,0.27929267287254333,0.4049665927886963,0.0,0.3,0.662,0.39503340721130376,-0.1961726080083847
1452,2013-05-15 06:00:00,0.002194702625274658,0.5667552947998047,0.5045544505119324,0.0,0.119,0.087,0.8,-0.0
1453,2013-05-15 06:30:00,0.0,0.37894585728645325,0.7866418361663818,0.0,0.16899999999999998,0.027000000000000003,0.22505414271354676,-0.0
1454,2013-05-15 07:00:00,0.38067227602005005,0.800000011920929,0.800000011920929,0.0,0.0,0.08900000000000001,0.8,-0.0
1455,2013-05-15 07:30:00,0.022265519946813583,0.35132598876953125,0.7910004258155823,0.013,0.0,0.026,0.42267401123046877,-0.0
1456,2013-05-15 08:00:00,0.4913952052593231,0.610130250453949,0.735563337802887,0.025,0.0,0.233,0.6615217270851135,-0.0
1457,2013-05-15 08:30:00,0.13309802114963531,0.3099662661552429,0.5740542411804199,0.031,0.0,0.07200000000000001,0.6329902796745301,-0.0
1458,2013-05-15 09:00:00,0.5976829528808594,0.18300125002861023,0.54632169008255,0.05,0.0,0.369,0.48201819062232953,-0.0
1459,2013-05-15 09:30:00,0.34984588623046875,0.031565673649311066,0.758226215839386,0.344,0.0,0.133,0.8,-0.0
1460,2013-05-15 10:00:00,0.036946170032024384,0.09310422092676163,0.6998123526573181,0.588,0.0,0.152,0.8,-0.0
1461,2013-05-15 10:30:00,0.0,0.14745470881462097,0.6137984395027161,0.75,0.0,0.1,0.8,-0.0
1462,2013-05-15 11:00:00,0.0,0.241107776761055,0.800000011920929,0.813,0.0,0.275,0.8,-0.0
1463,2013-05-15 11:30:00,0.016044752672314644,0.5587431192398071,0.800000011920929,0.875,0.0,0.222,0.8,-0.0
1464,2013-05-15 12:00:00,0.026541700586676598,0.4649185538291931,0.800000011920929,0.963,0.0,0.5329999999999999,0.7385397575050594,-0.0
1465,2013-05-15 12:30:00,0.0,0.7239843010902405,0.800000011920929,1.131,0.0,0.228,0.8,-0.0
1466,2013-05-15 13:00:00,0.41633614897727966,0.2940676212310791,0.800000011920929,1.206,0.0,0.146,0.8,-0.0
1467,2013-05-15 13:30:00,0.010655527003109455,0.7833847999572754,0.7973703742027283,1.269,0.0,0.183,0.8,-0.0
1468,2013-05-15 14:00:00,0.6206530928611755,0.07282282412052155,0.800000011920929,1.213,0.0,0.111,0.8,-0.0
1469,2013-05-15 14:30:00,0.0022689790930598974,0.7236019372940063,0.7962904572486877,1.15,0.0,0.273,0.8,-0.0
1470,2013-05-15 15:00:00,0.5357246398925781,0.23744311928749084,0.7765424847602844,0.95,0.0,0.285,0.6918322408199311,-0.0
1471,2013-05-15 15:30:00,0.01849062740802765,0.675678014755249,0.7824831604957581,0.7809999999999999,0.0,0.322,0.7441856213808058,-0.0
1472,2013-05-15 16:00:00,0.049537062644958496,0.5575412511825562,0.786583662033081,0.413,0.0,0.297,0.32147631812095695,-0.0
1473,2013-05-15 16:30:00,0.4574945271015167,0.3686363697052002,0.6477572321891785,0.081,0.0,0.584,0.1233554556369787,-0.08231736712932586
1474,2013-05-15 17:00:00,0.47081756591796875,0.7420961260795593,0.7703269124031067,0.006,0.0,0.35100000000000003,0.8,-0.0
1475,2013-05-15 17:30:00,0.39774981141090393,0.01841706410050392,0.7844143509864807,0.0,0.0,0.215,0.5665829358994962,-0.0
1476,2013-05-15 18:00:00,0.48911339044570923,0.0,0.800000011920929,0.0,0.0,0.362,0.43800001192092897,-0.0
1477,2013-05-15 18:30:00,0.3678162693977356,0.0,0.7574928402900696,0.0,0.0,0.278,0.47949284029006956,-0.0
1478,2013-05-15 19:00:00,0.40687596797943115,0.0,0.7512195706367493,0.0,0.0,0.07400000000000001,0.6772195706367492,-0.0
1479,2013-05-15 19:30:00,0.6302456855773926,0.0,0.7552529573440552,0.0,0.0,0.159,0.5962529573440551,-0.0
1480,2013-05-15 20:00:00,0.5523247718811035,0.0,0.757299542427063,0.0,0.0,0.077,0.680299542427063,-0.0
1481,2013-05-15 20:30:00,0.6401107311248779,0.008791609667241573,0.737102210521698,0.0,0.0,0.202,0.5263106008544565,-0.0
1482,2013-05-15 21:00:00,0.44839873909950256,0.0017446305137127638,0.736373245716095,0.0,0.0,0.188,0.5466286152023823,-0.0
1483,2013-05-15 21:30:00,0.4855758547782898,0.0,0.7673760652542114,0.0,0.0,0.26,0.5073760652542114,-0.0
1484,2013-05-15 22:00:00,0.41064882278442383,0.0,0.7569013237953186,0.0,0.0,0.202,0.5549013237953186,-0.0
1485,2013-05-15 22:30:00,0.4578762650489807,0.0,0.7973703145980835,0.0,0.0,0.171,0.6263703145980835,-0.0
1486,2013-05-15 23:00:00,0.5395349860191345,0.0,0.800000011920929,0.0,0.0,0.103,0.697000011920929,-0.0
1487,2013-05-15 23:30:00,0.6261488795280457,0.0,0.800000011920929,0.0,0.0,0.7040000000000001,0.09600001192092888,-0.0
1488,2013-05-16 00:00:00,0.19483564794063568,0.6597253084182739,0.4812694489955902,0.0,1.05,0.162,0.2744558713436126,-0.16658558594226838
1489,2013-05-16 00:30:00,0.013736583292484283,0.0015983724733814597,0.800000011920929,0.0,1.238,0.053,0.0,-0.05826983605524526
1490,2013-05-16 01:00:00,0.1992799937725067,0.022317055612802505,0.800000011920929,0.0,1.238,0.078,0.0,-0.06709170436918735
1491,2013-05-16 01:30:00,0.17961962521076202,0.0,0.7935348153114319,0.0,0.863,0.043,0.0,-0.018556518468856812
1492,2013-05-16 02:00:00,0.19229400157928467,0.0,0.7990763783454895,0.0,0.506,0.086,0.2070763783454895,-0.0
1493,2013-05-16 02:30:00,0.3520936965942383,0.7624235153198242,0.800000011920929,0.0,0.388,0.032,0.8,-0.0
1494,2013-05-16 03:00:00,0.0,0.2591975927352905,0.32255393266677856,0.0,0.6,0.117,0.4774460673332215,-0.08525436600685121
1495,2013-05-16 03:30:00,0.38430890440940857,0.0,0.697301983833313,0.0,0.444,0.664,0.0,-0.11088846436500552
1496,2013-05-16 04:00:00,0.0,0.02405202016234398,0.7888990640640259,0.0,0.35,0.099,0.31584704390168195,-0.0
1497,2013-05-16 04:30:00,0.37000712752342224,0.7850085496902466,0.7756726741790771,0.0,0.038,0.026,0.8,-0.0
1498,2013-05-16 05:00:00,0.0,0.4811745882034302,0.7851365804672241,0.0,0.25,0.12,0.014863419532775923,-0.017830262088775636
1499,2013-05-16 05:30:00,0.17679867148399353,0.01641097478568554,0.800000011920929,0.0,0.306,0.66,0.0,-0.04925095997348429
1500,2013-05-16 06:00:00,0.0,0.018386535346508026,0.800000011920929,0.0,0.263,0.095,0.42361347657442094,-0.0
1501,2013-05-16 06:30:00,0.35629379749298096,0.6756272912025452,0.7621007561683655,0.0,0.013,0.027000000000000003,0.8,-0.0
1502,2013-05-16 07:00:00,0.0,0.4452339708805084,0.7634789943695068,0.0,0.0,0.096,0.25876602911949165,-0.0
1503,2013-05-16 07:30:00,0.3585573434829712,0.800000011920929,0.800000011920929,0.006,0.0,0.035,0.8,-0.0
1504,2013-05-16 08:00:00,0.0,0.3968868851661682,0.7921303510665894,0.025,0.0,0.307,0.12111311483383186,-0.0
1505,2013-05-16 08:30:00,0.18217375874519348,0.800000011920929,0.7937471270561218,0.031,0.0,0.428,0.8,-0.0
1506,2013-05-16 09:00:00,0.36286255717277527,0.059995122253894806,0.6214402914047241,0.044,0.0,0.153,0.5870048777461052,-0.0
1507,2013-05-16 09:30:00,0.4757225215435028,0.008321307599544525,0.7340472340583801,0.338,0.0,0.294,0.7106738146543503,-0.0
1508,2013-05-16 10:00:00,0.43013012409210205,0.2371663749217987,0.7729496955871582,0.575,0.0,0.626,0.2603558716773987,-0.0
1509,2013-05-16 10:30:00,0.09677071869373322,0.3404996395111084,0.7013883590698242,0.738,0.0,0.748,0.2541180008649826,-0.0
1510,2013-05-16 11:00:00,0.08052226901054382,0.2480003833770752,0.7303871512413025,0.8059999999999999,0.0,0.081,0.8,-0.0
1511,2013-05-16 11:30:00,0.023220140486955643,0.4610704779624939,0.7285394668579102,0.6,0.0,0.08800000000000001,0.8,-0.0
1512,2013-05-16 12:00:00,0.012117229402065277,0.10853686183691025,0.619168758392334,0.419,0.0,0.057,0.8,-0.0
1513,2013-05-16 12:30:00,0.0,0.03966753929853439,0.5703546404838562,0.456,0.0,0.098,0.8,-0.0
1514,2013-05-16 13:00:00,0.02097606658935547,0.06370563805103302,0.6223220825195312,0.581,0.0,0.077,0.8,-0.0
1515,2013-05-16 13:30:00,0.0,0.06502589583396912,0.6302147507667542,0.8809999999999999,0.0,0.118,0.8,-0.0
1516,2013-05-16 14:00:00,0.0,0.3225368857383728,0.7618260383605957,0.525,0.0,0.333,0.6694631142616272,-0.0
1517,2013-05-16 14:30:00,0.0245025884360075,0.38302499055862427,0.6907377243041992,0.256,0.0,0.313,0.547541015610099,-0.0
1518,2013-05-16 15:00:00,0.4839429557323456,0.20963357388973236,0.6138052940368652,0.4,0.0,0.909,0.1861947059631348,-0.06813970977500086
1519,2013-05-16 15:30:00,0.4338254928588867,0.7872037291526794,0.4949082136154175,0.7190000000000001,0.0,0.809,0.30509178638458256,-0.12316357963085174
1520,2013-05-16 16:00:00,0.17280596494674683,0.1954314410686493,0.7306960225105286,0.35600000000000004,0.0,0.992,0.0,-0.07385617354631421
1521,2013-05-16 16:30:00,0.39131829142570496,0.7129344940185547,0.451355904340744,0.08800000000000001,0.0,0.648,0.8,-0.0
1522,2013-05-16 17:00:00,0.48854339122772217,0.011674202978610992,0.44008803367614746,0.006,0.0,0.107,0.6813257970213891,-0.0
1523,2013-05-16 17:30:00,0.5307848453521729,0.0,0.7740525603294373,0.0,0.0,0.222,0.5520525603294373,-0.0
1524,2013-05-16 18:00:00,0.39604452252388,0.0,0.7826030254364014,0.0,0.0,0.257,0.5256030254364014,-0.0
1525,2013-05-16 18:30:00,0.37674400210380554,0.0,0.7706431150436401,0.0,0.0,0.486,0.28464311504364015,-0.0
1526,2013-05-16 19:00:00,0.2749004662036896,0.7578215599060059,0.7057449221611023,0.0,0.0,0.403,0.669892210006714,-0.0
1527,2013-05-16 19:30:00,0.09921640157699585,0.07852999120950699,0.7986503839492798,0.0,0.0,0.207,0.5131203927397728,-0.0
1528,2013-05-16 20:00:00,0.506766676902771,0.02134280651807785,0.6729362607002258,0.0,0.0,0.24,0.411593454182148,-0.0
1529,2013-05-16 20:30:00,0.2694792151451111,0.0,0.6029729247093201,0.0,0.0,0.248,0.35497292470932007,-0.0
1530,2013-05-16 21:00:00,0.1764182150363922,0.0,0.5729723572731018,0.0,0.0,0.182,0.3909723572731018,-0.0
1531,2013-05-16 21:30:00,0.21865835785865784,0.0,0.5865216255187988,0.0,0.0,0.284,0.30252162551879885,-0.0
1532,2013-05-16 22:00:00,0.21289701759815216,0.5013541579246521,0.6003782153129578,0.0,0.0,0.091,0.8,-0.0
1533,2013-05-16 22:30:00,0.4850788712501526,0.0,0.7871006727218628,0.0,0.0,0.109,0.6910000000000001,-0.0
1534,2013-05-16 23:00:00,0.5305271744728088,0.0,0.800000011920929,0.0,0.0,0.103,0.697000011920929,-0.0
1535,2013-05-16 23:30:00,0.5579747557640076,0.0,0.800000011920929,0.0,0.0,0.7,0.100000011920929,-0.0
1536,2013-05-17 00:00:00,0.11914421617984772,0.15120233595371246,0.42751243710517883,0.0,1.056,0.607,0.0,-0.24185898988485338
1537,2013-05-17 00:30:00,0.002610001480206847,0.730888307094574,0.19775113463401794,0.0,1.231,0.15,0.533137172460556,-0.21691371724605563
1538,2013-05-17 01:00:00,0.031697336584329605,0.0,0.7996350526809692,0.0,1.244,0.126,0.0,-0.07845649473190308
1539,2013-05-17 01:30:00,0.1460581123828888,0.0,0.800000011920929,0.0,1.238,0.035,0.0,-0.05324999880790711
1540,2013-05-17 02:00:00,0.13803304731845856,0.0,0.795604407787323,0.0,0.706,0.121,0.0,-0.00847680989742278
1541,2013-05-17 02:30:00,0.16612796485424042,0.0,0.7956560254096985,0.0,0.481,0.034,0.2806560254096985,-0.0
1542,2013-05-17 03:00:00,0.4728891849517822,0.7159556746482849,0.800000011920929,0.0,0.6,0.14,0.3827322864532471,-0.0
1543,2013-05-17 03:30:00,0.09244418889284134,0.7639703154563904,0.7009375691413879,0.0,0.513,0.674,0.0990624308586121,-0.11218427618980405
1544,2013-05-17 04:00:00,0.5894108414649963,0.7422012686729431,0.7693083882331848,0.0,0.319,0.107,0.8,-0.0
1545,2013-05-17 04:30:00,0.027359791100025177,0.2155553251504898,0.800000011920929,0.0,0.344,0.037000000000000005,0.20344468677043917,-0.0
1546,2013-05-17 05:00:00,0.3636121153831482,0.763304591178894,0.800000011920929,0.0,0.563,0.129,0.5378060472011568,-0.0
1547,2013-05-17 05:30:00,0.052392639219760895,0.6928403973579407,0.6218333840370178,0.0,0.0,0.6709999999999999,0.17816661596298222,-0.058757159085273784
1548,2013-05-17 06:00:00,0.46445077657699585,0.7996631264686584,0.7451809048652649,0.0,0.0,0.099,0.8,-0.0
1549,2013-05-17 06:30:00,0.0,0.21461795270442963,0.7789289951324463,0.0,0.0,0.038,0.5473820472955704,-0.0
1550,2013-05-17 07:00:00,0.5469515323638916,0.23626895248889923,0.5301334857940674,0.0,0.0,0.091,0.4563820472955704,-0.0
1551,2013-05-17 07:30:00,0.5117384195327759,0.45244917273521423,0.6170163154602051,0.013,0.0,0.332,0.676786732673645,-0.0
1552,2013-05-17 08:00:00,0.43330883979797363,0.1849941611289978,0.7811022400856018,0.025,0.0,0.525,0.2864323735237123,-0.0
1553,2013-05-17 08:30:00,0.335012823343277,0.800000011920929,0.6701217293739319,0.038,0.0,0.4,0.5511352410316467,-0.0
1554,2013-05-17 09:00:00,0.28529971837997437,0.45599013566970825,0.5856163501739502,0.05,0.0,0.387,0.3547393822669984,-0.0
1555,2013-05-17 09:30:00,0.3385760486125946,0.6704418063163757,0.7368178367614746,0.344,0.0,0.067,0.2813512833118437,-0.0
1556,2013-05-17 10:00:00,0.49539098143577576,0.07660400122404099,0.738702118396759,0.556,0.0,0.08,0.7505204878449446,-0.0
1557,2013-05-17 10:30:00,0.001615983434021473,0.11649608612060547,0.7065755724906921,0.75,0.0,0.106,0.8,-0.0
1558,2013-05-17 11:00:00,0.00884193368256092,0.18554852902889252,0.7703155875205994,0.813,0.0,0.081,0.8,-0.0
1559,2013-05-17 11:30:00,0.00028237150399945676,0.47223058342933655,0.800000011920929,0.8809999999999999,0.0,0.09,0.8,-0.0
1560,2013-05-17 12:00:00,0.0,0.5413690805435181,0.774725079536438,0.988,0.0,0.061,0.8,-0.0
1561,2013-05-17 12:30:00,0.0,0.5046377182006836,0.7934484481811523,1.113,0.0,0.084,0.8,-0.0
1562,2013-05-17 13:00:00,0.025509173050522804,0.5248485207557678,0.800000011920929,1.181,0.0,0.063,0.8,-0.0
1563,2013-05-17 13:30:00,0.16132307052612305,0.33799779415130615,0.800000011920929,1.238,0.0,0.12,0.8,-0.0
1564,2013-05-17 14:00:00,0.028244344517588615,0.48075979948043823,0.800000011920929,1.194,0.0,0.333,0.8,-0.0
1565,2013-05-17 14:30:00,0.0012560368049889803,0.44258272647857666,0.800000011920929,1.044,0.0,0.134,0.8,-0.0
1566,2013-05-17 15:00:00,0.0030215305741876364,0.6311162114143372,0.800000011920929,0.925,0.0,0.232,0.8,-0.0
1567,2013-05-17 15:30:00,0.012516481801867485,0.32133641839027405,0.800000011920929,0.6809999999999999,0.0,0.653,0.49414711172878745,-0.0
1568,2013-05-17 16:00:00,0.0049161179922521114,0.4956561028957367,0.800000011920929,0.35,0.0,1.685,0.0,-0.11709864047046756
1569,2013-05-17 16:30:00,0.11801497638225555,0.022029293701052666,0.800000011920929,0.075,0.0,1.731,0.0,-0.25731790608063343
1570,2013-05-17 17:00:00,0.42321157455444336,0.0,0.800000011920929,0.006,0.0,0.342,0.45800001192092893,-0.0
1571,2013-05-17 17:30:00,0.3714767396450043,0.0,0.7703855633735657,0.0,0.0,0.158,0.6123855633735656,-0.0
1572,2013-05-17 18:00:00,0.5847620964050293,0.004676300100982189,0.800000011920929,0.0,0.0,0.194,0.6013237118199468,-0.0
1573,2013-05-17 18:30:00,0.5562797784805298,0.0047077308408916,0.800000011920929,0.0,0.0,0.8740000000000001,0.0,-0.021251084108389946
1574,2013-05-17 19:00:00,0.12447524815797806,0.055023595690727234,0.800000011920929,0.0,0.0,0.511,0.2339764162302017,-0.0
1575,2013-05-17 19:30:00,0.380785197019577,0.800000011920929,0.7697241902351379,0.0,0.0,0.29,0.8,-0.0
1576,2013-05-17 20:00:00,0.017638584598898888,0.006749741733074188,0.800000011920929,0.0,0.0,0.275,0.5182502701878547,-0.0
1577,2013-05-17 20:30:00,0.4423997402191162,0.0,0.800000011920929,0.0,0.0,0.21,0.590000011920929,-0.0
1578,2013-05-17 21:00:00,0.511603057384491,0.0,0.800000011920929,0.0,0.0,0.201,0.5990000119209289,-0.0
1579,2013-05-17 21:30:00,0.5487001538276672,0.0,0.800000011920929,0.0,0.0,0.228,0.572000011920929,-0.0
1580,2013-05-17 22:00:00,0.4941645562648773,0.0,0.800000011920929,0.0,0.0,0.049,0.7510000119209289,-0.0
1581,2013-05-17 22:30:00,0.6251260638237,0.014961143024265766,0.800000011920929,0.0,0.0,0.319,0.4660388688966632,-0.0
1582,2013-05-17 23:00:00,0.3834749162197113,0.032291509211063385,0.800000011920929,0.0,0.0,0.964,0.0,-0.05299870426833629
1583,2013-05-17 23:30:00,0.08843803405761719,0.06081680208444595,0.800000011920929,0.0,0.0,1.579,0.0,-0.2267505333441496
1584,2013-05-18 00:00:00,0.25222674012184143,0.05993614345788956,0.800000011920929,0.0,1.044,0.047,0.0,-0.04308361315369607
1585,2013-05-18 00:30:00,0.31148791313171387,0.49412035942077637,0.800000011920929,0.0,1.238,0.578,0.0,-0.24927203474998474
1586,2013-05-18 01:00:00,0.0,0.26176339387893677,0.46816617250442505,0.0,1.231,0.63,0.0,-0.27255972213745117
1587,2013-05-18 01:30:00,0.0022324074525386095,0.800000011920929,0.11270464956760406,0.0,0.506,0.557,0.687295350432396,-0.040579747835397716
1588,2013-05-18 02:00:00,0.303281307220459,0.1902017742395401,0.800000011920929,0.0,0.306,0.608,0.0,-0.021273965059518826
1589,2013-05-18 02:30:00,0.23193223774433136,0.7094650864601135,0.800000011920929,0.0,0.85,0.505,0.0,-0.21229650745391848
1590,2013-05-18 03:00:00,0.0,0.03154660016298294,0.800000011920929,0.0,0.0,0.608,0.16045341175794603,-0.0
1591,2013-05-18 03:30:00,0.3578740954399109,0.800000011920929,0.800000011920929,0.0,0.0,0.6659999999999999,0.6130931764841079,-0.0
1592,2013-05-18 04:00:00,0.02775440737605095,0.0863410159945488,0.800000011920929,0.0,0.506,0.099,0.10865899592638015,-0.0
1593,2013-05-18 04:30:00,0.13127963244915009,0.7656481266021729,0.800000011920929,0.0,0.513,0.026,0.8,-0.0
1594,2013-05-18 05:00:00,0.0,0.17942017316818237,0.2633175253868103,0.0,0.0,0.118,0.5366824746131897,-0.009207714900970458
1595,2013-05-18 05:30:00,0.5076305270195007,0.13436199724674225,0.5381172895431519,0.0,0.0,0.659,0.13292718231678013,-0.06891607107996942
1596,2013-05-18 06:00:00,0.03152557462453842,0.7497647404670715,0.7568372488021851,0.0,0.0,0.08800000000000001,0.8,-0.0
1597,2013-05-18 06:30:00,0.5266145467758179,0.05443530157208443,0.7669702172279358,0.0,0.0,0.691,0.05456469842791567,-0.0
1598,2013-05-18 07:00:00,0.22463659942150116,0.7698776125907898,0.5869951844215393,0.0,0.0,0.487,0.8,-0.0
1599,2013-05-18 07:30:00,0.2705412209033966,0.0,0.800000011920929,0.006,0.0,0.541,0.2590000119209289,-0.0
1600,2013-05-18 08:00:00,0.34577667713165283,0.7725338339805603,0.7855699062347412,0.025,0.0,0.207,0.8,-0.0
1601,2013-05-18 08:30:00,0.0,0.14252232015132904,0.774774968624115,0.038,0.0,0.101,0.5944776798486711,-0.0
1602,2013-05-18 09:00:00,0.7036722302436829,0.06648758053779602,0.4566766321659088,0.05,0.0,0.389,0.2554776798486711,-0.0
1603,2013-05-18 09:30:00,0.49763375520706177,0.7697698473930359,0.6791090369224548,0.35,0.0,0.059,0.3602747929096221,-0.0
1604,2013-05-18 10:00:00,0.31819725036621094,0.12817491590976715,0.6232207417488098,0.569,0.0,0.062,0.8,-0.0
1605,2013-05-18 10:30:00,0.0,0.07549574971199036,0.6946024298667908,0.7440000000000001,0.0,0.081,0.8,-0.0
1606,2013-05-18 11:00:00,0.0,0.18834324181079865,0.6782907247543335,0.813,0.0,0.063,0.8,-0.0
1607,2013-05-18 11:30:00,0.0,0.4931093454360962,0.7730653285980225,0.8809999999999999,0.0,0.077,0.8,-0.0
1608,2013-05-18 12:00:00,0.017075426876544952,0.594992995262146,0.7848789095878601,0.975,0.0,0.465,0.6979315778613091,-0.0
1609,2013-05-18 12:30:00,0.016207242384552956,0.6667332649230957,0.800000011920929,1.106,0.0,0.11,0.8,-0.0
1610,2013-05-18 13:00:00,0.22866004705429077,0.5871191620826721,0.800000011920929,1.175,0.0,0.042,0.8,-0.0
1611,2013-05-18 13:30:00,0.2747027277946472,0.542634904384613,0.800000011920929,1.244,0.0,0.087,0.8,-0.0
1612,2013-05-18 14:00:00,0.24525822699069977,0.40758970379829407,0.800000011920929,1.194,0.0,0.036000000000000004,0.8,-0.0
1613,2013-05-18 14:30:00,0.23093777894973755,0.7166606783866882,0.7942681908607483,1.075,0.0,0.094,0.8,-0.0
1614,2013-05-18 15:00:00,0.24436992406845093,0.4002397954463959,0.7964363098144531,0.925,0.0,0.031,0.8,-0.0
1615,2013-05-18 15:30:00,0.0,0.7261701822280884,0.7903926968574524,0.6809999999999999,0.0,0.155,0.5998298177719117,-0.0
1616,2013-05-18 16:00:00,0.19018909335136414,0.31782495975494385,0.7782773971557617,0.35,0.0,0.17800000000000002,0.48394812464714043,-0.0
1617,2013-05-18 16:30:00,0.31711989641189575,0.4548785984516144,0.5931505560874939,0.069,0.0,0.159,0.680225152254105,-0.0
1618,2013-05-18 17:00:00,0.5293222665786743,0.187743678689003,0.6014677882194519,0.006,0.0,0.158,0.6818060168027872,-0.0
1619,2013-05-18 17:30:00,0.4525739252567291,0.0802847370505333,0.7764020562171936,0.0,0.0,0.324,0.3721173191666603,-0.0
1620,2013-05-18 18:00:00,0.18972811102867126,0.015556671656668186,0.5565447211265564,0.0,0.0,0.233,0.3079880494698882,-0.0
1621,2013-05-18 18:30:00,0.14750221371650696,0.0698656439781189,0.5361841320991516,0.0,0.0,0.316,0.1503184881210327,-0.0
1622,2013-05-18 19:00:00,0.450192928314209,0.781989336013794,0.6227599382400513,0.0,0.0,0.247,0.8,-0.0
1623,2013-05-18 19:30:00,0.3122408092021942,0.18379057943820953,0.7894516587257385,0.0,0.0,0.262,0.3542094205617905,-0.0
1624,2013-05-18 20:00:00,0.25481751561164856,0.4383539855480194,0.6806925535202026,0.0,0.0,0.24,0.11420942056179051,-0.0
1625,2013-05-18 20:30:00,0.184480682015419,0.7557107210159302,0.800000011920929,0.0,0.0,0.179,0.8,-0.0
1626,2013-05-18 21:00:00,0.43711328506469727,0.10878723859786987,0.7610576152801514,0.0,0.0,0.28,0.41121276140213014,-0.0
1627,2013-05-18 21:30:00,0.3894534111022949,0.0,0.5681167244911194,0.0,0.0,0.181,0.3871167244911194,-0.0
1628,2013-05-18 22:00:00,0.20696523785591125,0.0100925387814641,0.5381227135658264,0.0,0.0,0.394,0.1340301747843623,-0.0
1629,2013-05-18 22:30:00,0.5121298432350159,0.7990569472312927,0.6438193917274475,0.0,0.0,0.07,0.8,-0.0
1630,2013-05-18 23:00:00,0.0,0.22238104045391083,0.7652479410171509,0.0,0.0,0.098,0.47961895954608924,-0.0
1631,2013-05-18 23:30:00,0.5121022462844849,0.249372199177742,0.5374398827552795,0.0,0.0,0.722,0.1915512759685517,-0.11716172543406486
1632,2013-05-19 00:00:00,0.07187757641077042,0.7649083137512207,0.7561421990394592,0.0,1.069,0.069,0.11398913431167584,-0.0
1633,2013-05-19 00:30:00,0.19970235228538513,0.7685195803642273,0.33057746291160583,0.0,1.225,0.105,0.4694225370883942,-0.05744203860759733
1634,2013-05-19 01:00:00,0.0,0.3395426571369171,0.06207592785358429,0.0,1.213,0.035,0.7379240721464158,-0.09238118034601213
1635,2013-05-19 01:30:00,0.11102613061666489,0.016251293942332268,0.7902331948280334,0.0,0.175,0.104,0.49498190088570115,-0.0
1636,2013-05-19 02:00:00,0.6159071922302246,0.17463268339633942,0.4596543610095978,0.0,0.519,0.026,0.2099602232724428,-0.03041783223867417
1637,2013-05-19 02:30:00,0.31664174795150757,0.03724405914545059,0.02545175328850746,0.0,0.6940000000000001,0.099,0.22175252912938592,-0.09730923058569432
1638,2013-05-19 03:00:00,0.6751967072486877,0.0,0.6710391044616699,0.0,0.0,0.051,0.6200391044616699,-0.0
1639,2013-05-19 03:30:00,0.5844513773918152,0.0,0.7994057536125183,0.0,0.0,0.733,0.06640575361251833,-0.0
1640,2013-05-19 04:00:00,0.20616565644741058,0.7432003021240234,0.45406001806259155,0.0,0.244,0.025,0.8,-0.0
1641,2013-05-19 04:30:00,0.0195310115814209,0.3081798851490021,0.7975143194198608,0.0,0.769,0.092,0.0024856805801392046,-0.05280655657291414
1642,2013-05-19 05:00:00,0.3484083116054535,0.5392664670944214,0.7757889628410339,0.0,0.0,0.055,0.18152249574661256,-0.0
1643,2013-05-19 05:30:00,0.3292982280254364,0.7693713307380676,0.7944560050964355,0.0,0.0,0.716,0.5515836777687073,-0.0
1644,2013-05-19 06:00:00,0.0549931526184082,0.026588253676891327,0.800000011920929,0.0,0.0,0.034,0.7394117582440376,-0.0
1645,2013-05-19 06:30:00,0.6032745242118835,0.0,0.7775304913520813,0.0,0.0,0.086,0.6915304913520813,-0.0
1646,2013-05-19 07:00:00,0.6527947783470154,0.0,0.800000011920929,0.0,0.0,0.037000000000000005,0.7630000119209289,-0.0
1647,2013-05-19 07:30:00,0.6631890535354614,0.0,0.800000011920929,0.013,0.0,0.076,0.724000011920929,-0.0
1648,2013-05-19 08:00:00,0.6548720598220825,0.0,0.7976788282394409,0.025,0.0,0.195,0.6026788282394409,-0.0
1649,2013-05-19 08:30:00,0.5427747368812561,0.0,0.800000011920929,0.038,0.0,0.687,0.1130000119209289,-0.0
1650,2013-05-19 09:00:00,0.28320780396461487,0.800000011920929,0.5974815487861633,0.056,0.0,0.16,0.8,-0.0
1651,2013-05-19 09:30:00,0.19886837899684906,0.11427590250968933,0.6442142128944397,0.306,0.0,0.076,0.7168557184934617,-0.0
1652,2013-05-19 10:00:00,0.03195629268884659,0.06267396360635757,0.6633176207542419,0.5379999999999999,0.0,0.08900000000000001,0.8,-0.0
1653,2013-05-19 10:30:00,0.00460110604763031,0.0380796380341053,0.7339692115783691,0.738,0.0,0.078,0.8,-0.0
1654,2013-05-19 11:00:00,0.0,0.03165186941623688,0.74094158411026,0.8,0.0,0.177,0.8,-0.0
1655,2013-05-19 11:30:00,0.05802091583609581,0.12292343378067017,0.6823920607566833,0.8690000000000001,0.0,0.117,0.8,-0.0
1656,2013-05-19 12:00:00,0.0,0.2172338217496872,0.7442262768745422,0.969,0.0,0.174,0.8,-0.0
1657,2013-05-19 12:30:00,0.0,0.46276143193244934,0.7911257743835449,1.081,0.0,0.162,0.8,-0.0
1658,2013-05-19 13:00:00,0.20452678203582764,0.5265073180198669,0.800000011920929,1.156,0.0,0.12,0.8,-0.0
1659,2013-05-19 13:30:00,0.23475149273872375,0.42169189453125,0.800000011920929,1.225,0.0,0.062,0.8,-0.0
1660,2013-05-19 14:00:00,0.28925028443336487,0.4318094849586487,0.800000011920929,1.188,0.0,0.115,0.8,-0.0
1661,2013-05-19 14:30:00,0.256153404712677,0.49656715989112854,0.800000011920929,1.069,0.0,0.303,0.8,-0.0
1662,2013-05-19 15:00:00,0.16051629185676575,0.5430232286453247,0.800000011920929,0.931,0.0,0.077,0.8,-0.0
1663,2013-05-19 15:30:00,0.1914936602115631,0.43339937925338745,0.800000011920929,0.675,0.0,1.495,0.0,-0.17412111743688585
1664,2013-05-19 16:00:00,0.12010808289051056,0.7996127009391785,0.800000011920929,0.344,0.0,1.6469999999999998,0.0,-0.016992973176240822
1665,2013-05-19 16:30:00,0.0,0.02038802020251751,0.800000011920929,0.063,0.0,1.521,0.0,-0.1831647622360289
1666,2013-05-19 17:00:00,0.22940878570079803,0.025976620614528656,0.800000011920929,0.013,0.0,1.24,0.0,-0.12581368434727191
1667,2013-05-19 17:30:00,0.0,0.04312710091471672,0.774810254573822,0.0,0.0,0.204,0.5276831536591053,-0.0
1668,2013-05-19 18:00:00,0.460080623626709,0.0,0.7758657932281494,0.0,0.0,0.31,0.4658657932281494,-0.0
1669,2013-05-19 18:30:00,0.3583502769470215,0.0,0.7155453562736511,0.0,0.0,0.3,0.41554535627365113,-0.0
1670,2013-05-19 19:00:00,0.3163762390613556,0.0,0.6302579045295715,0.0,0.0,0.264,0.3662579045295715,-0.0
1671,2013-05-19 19:30:00,0.2588825821876526,0.0,0.5680796504020691,0.0,0.0,0.208,0.36007965040206913,-0.0
1672,2013-05-19 20:00:00,0.24926604330539703,0.0,0.5146589279174805,0.0,0.0,0.203,0.31165892791748045,-0.0
1673,2013-05-19 20:30:00,0.2737760543823242,0.7096858024597168,0.44858986139297485,0.0,0.0,0.251,0.8,-0.0
1674,2013-05-19 21:00:00,0.032108407467603683,0.07530001550912857,0.800000011920929,0.0,0.0,0.388,0.3366999964118004,-0.0
1675,2013-05-19 21:30:00,0.3560463786125183,0.6685176491737366,0.6361379027366638,0.0,0.0,0.179,0.8,-0.0
1676,2013-05-19 22:00:00,0.040873799473047256,0.18168702721595764,0.800000011920929,0.0,0.0,0.051,0.5673129847049713,-0.0
1677,2013-05-19 22:30:00,0.6899370551109314,0.10913069546222687,0.55265212059021,0.0,0.0,0.103,0.4643129847049713,-0.0
1678,2013-05-19 23:00:00,0.7326967716217041,0.043228376656770706,0.4317825138568878,0.0,0.0,0.085,0.37931298470497127,-0.0
1679,2013-05-19 23:30:00,0.4196314513683319,0.0,0.49396875500679016,0.0,0.0,0.716,0.0,-0.05994843614816665
1680,2013-05-27 00:00:00,0.026735834777355194,0.03004499524831772,0.5663312673568726,0.0,1.063,0.034,0.0,-0.061851372789144515
1681,2013-05-27 00:30:00,0.4508712589740753,0.00965329259634018,0.800000011920929,0.0,1.238,0.511,0.0,-0.18273532806754114
1682,2013-05-27 01:00:00,0.0,0.004649509210139513,0.800000011920929,0.0,1.231,0.588,0.0,-0.20232494972892107
1683,2013-05-27 01:30:00,0.0,0.0,0.7952885627746582,0.0,1.238,0.51,0.0,-0.1819711437225342
1684,2013-05-27 02:00:00,0.0,0.0,0.800000011920929,0.0,1.244,0.6659999999999999,0.0,-0.22421999880790708
1685,2013-05-27 02:30:00,0.0,0.0,0.800000011920929,0.0,1.225,0.275,0.0,-0.11674999880790712
1686,2013-05-27 03:00:00,0.7603986263275146,0.0,0.7871251702308655,0.0,0.019,0.13,0.6381251702308655,-0.0
1687,2013-05-27 03:30:00,0.590536892414093,0.014132404699921608,0.7944517731666565,0.0,0.619,0.652,0.0,-0.1324837705139816
1688,2013-05-27 04:00:00,0.16698898375034332,0.010641002096235752,0.7957291007041931,0.0,0.563,0.102,0.12008809860795742,-0.0
1689,2013-05-27 04:30:00,0.21476751565933228,0.7703880071640015,0.800000011920929,0.0,0.0,0.037000000000000005,0.8,-0.0
1690,2013-05-27 05:00:00,0.3175182640552521,0.1083301454782486,0.7341964840888977,0.0,0.0,0.13699999999999998,0.5546698545217514,-0.0
1691,2013-05-27 05:30:00,0.7688032388687134,0.07426799833774567,0.42072251439094543,0.0,0.0,0.6509999999999999,0.20821533846855167,-0.08222728066563605
1692,2013-05-27 06:00:00,0.07103842496871948,0.800000011920929,0.7892284393310547,0.0,0.913,0.095,0.1755693111419678,-0.0
1693,2013-05-27 06:30:00,0.31330278515815735,0.800000011920929,0.6972649693489075,0.0,0.094,0.028,0.8,-0.0
1694,2013-05-27 07:00:00,0.012271742336452007,0.4928572475910187,0.7540355324745178,0.0,0.0,0.101,0.20614275240898136,-0.0
1695,2013-05-27 07:30:00,0.3667764961719513,0.800000011920929,0.7506963610649109,0.0,0.0,0.038,0.8,-0.0
1696,2013-05-27 08:00:00,0.030454685911536217,0.40103745460510254,0.7646372318267822,0.025,0.0,0.192,0.2069625453948975,-0.0
1697,2013-05-27 08:30:00,0.38608676195144653,0.800000011920929,0.800000011920929,0.094,0.0,0.115,0.8,-0.0
1698,2013-05-27 09:00:00,0.016587600111961365,0.26062101125717163,0.44553741812705994,0.119,0.0,0.405,0.3544625818729401,-0.031771222175359735
1699,2013-05-27 09:30:00,0.6129642128944397,0.6620602607727051,0.7760277986526489,0.16899999999999998,0.0,0.031,0.6600145754814147,-0.0
1700,2013-05-27 10:00:00,0.0038252603262662888,0.38912880420684814,0.37348997592926025,0.3,0.0,0.103,0.8,-0.0
1701,2013-05-27 10:30:00,0.020365314558148384,0.11709369719028473,0.4017302393913269,0.738,0.0,0.029,0.8,-0.0
1702,2013-05-27 11:00:00,0.02463914081454277,0.14551234245300293,0.7473278045654297,0.794,0.0,0.11,0.8,-0.0
1703,2013-05-27 11:30:00,0.0,0.2958582043647766,0.7531010508537292,0.8059999999999999,0.0,0.032,0.8,-0.0
1704,2013-05-27 12:00:00,0.0,0.6018611788749695,0.800000011920929,0.638,0.0,0.147,0.6891388330459594,-0.0
1705,2013-05-27 12:30:00,0.06065376102924347,0.33046361804008484,0.7950398921966553,0.556,0.0,0.467,0.5982974327802661,-0.0
1706,2013-05-27 13:00:00,0.0,0.5518568158149719,0.7765461802482605,0.813,0.0,0.134,0.8,-0.0
1707,2013-05-27 13:30:00,0.0,0.5992758870124817,0.800000011920929,0.6940000000000001,0.0,0.028,0.8,-0.0
1708,2013-05-27 14:00:00,0.0,0.22972579300403595,0.800000011920929,0.763,0.0,0.112,0.8,-0.0
1709,2013-05-27 14:30:00,0.0,0.29952123761177063,0.7502337694168091,0.769,0.0,0.029,0.8,-0.0
1710,2013-05-27 15:00:00,0.0,0.4803525507450104,0.800000011920929,0.894,0.0,0.109,0.8,-0.0
1711,2013-05-27 15:30:00,0.0,0.5949134230613708,0.800000011920929,0.506,0.0,0.028,0.6830865888595581,-0.0
1712,2013-05-27 16:00:00,0.01463865302503109,0.20133978128433228,0.7397298216819763,0.28800000000000003,0.0,0.131,0.8,-0.0
1713,2013-05-27 16:30:00,0.004947966895997524,0.07381676882505417,0.5215346217155457,0.044,0.0,0.05,0.7152352642789483,-0.0
1714,2013-05-27 17:00:00,0.3135986328125,0.017560917884111404,0.660243570804596,0.006,0.0,0.115,0.6062352642789484,-0.0
1715,2013-05-27 17:30:00,0.529910147190094,0.0008940387051552534,0.800000011920929,0.0,0.0,0.687,0.11210597321577365,-0.0
1716,2013-05-27 18:00:00,0.2914176285266876,0.800000011920929,0.6909557580947876,0.0,0.0,0.945,0.43078804164752393,-0.0
1717,2013-05-27 18:30:00,0.07608499377965927,0.43125277757644653,0.800000011920929,0.0,0.0,0.722,0.38517115104943445,-0.0
1718,2013-05-27 19:00:00,0.24967773258686066,0.5668338537216187,0.800000011920929,0.0,0.0,0.217,0.8,-0.0
1719,2013-05-27 19:30:00,0.3510630428791046,0.1771177053451538,0.800000011920929,0.0,0.0,0.281,0.3418823065757751,-0.0
1720,2013-05-27 20:00:00,0.2841227948665619,0.5645714998245239,0.7027171850204468,0.0,0.0,0.268,0.8,-0.0
1721,2013-05-27 20:30:00,0.38975802063941956,0.12950018048286438,0.800000011920929,0.0,0.0,0.247,0.4234998314380646,-0.0
1722,2013-05-27 21:00:00,0.4930119514465332,0.03269753232598305,0.6300891041755676,0.0,0.0,0.15,0.44739157184958456,-0.0
1723,2013-05-27 21:30:00,0.38198885321617126,0.0238950178027153,0.6272825002670288,0.0,0.0,0.615,0.0,-0.003135379734635351
1724,2013-05-27 22:00:00,0.11173411458730698,0.07357864826917648,0.5157660245895386,0.0,0.0,0.054000000000000006,0.3881873763203621,-0.0
1725,2013-05-27 22:30:00,0.37959158420562744,0.0262441523373127,0.4239187240600586,0.0,0.0,0.111,0.2866745717227459,-0.0
1726,2013-05-27 23:00:00,0.30270522832870483,0.56379634141922,0.49234962463378906,0.0,0.0,0.063,0.8,-0.0
1727,2013-05-27 23:30:00,0.458686500787735,0.03169121965765953,0.7540972828865051,0.0,0.0,0.7290000000000001,0.04590271711349492,-0.001780362928211714
1728,2013-05-28 00:00:00,0.17818009853363037,0.030192553997039795,0.7664413452148438,0.0,1.056,0.512,0.0,-0.1702151208782196
1729,2013-05-28 00:30:00,0.23005300760269165,0.0010304333409294486,0.800000011920929,0.0,1.231,0.096,0.0,-0.06912304214200006
1730,2013-05-28 01:00:00,0.1902933269739151,0.00231735035777092,0.800000011920929,0.0,1.238,0.045,0.0,-0.056181733843684196
1731,2013-05-28 01:30:00,0.1609998345375061,0.018810726702213287,0.800000011920929,0.0,0.469,0.084,0.22818928521871568,-0.0
1732,2013-05-28 02:00:00,0.4251556694507599,0.800000011920929,0.800000011920929,0.0,0.331,0.055,0.7576214295625686,-0.0
1733,2013-05-28 02:30:00,0.021742137148976326,0.21938751637935638,0.42279908061027527,0.0,0.856,0.07200000000000001,0.3772009193897248,-0.07622312948942182
1734,2013-05-28 03:00:00,0.4007846713066101,0.04372604191303253,0.800000011920929,0.0,0.0,0.1,0.6562739700078964,-0.0
1735,2013-05-28 03:30:00,0.47274038195610046,0.06678255647420883,0.7873366475105286,0.0,0.0,0.687,0.03355409103631968,-0.0
1736,2013-05-28 04:00:00,0.10669305920600891,0.03589599207043648,0.7915834188461304,0.0,0.619,0.08199999999999999,0.05468742677569391,-0.0
1737,2013-05-28 04:30:00,0.12685787677764893,0.47518718242645264,0.7901667952537537,0.0,0.35600000000000004,0.059,0.0,-0.020032038717269905
1738,2013-05-28 05:00:00,0.1555096060037613,0.006160561926662922,0.800000011920929,0.0,0.0,0.133,0.660839449994266,-0.0
1739,2013-05-28 05:30:00,0.5040408372879028,0.03201078251004219,0.800000011920929,0.0,0.0,1.485,0.0,-0.19359290805906063
1740,2013-05-28 06:00:00,0.017061877995729446,0.12411031872034073,0.800000011920929,0.0,0.0,0.711,0.0,-0.00947978283584117
1741,2013-05-28 06:30:00,0.15990357100963593,0.04368339478969574,0.794355034828186,0.0,0.0,0.146,0.6046716400384903,-0.0
1742,2013-05-28 07:00:00,0.46725064516067505,0.06803867965936661,0.7877532243728638,0.0,0.0,0.096,0.6237145447134972,-0.0
1743,2013-05-28 07:30:00,0.4942501187324524,0.08406423777341843,0.7251383662223816,0.006,0.0,0.034,0.6070741284489631,-0.0
1744,2013-05-28 08:00:00,0.6103208065032959,0.1082792580127716,0.47770920395851135,0.025,0.0,0.255,0.37707412844896315,-0.0
1745,2013-05-28 08:30:00,0.3037388026714325,0.08233744651079178,0.5150817632675171,0.131,0.0,0.362,0.14607412844896317,-0.0
1746,2013-05-28 09:00:00,0.6542357802391052,0.800000011920929,0.6697134375572205,0.15,0.0,0.157,0.8,-0.0
1747,2013-05-28 09:30:00,0.0,0.2664969265460968,0.4041573703289032,0.219,0.0,0.037000000000000005,0.7155030734539032,-0.0
1748,2013-05-28 10:00:00,0.0,0.28190791606903076,0.44326645135879517,0.35600000000000004,0.0,0.118,0.8,-0.0
1749,2013-05-28 10:30:00,0.0,0.09044019132852554,0.5063945651054382,0.481,0.0,0.05,0.8,-0.0
1750,2013-05-28 11:00:00,0.0,0.047191351652145386,0.7245068550109863,0.606,0.0,0.313,0.8,-0.0
1751,2013-05-28 11:30:00,0.44321247935295105,0.382231205701828,0.7333884239196777,0.6629999999999999,0.0,0.096,0.5415563149452209,-0.0
1752,2013-05-28 12:00:00,0.08852288126945496,0.22567123174667358,0.6342265605926514,0.8,0.0,0.116,0.8,-0.0
1753,2013-05-28 12:30:00,0.0,0.1383996456861496,0.7916068434715271,0.7809999999999999,0.0,0.034,0.8,-0.0
1754,2013-05-28 13:00:00,0.0,0.12037797272205353,0.7885388135910034,0.725,0.0,0.107,0.8,-0.0
1755,2013-05-28 13:30:00,0.02820654585957527,0.12441830337047577,0.7300881147384644,0.556,0.0,0.042,0.8,-0.0
1756,2013-05-28 14:00:00,0.020576830953359604,0.04070242494344711,0.6379044651985168,0.28800000000000003,0.0,0.098,0.8,-0.0
1757,2013-05-28 14:30:00,0.0487293042242527,0.05228980630636215,0.686279833316803,0.231,0.0,0.052000000000000005,0.8,-0.0
1758,2013-05-28 15:00:00,0.0,0.05516934394836426,0.6720182299613953,0.056,0.0,0.08800000000000001,0.7128306560516359,-0.0
1759,2013-05-28 15:30:00,0.41218844056129456,0.04036438837647438,0.6889565587043762,0.15,0.0,0.282,0.5648049555718899,-0.0
1760,2013-05-28 16:00:00,0.315799355506897,0.08967641741037369,0.7772601842880249,0.08800000000000001,0.0,0.28800000000000003,0.3995837668776512,-0.0
1761,2013-05-28 16:30:00,0.2727454602718353,0.028340643271803856,0.642723798751831,0.05,0.0,0.121,0.4933831554800272,-0.0
1762,2013-05-28 17:00:00,0.364585280418396,0.02936830371618271,0.7425504326820374,0.0,0.0,0.211,0.5021821289658547,-0.0
1763,2013-05-28 17:30:00,0.3998769223690033,0.041020121425390244,0.800000011920929,0.0,0.0,0.202,0.5569798904955388,-0.0
1764,2013-05-28 18:00:00,0.47008711099624634,0.0413905568420887,0.800000011920929,0.0,0.0,0.3,0.45860945507884027,-0.0
1765,2013-05-28 18:30:00,0.35574132204055786,0.023050224408507347,0.7948586344718933,0.0,0.0,0.306,0.46580841006338597,-0.0
1766,2013-05-28 19:00:00,0.3406405746936798,0.035850536078214645,0.7800183296203613,0.0,0.0,0.365,0.3791677935421467,-0.0
1767,2013-05-28 19:30:00,0.26855576038360596,0.026514839380979538,0.7145676016807556,0.0,0.0,0.399,0.28905276229977606,-0.0
1768,2013-05-28 20:00:00,0.31927210092544556,0.800000011920929,0.7612047791481018,0.0,0.0,0.179,0.8,-0.0
1769,2013-05-28 20:30:00,0.0,0.1946302205324173,0.800000011920929,0.0,0.0,0.246,0.35936979138851166,-0.0
1770,2013-05-28 21:00:00,0.2919234037399292,0.6952776312828064,0.800000011920929,0.0,0.0,0.168,0.8,-0.0
1771,2013-05-28 21:30:00,0.005353282205760479,0.2322787642478943,0.800000011920929,0.0,0.0,0.255,0.31272124767303466,-0.0
1772,2013-05-28 22:00:00,0.2601889669895172,0.7867401242256165,0.800000011920929,0.0,0.0,0.338,0.6498173923492434,-0.0
1773,2013-05-28 22:30:00,0.07910215109586716,0.14001961052417755,0.7709061503410339,0.0,0.0,0.117,0.5328173923492434,-0.0
1774,2013-05-28 23:00:00,0.6584877967834473,0.11206196993589401,0.4123075008392334,0.0,0.0,0.685,0.23257186144590403,-0.10388370665609839
1775,2013-05-28 23:30:00,0.0002632066607475281,0.800000011920929,0.7962547540664673,0.0,0.0,1.612,0.0037452459335327593,-0.12984002480149284
1776,2013-05-29 00:00:00,0.0,0.04023713991045952,0.800000011920929,0.0,1.063,0.073,0.0,-0.05003371279895305
1777,2013-05-29 00:30:00,0.1924409419298172,0.5688272714614868,0.800000011920929,0.0,1.238,0.586,0.0,-0.2589027259540558
1778,2013-05-29 01:00:00,0.0,0.06476689875125885,0.800000011920929,0.0,1.238,0.509,0.0,-0.18770668868303303
1779,2013-05-29 01:30:00,0.0,0.06509805470705032,0.800000011920929,0.0,1.238,0.58,0.0,-0.20690980427861214
1780,2013-05-29 02:00:00,0.0,0.04131702333688736,0.800000011920929,0.0,0.175,0.509,0.07468298858404154,-0.0
1781,2013-05-29 02:30:00,0.18767790496349335,0.800000011920929,0.800000011920929,0.0,0.606,0.5770000000000001,0.26763402283191684,-0.0
1782,2013-05-29 03:00:00,0.21923722326755524,0.800000011920929,0.7528411149978638,0.0,0.6,0.544,0.047158885002136275,-0.034135274498462646
1783,2013-05-29 03:30:00,0.7069168090820312,0.800000011920929,0.7336965203285217,0.0,0.0,0.921,0.5846822180747986,-0.0
1784,2013-05-29 04:00:00,0.1337568759918213,0.021831996738910675,0.800000011920929,0.0,0.0,0.039,0.7391680151820182,-0.0
1785,2013-05-29 04:30:00,0.5326550006866455,0.009054413065314293,0.7106940150260925,0.0,0.7809999999999999,0.081,0.03752841322124001,-0.02980603980392217
1786,2013-05-29 05:00:00,0.24815921485424042,0.0,0.800000011920929,0.0,0.275,0.083,0.4420000119209289,-0.0
1787,2013-05-29 05:30:00,0.4425082802772522,0.4986758828163147,0.7394832372665405,0.0,0.0,0.6859999999999999,0.3313240933418278,-0.0
1788,2013-05-29 06:00:00,0.005296200513839722,0.7578584551811218,0.7901459336280823,0.0,0.0,0.061,0.8,-0.0
1789,2013-05-29 06:30:00,0.0,0.37842807173728943,0.800000011920929,0.0,0.0,0.055,0.36657194018363953,-0.0
1790,2013-05-29 07:00:00,0.4599372446537018,0.6719577312469482,0.7973631024360657,0.0,0.0,0.084,0.8,-0.0
1791,2013-05-29 07:30:00,0.0,0.3742140829563141,0.800000011920929,0.019,0.0,0.044,0.4007859289646149,-0.0
1792,2013-05-29 08:00:00,0.44853585958480835,0.6143742203712463,0.7660494446754456,0.081,0.0,0.23,0.592053921699524,-0.0
1793,2013-05-29 08:30:00,0.25411859154701233,0.36060309410095215,0.5096907019615173,0.05,0.0,0.092,0.6632890625,-0.0
1794,2013-05-29 09:00:00,0.5259082913398743,0.2155982255935669,0.5903153419494629,0.119,0.0,0.123,0.4968236494064333,-0.0
1795,2013-05-29 09:30:00,0.611282467842102,0.15212750434875488,0.537881076335907,0.269,0.0,0.398,0.3182251968383786,-0.0
1796,2013-05-29 10:00:00,0.4202679991722107,0.4745681881904602,0.7373509407043457,0.369,0.0,0.081,0.46998141813278277,-0.0
1797,2013-05-29 10:30:00,0.14644858241081238,0.507157564163208,0.582098662853241,0.7,0.0,0.073,0.8,-0.0
1798,2013-05-29 11:00:00,0.0,0.4097367525100708,0.800000011920929,0.794,0.0,0.067,0.8,-0.0
1799,2013-05-29 11:30:00,0.04989030212163925,0.5945351719856262,0.7852538824081421,0.825,0.0,0.085,0.8,-0.0
1800,2013-05-29 12:00:00,0.3228360116481781,0.6151761412620544,0.7824992537498474,0.9,0.0,0.084,0.6779878470897674,-0.0
1801,2013-05-29 12:30:00,0.2642170488834381,0.5156064629554749,0.7822574377059937,0.969,0.0,0.146,0.8,-0.0
1802,2013-05-29 13:00:00,0.2820580303668976,0.7046989798545837,0.800000011920929,1.006,0.0,0.14400000000000002,0.6752430016994476,-0.0
1803,2013-05-29 13:30:00,0.35287532210350037,0.3456539511680603,0.7995359301567078,1.075,0.0,0.08800000000000001,0.8,-0.0
1804,2013-05-29 14:00:00,0.08971589058637619,0.7932778000831604,0.800000011920929,1.1,0.0,0.55,0.4670063212513924,-0.0
1805,2013-05-29 14:30:00,0.48926329612731934,0.04001901298761368,0.800000011920929,1.0,0.0,0.14,0.8,-0.0
1806,2013-05-29 15:00:00,0.0,0.5394188165664673,0.7924689054489136,0.856,0.0,0.043,0.8,-0.0
1807,2013-05-29 15:30:00,0.3297885060310364,0.6378713846206665,0.7932044863700867,0.581,0.0,0.954,0.0067955136299133745,-0.1478129591560364
1808,2013-05-29 16:00:00,0.35046789050102234,0.800000011920929,0.7121049761772156,0.156,0.0,0.938,0.3364089608192442,-0.0
1809,2013-05-29 16:30:00,0.30056700110435486,0.7876671552658081,0.7384583950042725,0.006,0.0,0.439,0.4885149230957036,-0.0
1810,2013-05-29 17:00:00,0.1183643713593483,0.7111021876335144,0.7614181637763977,0.0,0.0,0.152,0.5598679661750786,-0.0
1811,2013-05-29 17:30:00,0.05533928796648979,0.5846579670906067,0.6782631278038025,0.0,0.0,0.188,0.5076061005592363,-0.0
1812,2013-05-29 18:00:00,0.32898053526878357,0.758144199848175,0.7727311253547668,0.0,0.0,0.14800000000000002,0.4786435990333525,-0.0
1813,2013-05-29 18:30:00,0.4890629053115845,0.7716415524482727,0.7768427133560181,0.0,0.0,0.4370000000000001,0.2340712494850224,-0.0
1814,2013-05-29 19:00:00,0.30681267380714417,0.7817749977111816,0.800000011920929,0.0,0.0,0.953,0.19708251523970277,-0.0
1815,2013-05-29 19:30:00,0.0,0.7837012410163879,0.7232305407524109,0.0,0.0,0.206,0.8,-0.0
1816,2013-05-29 20:00:00,0.020747002214193344,0.11653026193380356,0.7949259877204895,0.0,0.0,0.159,0.5244697380661965,-0.0
1817,2013-05-29 20:30:00,0.7114496827125549,0.1253299117088318,0.4456567168235779,0.0,0.0,0.261,0.26346973806619645,-0.0
1818,2013-05-29 21:00:00,0.3825126886367798,0.800000011920929,0.4991612732410431,0.0,0.0,0.17,0.8,-0.0
1819,2013-05-29 21:30:00,0.0,0.1786184012889862,0.800000011920929,0.0,0.0,0.639,0.0,-0.004756965129375461
1820,2013-05-29 22:00:00,0.16025739908218384,0.04549457132816315,0.800000011920929,0.0,0.0,0.061,0.6935054405927659,-0.0
1821,2013-05-29 22:30:00,0.5860270857810974,0.024075737223029137,0.800000011920929,0.0,0.0,0.104,0.6719242746978998,-0.0
1822,2013-05-29 23:00:00,0.6013532876968384,0.05680035054683685,0.800000011920929,0.0,0.0,0.094,0.6491996613740921,-0.0
1823,2013-05-29 23:30:00,0.5707927346229553,0.07783609628677368,0.800000011920929,0.0,0.0,0.701,0.021163915634155317,-0.0
1824,2013-05-30 00:00:00,0.1679140329360962,0.04728724807500839,0.800000011920929,0.0,1.063,0.14300000000000002,0.0,-0.06963872361540795
1825,2013-05-30 00:30:00,0.3502805531024933,0.057548534125089645,0.800000011920929,0.0,1.225,0.065,0.0,-0.06580485222041609
1826,2013-05-30 01:00:00,0.10604187846183777,0.05429350957274437,0.800000011920929,0.0,1.238,0.075,0.0,-0.06947934976518154
1827,2013-05-30 01:30:00,0.10814348608255386,0.05069093033671379,0.800000011920929,0.0,0.519,0.043,0.18730908158421516,-0.0
1828,2013-05-30 02:00:00,0.33742234110832214,0.7804825901985168,0.800000011920929,0.0,0.306,0.08199999999999999,0.8,-0.0
1829,2013-05-30 02:30:00,0.02999074012041092,0.2673274576663971,0.5242247581481934,0.0,0.913,0.036000000000000004,0.2757752418518067,-0.07533026995182039
1830,2013-05-30 03:00:00,0.44148099422454834,0.0067873019725084305,0.800000011920929,0.0,0.0,0.125,0.6682127099484205,-0.0
1831,2013-05-30 03:30:00,0.5774877667427063,0.024988925084471703,0.7997278571128845,0.0,0.0,0.6509999999999999,0.1237389320284129,-0.0
1832,2013-05-30 04:00:00,0.2174738645553589,0.800000011920929,0.6218767762184143,0.0,0.388,0.095,0.8,-0.0
1833,2013-05-30 04:30:00,0.0,0.2520219683647156,0.41825711727142334,0.0,0.631,0.026,0.3817428827285767,-0.05349648510932922
1834,2013-05-30 05:00:00,0.46281206607818604,0.018149007111787796,0.7702249884605408,0.0,0.0,0.13,0.622075981348753,-0.0
1835,2013-05-30 05:30:00,0.5688506960868835,0.0323544442653656,0.800000011920929,0.0,0.0,1.4380000000000002,0.0,-0.18099569673299795
1836,2013-05-30 06:00:00,0.025004522874951363,0.05993738770484924,0.800000011920929,0.0,0.0,0.728,0.012062624216079731,-0.0
1837,2013-05-30 06:30:00,0.16306188702583313,0.026804791763424873,0.800000011920929,0.0,0.0,0.11,0.6631952201575041,-0.0
1838,2013-05-30 07:00:00,0.5949340462684631,0.06154567003250122,0.800000011920929,0.0,0.0,0.093,0.6454543418884278,-0.0
1839,2013-05-30 07:30:00,0.5701575875282288,0.07974475622177124,0.7782837152481079,0.013,0.0,0.35100000000000003,0.34753895902633664,-0.0
1840,2013-05-30 08:00:00,0.29516518115997314,0.0282782930880785,0.6099032759666443,0.063,0.0,0.414,0.1676249828785658,-0.0
1841,2013-05-30 08:30:00,0.7066721320152283,0.800000011920929,0.7476655840873718,0.075,0.0,0.235,0.8,-0.0
1842,2013-05-30 09:00:00,0.13158977031707764,0.13865195214748383,0.5469828844070435,0.138,0.0,0.459,0.2530171155929566,-0.011949886275529864
1843,2013-05-30 09:30:00,0.6980757713317871,0.7763300538063049,0.780753493309021,0.3,0.0,0.159,0.3586357150077819,-0.0
1844,2013-05-30 10:00:00,0.44959622621536255,0.45027151703834534,0.6649557948112488,0.563,0.0,0.149,0.8,-0.0
1845,2013-05-30 10:30:00,0.02108566090464592,0.34068408608436584,0.6611054539680481,0.688,0.0,0.042,0.8,-0.0
1846,2013-05-30 11:00:00,0.0,0.5513258576393127,0.800000011920929,0.775,0.0,0.28800000000000003,0.7356741542816161,-0.0
1847,2013-05-30 11:30:00,0.05190584436058998,0.7189168930053711,0.800000011920929,0.831,0.0,0.17800000000000002,0.7070172772705557,-0.0
1848,2013-05-30 12:00:00,0.2577429413795471,0.4502929747104645,0.800000011920929,0.794,0.0,0.64,0.431929541289806,-0.0
1849,2013-05-30 12:30:00,0.017865249887108803,0.5386610627174377,0.800000011920929,0.963,0.0,0.34600000000000003,0.8,-0.0
1850,2013-05-30 13:00:00,0.001815803232602775,0.7345026135444641,0.7906224131584167,0.994,0.0,0.255,0.8,-0.0
1851,2013-05-30 13:30:00,0.30684882402420044,0.43147560954093933,0.800000011920929,1.063,0.0,0.409,0.7156755783557891,-0.0
1852,2013-05-30 14:00:00,0.01769598200917244,0.7298300266265869,0.800000011920929,0.8,0.0,0.05,0.8,-0.0
1853,2013-05-30 14:30:00,0.2123841941356659,0.44498446583747864,0.800000011920929,0.475,0.0,0.126,0.4916313519477845,-0.0
1854,2013-05-30 15:00:00,0.12698894739151,0.43089795112609863,0.5167325139045715,0.644,0.0,0.171,0.8,-0.0
1855,2013-05-30 15:30:00,0.0,0.2548390030860901,0.6308557391166687,0.444,0.0,0.301,0.68816099691391,-0.0
1856,2013-05-30 16:00:00,0.10848961770534515,0.2870735228061676,0.7190669178962708,0.206,0.0,0.214,0.4031356302499771,-0.0
1857,2013-05-30 16:30:00,0.2650926411151886,0.5042005777359009,0.6879472136497498,0.069,0.0,0.268,0.6835281617641451,-0.0
1858,2013-05-30 17:00:00,0.5477714538574219,0.11832362413406372,0.6388022899627686,0.013,0.0,0.161,0.7276200523376462,-0.0
1859,2013-05-30 17:30:00,0.5618538856506348,0.06285478174686432,0.800000011920929,0.0,0.0,0.211,0.5261452301740647,-0.0
1860,2013-05-30 18:00:00,0.4526645243167877,0.06725767999887466,0.7987754344940186,0.0,0.0,0.14800000000000002,0.5835177544951439,-0.0
1861,2013-05-30 18:30:00,0.5408376455307007,0.1097262054681778,0.7928610444068909,0.0,0.0,0.369,0.3141348389387131,-0.0
1862,2013-05-30 19:00:00,0.21961641311645508,0.6022500395774841,0.5810405611991882,0.0,0.0,0.931,0.2384802825450898,-0.0
1863,2013-05-30 19:30:00,0.0,0.800000011920929,0.33152109384536743,0.0,0.0,0.17600000000000002,0.8,-0.0
1864,2013-05-30 20:00:00,0.0,0.28962135314941406,0.800000011920929,0.0,0.0,0.496,0.014378658771514896,-0.0
1865,2013-05-30 20:30:00,0.13725712895393372,0.800000011920929,0.800000011920929,0.0,0.0,0.312,0.8,-0.0
1866,2013-05-30 21:00:00,0.4881409704685211,0.09695889055728912,0.800000011920929,0.0,0.0,0.276,0.4270411213636398,-0.0
1867,2013-05-30 21:30:00,0.5893627405166626,0.0,0.562382698059082,0.0,0.0,0.5670000000000001,0.0,-0.0012466715240478678
1868,2013-05-30 22:00:00,0.021768469363451004,0.021762344986200333,0.5393553972244263,0.0,0.0,0.172,0.34559305223822595,-0.0
1869,2013-05-30 22:30:00,0.25521647930145264,0.028299402445554733,0.5714337229728699,0.0,0.0,0.224,0.31913432052731516,-0.0
1870,2013-05-30 23:00:00,0.26187562942504883,0.029667196795344353,0.5599996447563171,0.0,0.0,0.166,0.36433244796097275,-0.0
1871,2013-05-30 23:30:00,0.3079445958137512,0.01349286176264286,0.5501000881195068,0.0,0.0,0.81,0.0,-0.07381604888364675
1872,2013-05-31 00:00:00,0.03474080562591553,0.0601363405585289,0.5818189978599548,0.0,1.069,0.929,0.0,-0.30556173426985744
1873,2013-05-31 00:30:00,0.058852702379226685,0.706044614315033,0.800000011920929,0.0,1.231,0.156,0.0,-0.15582446023941043
1874,2013-05-31 01:00:00,0.05980106070637703,0.01899358071386814,0.790465235710144,0.0,1.225,0.16,0.0,-0.08855283450037242
1875,2013-05-31 01:30:00,0.5694870948791504,0.009730523452162743,0.800000011920929,0.0,1.231,0.13699999999999998,0.0,-0.08106305115312339
1876,2013-05-31 02:00:00,0.25016412138938904,0.023575475439429283,0.800000011920929,0.0,0.769,0.177,0.0,-0.045785375149995096
1877,2013-05-31 02:30:00,0.7787268161773682,0.004911502357572317,0.7861495614051819,0.0,0.113,0.122,0.5462380590476096,-0.0
1878,2013-05-31 03:00:00,0.800000011920929,0.0962836965918541,0.38465332984924316,0.0,1.231,0.311,0.2578684257902205,-0.1782330366742611
1879,2013-05-31 03:30:00,0.3310237526893616,0.043267108500003815,0.800000011920929,0.0,0.2,0.81,0.0,-0.06838211607635022
1880,2013-05-31 04:00:00,0.062143221497535706,0.023773597553372383,0.7959173917770386,0.0,0.0,0.212,0.5601437942236662,-0.0
1881,2013-05-31 04:30:00,0.5317654609680176,0.0092160040512681,0.7773023247718811,0.0,0.0,0.117,0.651086320720613,-0.0
1882,2013-05-31 05:00:00,0.6577754020690918,0.0,0.800000011920929,0.0,0.094,0.225,0.481000011920929,-0.0
1883,2013-05-31 05:30:00,0.737966775894165,0.007378904148936272,0.6288167238235474,0.0,0.888,1.464,0.0,-0.4219362180325389
1884,2013-05-31 06:00:00,0.15770357847213745,0.0,0.800000011920929,0.0,0.0,0.812,0.0,-0.0032399967813491973
1885,2013-05-31 06:30:00,0.14782272279262543,0.003643639385700226,0.800000011920929,0.0,0.0,0.03,0.7663563725352287,-0.0
1886,2013-05-31 07:00:00,0.5992298126220703,0.002894183387979865,0.800000011920929,0.0,0.0,0.098,0.6991058285329491,-0.0
1887,2013-05-31 07:30:00,0.6296998858451843,0.0,0.800000011920929,0.006,0.0,0.35700000000000004,0.4430000119209289,-0.0
1888,2013-05-31 08:00:00,0.3085433542728424,0.0,0.7722666263580322,0.025,0.0,0.3,0.47226662635803224,-0.0
1889,2013-05-31 08:30:00,0.3494888246059418,0.0,0.7480414509773254,0.031,0.0,0.337,0.4110414509773254,-0.0
1890,2013-05-31 09:00:00,0.26465582847595215,0.0,0.6855416893959045,0.05,0.0,0.118,0.5675416893959045,-0.0
1891,2013-05-31 09:30:00,0.40084728598594666,0.0,0.7629647850990295,0.25,0.0,0.05,0.8,-0.0
1892,2013-05-31 10:00:00,0.07603202760219574,0.056775160133838654,0.6869192719459534,0.488,0.0,0.156,0.8,-0.0
1893,2013-05-31 10:30:00,0.12000063806772232,0.11756172776222229,0.6084627509117126,0.669,0.0,1.038,0.19343763417005544,-0.0
1894,2013-05-31 11:00:00,0.5397962927818298,0.800000011920929,0.7901716232299805,0.75,0.0,0.893,0.009828376770019576,-0.1509549845516682
1895,2013-05-31 11:30:00,0.2444613128900528,0.800000011920929,0.7220673561096191,0.8190000000000001,0.0,0.369,0.8,-0.0
1896,2013-05-31 12:00:00,0.03396524116396904,0.5865005254745483,0.7386040091514587,0.888,0.0,0.08800000000000001,0.8,-0.0
1897,2013-05-31 12:30:00,0.20927812159061432,0.37453287839889526,0.7796127796173096,0.956,0.0,0.073,0.8,-0.0
1898,2013-05-31 13:00:00,0.09097875654697418,0.6236758232116699,0.7580133080482483,0.994,0.0,0.07,0.8,-0.0
1899,2013-05-31 13:30:00,0.1986163854598999,0.23488400876522064,0.7412803769111633,1.069,0.0,0.08,0.8,-0.0
1900,2013-05-31 14:00:00,0.012158769182860851,0.6698030233383179,0.7492150664329529,1.088,0.0,0.062,0.8,-0.0
1901,2013-05-31 14:30:00,0.20480121672153473,0.1499868929386139,0.7711235880851746,0.981,0.0,0.08900000000000001,0.8,-0.0
1902,2013-05-31 15:00:00,0.0,0.5240753889083862,0.800000011920929,0.8440000000000001,0.0,0.053,0.8,-0.0
1903,2013-05-31 15:30:00,0.12725262343883514,0.3790687322616577,0.7725410461425781,0.55,0.0,0.1,0.7436786442995073,-0.0
1904,2013-05-31 16:00:00,0.0,0.20202240347862244,0.6296970844268799,0.238,0.0,0.042,0.8,-0.0
1905,2013-05-31 16:30:00,0.0,0.07776938378810883,0.6605274081230164,0.019,0.0,0.111,0.6302306162118912,-0.0
1906,2013-05-31 17:00:00,0.6370447874069214,0.05674952268600464,0.5848737955093384,0.006,0.0,0.455,0.18123061621189124,-0.0
1907,2013-05-31 17:30:00,0.5750952959060669,0.800000011920929,0.6757286190986633,0.0,0.0,0.706,0.5315387556552886,-0.0
1908,2013-05-31 18:00:00,0.019528042525053024,0.2849327325820923,0.7746329307556152,0.0,0.0,0.293,0.7589897561073307,-0.0
1909,2013-05-31 18:30:00,0.5004721879959106,0.0823403000831604,0.7795730233192444,0.0,0.0,0.293,0.5066801877021785,-0.0
1910,2013-05-31 19:00:00,0.3954559564590454,0.0372798778116703,0.7490206956863403,0.0,0.0,0.157,0.55474081787467,-0.0
1911,2013-05-31 19:30:00,0.5215568542480469,0.05123886466026306,0.7583988308906555,0.0,0.0,0.214,0.4931599662303925,-0.0
1912,2013-05-31 20:00:00,0.4569220542907715,0.06584146618843079,0.7229591012001038,0.0,0.0,0.18600000000000005,0.4711176350116729,-0.0
1913,2013-05-31 20:30:00,0.5969727039337158,0.07559692114591599,0.5712158679962158,0.0,0.0,0.415,0.08061894685029986,-0.0
1914,2013-05-31 21:00:00,0.6353857517242432,0.800000011920929,0.6881402134895325,0.0,0.0,0.199,0.8,-0.0
1915,2013-05-31 21:30:00,0.5392805337905884,0.14390794932842255,0.7720075845718384,0.0,0.0,0.31,0.3460920506715775,-0.0
1916,2013-05-31 22:00:00,0.29931938648223877,0.1480964720249176,0.527556836605072,0.0,0.0,0.113,0.26646036458015443,-0.0
1917,2013-05-31 22:30:00,0.43660375475883484,0.7664210796356201,0.5251827239990234,0.0,0.0,0.049,0.8,-0.0
1918,2013-05-31 23:00:00,0.005007999483495951,0.3666759431362152,0.7905916571617126,0.0,0.0,0.14800000000000002,0.2853240568637848,-0.0
1919,2013-05-31 23:30:00,0.3387643098831177,0.7561388611793518,0.7753637433052063,0.0,0.0,1.276,0.024636256694793746,-0.061404272532463014
1920,2013-06-01 00:00:00,0.010462669655680656,0.01369143184274435,0.6719202995300293,0.0,0.0,0.06,0.5982288676872849,-0.0
1921,2013-06-01 00:30:00,0.6081263422966003,0.005612340290099382,0.783672034740448,0.0,0.0,0.113,0.6650596944503486,-0.0
1922,2013-06-01 01:00:00,0.6522126197814941,0.00422767223790288,0.800000011920929,0.0,1.069,0.024,0.0,-0.03380276603169739
1923,2013-06-01 01:30:00,0.24219052493572235,0.4905746579170227,0.7997941374778748,0.0,1.244,0.119,0.0,-0.1256080520439148
1924,2013-06-01 02:00:00,0.00521639222279191,0.0,0.7758113145828247,0.0,0.213,0.131,0.43181131458282473,-0.0
1925,2013-06-01 02:30:00,0.5959855914115906,0.19881489872932434,0.48813310265541077,0.0,0.619,0.032,0.1424931106567383,-0.04160817960739136
1926,2013-06-01 03:00:00,0.3335898518562317,0.0,0.10817275196313858,0.0,0.5,0.142,0.03432035869359973,-0.07752272480368615
1927,2013-06-01 03:30:00,0.11815440654754639,0.0,0.0529315359890461,0.0,0.0,0.848,0.0,-0.21466848528295757
1928,2013-06-01 04:00:00,0.03214118257164955,0.08369223773479462,0.5487231016159058,0.0,0.0,0.691,0.0,-0.06101166675209998
1929,2013-06-01 04:30:00,0.0005246938671916723,0.13720381259918213,0.5961883664131165,0.0,0.956,0.086,0.0,-0.07292154461860657
1930,2013-06-01 05:00:00,0.12591765820980072,0.0,0.7737097144126892,0.0,0.0,0.181,0.5927097144126892,-0.0
1931,2013-06-01 05:30:00,0.4946207106113434,0.0,0.7935486435890198,0.0,0.0,0.7290000000000001,0.06454864358901968,-0.0
1932,2013-06-01 06:00:00,0.2330637276172638,0.7662880420684814,0.475147008895874,0.0,0.0,0.7509999999999999,0.7536146707534794,-0.0
1933,2013-06-01 06:30:00,0.24595417082309723,0.0,0.800000011920929,0.013,0.0,0.8059999999999999,0.0,-0.0016199967813491658
1934,2013-06-01 07:00:00,0.12186893075704575,0.0,0.800000011920929,0.044,0.0,0.644,0.15600001192092894,-0.0
1935,2013-06-01 07:30:00,0.41567379236221313,0.7927442789077759,0.7599542140960693,0.106,0.0,0.11,0.8,-0.0
1936,2013-06-01 08:00:00,0.0,0.21317273378372192,0.5885978937149048,0.188,0.0,0.096,0.6788272662162781,-0.0
1937,2013-06-01 08:30:00,0.08502288907766342,0.13377104699611664,0.5603833794593811,0.35,0.0,0.161,0.8,-0.0
1938,2013-06-01 09:00:00,0.016370078548789024,0.048967864364385605,0.55406254529953,0.531,0.0,0.534,0.7316620570868255,-0.0
1939,2013-06-01 09:30:00,0.496565580368042,0.5175843834877014,0.7415220737457275,0.888,0.0,0.131,0.6795259219706056,-0.0
1940,2013-06-01 10:00:00,0.23480011522769928,0.26186054944992065,0.7734835147857666,1.006,0.0,0.14,0.8,-0.0
1941,2013-06-01 10:30:00,0.0,0.7308807373046875,0.7956322431564331,1.081,0.0,0.138,0.8,-0.0
1942,2013-06-01 11:00:00,0.5367597341537476,0.06495537608861923,0.7882686853408813,1.369,0.0,0.154,0.8,-0.0
1943,2013-06-01 11:30:00,0.6256102323532104,0.0,0.800000011920929,1.475,0.0,0.032,0.8,-0.0
1944,2013-06-01 12:00:00,0.7572360038757324,0.0,0.7921282649040222,1.55,0.0,0.102,0.8,-0.0
1945,2013-06-01 12:30:00,0.796149492263794,0.0,0.7840526103973389,1.6,0.0,0.329,0.8,-0.0
1946,2013-06-01 13:00:00,0.800000011920929,0.01963893324136734,0.7958242893218994,1.631,0.0,0.241,0.8,-0.0
1947,2013-06-01 13:30:00,0.7939125299453735,0.01849544607102871,0.800000011920929,1.65,0.0,0.394,0.8,-0.0
1948,2013-06-01 14:00:00,0.800000011920929,0.008530651219189167,0.7896684408187866,1.625,0.0,0.221,0.8,-0.0
1949,2013-06-01 14:30:00,0.800000011920929,0.011521278880536556,0.7975663542747498,1.594,0.0,0.184,0.8,-0.0
1950,2013-06-01 15:00:00,0.7603243589401245,0.02147768810391426,0.800000011920929,1.531,0.0,0.087,0.8,-0.0
1951,2013-06-01 15:30:00,0.7357622981071472,0.013817357830703259,0.7907651662826538,1.444,0.0,0.07200000000000001,0.8,-0.0
1952,2013-06-01 16:00:00,0.7694538831710815,0.0,0.7992638945579529,1.331,0.0,0.16,0.8,-0.0
1953,2013-06-01 16:30:00,0.7420901656150818,0.0,0.7788727879524231,1.194,0.0,0.198,0.8,-0.0
1954,2013-06-01 17:00:00,0.2912595272064209,0.041661232709884644,0.7871711850166321,1.025,0.0,0.063,0.8,-0.0
1955,2013-06-01 17:30:00,0.02082188054919243,0.10322810709476471,0.7818301916122437,0.838,0.0,0.119,0.8,-0.0
1956,2013-06-01 18:00:00,0.012095719575881958,0.12696142494678497,0.7296482920646667,0.631,0.0,0.155,0.8,-0.0
1957,2013-06-01 18:30:00,0.0,0.1093730628490448,0.5002391338348389,0.425,0.0,0.189,0.8,-0.0
1958,2013-06-01 19:00:00,0.07152345776557922,0.09914004057645798,0.5009554624557495,0.15,0.0,0.208,0.5713365016579629,-0.0
1959,2013-06-01 19:30:00,0.5646550059318542,0.07971814274787903,0.6957740187644958,0.05,0.0,0.29100000000000004,0.3303365016579629,-0.0
1960,2013-06-01 20:00:00,0.31132426857948303,0.0271122008562088,0.546193540096283,0.019,0.0,0.168,0.3510813392400741,-0.0
1961,2013-06-01 20:30:00,0.2858806848526001,0.028951136395335197,0.5269089341163635,0.0,0.0,0.177,0.32095779772102834,-0.0
1962,2013-06-01 21:00:00,0.31472647190093994,0.017641432583332062,0.47513824701309204,0.0,0.0,0.25,0.20749681442975998,-0.0
1963,2013-06-01 21:30:00,0.4142082929611206,0.800000011920929,0.589597225189209,0.0,0.0,0.251,0.8,-0.0
1964,2013-06-01 22:00:00,0.03079148381948471,0.08570028096437454,0.800000011920929,0.0,0.0,0.244,0.4702997309565544,-0.0
1965,2013-06-01 22:30:00,0.7323643565177917,0.03232688084244728,0.6265470385551453,0.0,0.0,0.136,0.458220157712698,-0.0
1966,2013-06-01 23:00:00,0.6129860281944275,0.0322093702852726,0.6024635434150696,0.0,0.0,0.532,0.03825417312979695,-0.0
1967,2013-06-01 23:30:00,0.3690227270126343,0.800000011920929,0.6208517551422119,0.0,0.0,0.498,0.8,-0.0
1968,2013-06-02 00:00:00,0.2783563733100891,0.041746098548173904,0.800000011920929,0.0,0.0,0.06,0.698253913372755,-0.0
1969,2013-06-02 00:30:00,0.6219034194946289,0.03666333481669426,0.800000011920929,0.0,0.0,0.196,0.5673366771042347,-0.0
1970,2013-06-02 01:00:00,0.5479897856712341,0.0291888527572155,0.800000011920929,0.0,1.063,0.193,0.0,-0.08132888408362865
1971,2013-06-02 01:30:00,0.74568110704422,0.03336868807673454,0.800000011920929,0.0,1.256,0.181,0.0,-0.09780686761558056
1972,2013-06-02 02:00:00,0.1960885375738144,0.02574821375310421,0.7935938835144043,0.0,0.275,0.239,0.2538456697613001,-0.0
1973,2013-06-02 02:30:00,0.27001407742500305,0.800000011920929,0.7840147018432617,0.0,0.363,0.14800000000000002,0.581308648556471,-0.0
1974,2013-06-02 03:00:00,0.0024972986429929733,0.7125433683395386,0.6624593734741211,0.0,0.725,0.314,0.13754062652587895,-0.11855012919783595
1975,2013-06-02 03:30:00,0.7822439074516296,0.5407008528709412,0.800000011920929,0.0,0.0,0.8640000000000001,0.0,-0.16326922705650335
1976,2013-06-02 04:00:00,0.441231906414032,0.022202812135219574,0.800000011920929,0.0,0.0,0.7440000000000001,0.033797199785709275,-0.0
1977,2013-06-02 04:30:00,0.204189270734787,0.7770254015922546,0.7831829190254211,0.0,0.0,0.092,0.8,-0.0
1978,2013-06-02 05:00:00,0.5588414072990417,0.019973233342170715,0.800000011920929,0.0,0.938,0.114,0.0,-0.04657732214212418
1979,2013-06-02 05:30:00,0.21349431574344635,0.0,0.800000011920929,0.0,0.0,1.335,0.0,-0.14444999678134918
1980,2013-06-02 06:00:00,0.0,0.0,0.7783871293067932,0.0,0.0,1.054,0.0,-0.07441547508716585
1981,2013-06-02 06:30:00,0.009907117113471031,0.0,0.7979642748832703,0.0,0.0,0.487,0.3109642748832703,-0.0
1982,2013-06-02 07:00:00,0.3765777349472046,0.800000011920929,0.7580941319465637,0.025,0.0,0.053,0.8,-0.0
1983,2013-06-02 07:30:00,0.0,0.4360482692718506,0.800000011920929,0.113,0.0,0.209,0.2679517426490784,-0.0
1984,2013-06-02 08:00:00,0.52107834815979,0.7628963589668274,0.7386507987976074,0.175,0.0,0.192,0.5592001557350161,-0.0
1985,2013-06-02 08:30:00,0.20830246806144714,0.4662276804447174,0.528471052646637,0.263,0.0,0.243,0.2715289473533631,-0.01648737273216259
1986,2013-06-02 09:00:00,0.7286547422409058,0.7332611680030823,0.7156062722206116,0.381,0.0,0.36,0.08439372777938847,-0.022332453432083132
1987,2013-06-02 09:30:00,0.3872123956680298,0.7841922640800476,0.7722557783126831,0.438,0.0,0.268,0.45538309335708615,-0.0
1988,2013-06-02 10:00:00,0.4378654360771179,0.46620607376098633,0.6352510452270508,0.706,0.0,0.065,0.8,-0.0
1989,2013-06-02 10:30:00,0.07941202819347382,0.29621976613998413,0.7993677258491516,0.9,0.0,0.255,0.8,-0.0
1990,2013-06-02 11:00:00,0.004978931043297052,0.7319402694702148,0.800000011920929,1.156,0.0,0.19,0.8,-0.0
1991,2013-06-02 11:30:00,0.551031231880188,0.16074585914611816,0.7842097878456116,1.194,0.0,0.086,0.8,-0.0
1992,2013-06-02 12:00:00,0.017197558656334877,0.6975261569023132,0.7788673043251038,1.4,0.0,0.276,0.8,-0.0
1993,2013-06-02 12:30:00,0.687708854675293,0.0,0.7577664852142334,1.394,0.0,0.165,0.8,-0.0
1994,2013-06-02 13:00:00,0.7184709906578064,0.04303773492574692,0.7602055668830872,1.638,0.0,0.241,0.8,-0.0
1995,2013-06-02 13:30:00,0.800000011920929,0.029438897967338562,0.7608363032341003,1.238,0.0,0.256,0.8,-0.0
1996,2013-06-02 14:00:00,0.030744519084692,0.44605007767677307,0.7790172696113586,1.713,0.0,0.334,0.8,-0.0
1997,2013-06-02 14:30:00,0.800000011920929,0.0,0.800000011920929,1.669,0.0,0.07400000000000001,0.8,-0.0
1998,2013-06-02 15:00:00,0.800000011920929,0.0,0.7903543710708618,1.6,0.0,0.151,0.8,-0.0
1999,2013-06-02 15:30:00,0.800000011920929,0.0,0.7783986330032349,1.494,0.0,0.059,0.8,-0.0
2000,2013-06-02 16:00:00,0.800000011920929,0.015453856438398361,0.7805309891700745,1.388,0.0,0.21,0.8,-0.0
2001,2013-06-02 16:30:00,0.7861437797546387,0.02634497731924057,0.800000011920929,1.244,0.0,0.32299999999999995,0.8,-0.0
2002,2013-06-02 17:00:00,0.12167627364397049,0.3561459481716156,0.800000011920929,1.075,0.0,0.129,0.8,-0.0
2003,2013-06-02 17:30:00,0.14982913434505463,0.7016429901123047,0.800000011920929,0.8690000000000001,0.0,0.146,0.6715278874635698,-0.0
2004,2013-06-02 18:00:00,0.27741944789886475,0.17968115210533142,0.789582371711731,0.6559999999999999,0.0,0.109,0.8,-0.0
2005,2013-06-02 18:30:00,0.0,0.10262757539749146,0.6147258877754211,0.394,0.0,0.21,0.8,-0.0
2006,2013-06-02 19:00:00,0.20993463695049286,0.10783962905406952,0.648013710975647,0.081,0.0,0.225,0.46716037094593055,-0.0
2007,2013-06-02 19:30:00,0.43036502599716187,0.021775420755147934,0.6212928891181946,0.031,0.0,0.198,0.40151746836304664,-0.0
2008,2013-06-02 20:00:00,0.2626621723175049,0.0,0.6085748076438904,0.006,0.0,0.191,0.4175748076438904,-0.0
2009,2013-06-02 20:30:00,0.25746607780456543,0.003802662016823888,0.6574909687042236,0.0,0.0,0.206,0.4476883066873998,-0.0
2010,2013-06-02 21:00:00,0.2928199768066406,0.010052653960883617,0.727512776851654,0.0,0.0,0.292,0.42546012289077045,-0.0
2011,2013-06-02 21:30:00,0.28720271587371826,0.050632357597351074,0.7258907556533813,0.0,0.0,0.223,0.4522583980560303,-0.0
2012,2013-06-02 22:00:00,0.35092857480049133,0.03371833264827728,0.6858563423156738,0.0,0.0,0.165,0.4871380096673965,-0.0
2013,2013-06-02 22:30:00,0.34661588072776794,0.005540626123547554,0.764873206615448,0.0,0.0,0.18,0.5793325804919005,-0.0
2014,2013-06-02 23:00:00,0.40107086300849915,0.0163651742041111,0.800000011920929,0.0,0.0,0.736,0.04763483771681787,-0.0
2015,2013-06-02 23:30:00,0.21750478446483612,0.7795284986495972,0.6666064262390137,0.0,0.0,0.754,0.7712018259167672,-0.0
2016,2013-06-24 00:00:00,0.2320738136768341,0.018243458122015,0.790080726146698,0.0,1.069,0.057,0.0,-0.0451062731975317
2017,2013-06-24 00:30:00,0.2374405860900879,0.7370983958244324,0.800000011920929,0.0,1.238,0.912,0.0,-0.36374983839035036
2018,2013-06-24 01:00:00,0.0,0.800000011920929,0.030600696802139282,0.0,1.238,0.8540000000000001,0.7693993031978608,-0.271319931511879
2019,2013-06-24 01:30:00,0.20050203800201416,0.3681713938713074,0.3169208765029907,0.0,1.25,0.145,0.4830791234970093,-0.1631549123764038
2020,2013-06-24 02:00:00,0.10989066958427429,0.00040442286990582943,0.7948738932609558,0.0,1.25,0.138,0.0,-0.08281305296089501
2021,2013-06-24 02:30:00,0.14544299244880676,0.0,0.800000011920929,0.0,0.08800000000000001,0.618,0.094000011920929,-0.0
2022,2013-06-24 03:00:00,0.30269965529441833,0.800000011920929,0.5271592140197754,0.0,0.831,0.6890000000000001,0.27284078598022465,-0.1028270218706131
2023,2013-06-24 03:30:00,0.5084059238433838,0.800000011920929,0.5183414816856384,0.0,0.381,1.154,0.2816585183143616,-0.20583182759284974
2024,2013-06-24 04:00:00,0.3319088816642761,0.7937571406364441,0.7492043375968933,0.0,0.0,0.262,0.7809258227348328,-0.0
2025,2013-06-24 04:30:00,0.01053967047482729,0.04721873998641968,0.800000011920929,0.0,0.05,0.065,0.6759296264648438,-0.0
2026,2013-06-24 05:00:00,0.5781463384628296,0.015542604960501194,0.7160055637359619,0.0,0.944,0.116,0.0,-0.055673704122453926
2027,2013-06-24 05:30:00,0.3146226108074188,0.024928506463766098,0.800000011920929,0.0,0.0,0.789,0.0,-0.003760693526566038
2028,2013-06-24 06:00:00,0.152606800198555,0.020636670291423798,0.800000011920929,0.0,0.0,0.7020000000000001,0.07736334162950509,-0.0
2029,2013-06-24 06:30:00,0.2648810148239136,0.800000011920929,0.4957907795906067,0.0,0.0,0.767,0.6782733048200612,-0.0
2030,2013-06-24 07:00:00,0.17637404799461365,0.0,0.7828658819198608,0.0,0.0,0.097,0.6858658819198609,-0.0
2031,2013-06-24 07:30:00,0.5929039716720581,0.0,0.7733487486839294,0.0,0.0,0.051,0.7223487486839294,-0.0
2032,2013-06-24 08:00:00,0.555518627166748,0.017325567081570625,0.768902599811554,0.0,0.0,0.07400000000000001,0.6775770327299833,-0.0
2033,2013-06-24 08:30:00,0.5236321687698364,0.0,0.7849259972572327,0.0,0.0,0.265,0.5199259972572327,-0.0
2034,2013-06-24 09:00:00,0.3496280312538147,0.0,0.800000011920929,0.0,0.0,0.16,0.6400000119209289,-0.0
2035,2013-06-24 09:30:00,0.47669899463653564,0.0,0.800000011920929,0.069,0.0,0.448,0.35200001192092895,-0.0
2036,2013-06-24 10:00:00,0.2542526125907898,0.0,0.773425281047821,0.156,0.0,0.066,0.707425281047821,-0.0
2037,2013-06-24 10:30:00,0.19799183309078217,0.0,0.7107715606689453,0.206,0.0,0.096,0.8,-0.0
2038,2013-06-24 11:00:00,0.046551622450351715,0.009354437701404095,0.7106100916862488,0.431,0.0,0.057,0.8,-0.0
2039,2013-06-24 11:30:00,0.0,0.008927891030907631,0.6616830229759216,0.8809999999999999,0.0,0.11,0.8,-0.0
2040,2013-06-24 12:00:00,0.0,0.021652717143297195,0.7624624371528625,0.563,0.0,0.664,0.6773472828567028,-0.0
2041,2013-06-24 12:30:00,0.5348619818687439,0.4254957139492035,0.7582648992538452,0.45,0.0,0.706,0.04173510074615483,-0.06765608633905647
2042,2013-06-24 13:00:00,0.3751363456249237,0.7241834998130798,0.5674643516540527,0.306,0.0,1.105,0.2325356483459473,-0.09644112440586093
2043,2013-06-24 13:30:00,0.3723841905593872,0.73004150390625,0.6051919460296631,0.363,0.0,0.846,0.19480805397033696,-0.15171863073348998
2044,2013-06-24 14:00:00,0.30733931064605713,0.39201751351356506,0.760775625705719,0.381,0.0,0.219,0.8,-0.0
2045,2013-06-24 14:30:00,0.10570662468671799,0.027910791337490082,0.5613384246826172,0.275,0.0,0.171,0.770382583975792,-0.0
2046,2013-06-24 15:00:00,0.0814075842499733,0.005226530134677887,0.6379606127738953,0.156,0.0,0.5579999999999999,0.3706007176637651,-0.0
2047,2013-06-24 15:30:00,0.3650878071784973,0.3646666407585144,0.800000011920929,0.15,0.0,1.378,0.0,-0.10364437732458118
2048,2013-06-24 16:00:00,0.04027922451496124,0.0,0.800000011920929,0.075,0.0,1.588,0.0,-0.20338538740038875
2049,2013-06-24 16:30:00,0.2770654559135437,0.0,0.800000011920929,0.019,0.0,1.331,0.0,-0.14336999678134918
2050,2013-06-24 17:00:00,0.05994201451539993,0.0,0.7624581456184387,0.0,0.0,0.969,0.0,-0.05576630068302154
2051,2013-06-24 17:30:00,0.06836734712123871,0.004782974720001221,0.7915797233581543,0.0,0.0,0.483,0.3037967486381531,-0.0
2052,2013-06-24 18:00:00,0.39193084836006165,0.7455813884735107,0.800000011920929,0.0,0.0,0.403,0.6438251261711119,-0.0
2053,2013-06-24 18:30:00,0.11936687678098679,0.07607122510671616,0.800000011920929,0.0,0.0,0.456,0.2679287868142128,-0.0
2054,2013-06-24 19:00:00,0.37219753861427307,0.7600979804992676,0.7160693407058716,0.0,0.0,0.214,0.8,-0.0
2055,2013-06-24 19:30:00,0.0,0.15265026688575745,0.800000011920929,0.0,0.0,0.202,0.4453497450351715,-0.0
2056,2013-06-24 20:00:00,0.606611967086792,0.001071050763130188,0.3863355815410614,0.0,0.0,0.481,0.06008521425724028,-0.02584857668995857
2057,2013-06-24 20:30:00,0.17581775784492493,0.7489115595817566,0.5327310562133789,0.0,0.0,0.17,0.8,-0.0
2058,2013-06-24 21:00:00,0.5805233120918274,0.0,0.800000011920929,0.0,0.0,0.266,0.5340000119209289,-0.0
2059,2013-06-24 21:30:00,0.42271173000335693,0.0,0.800000011920929,0.0,0.0,0.326,0.47400001192092894,-0.0
2060,2013-06-24 22:00:00,0.37974634766578674,0.0,0.800000011920929,0.0,0.0,0.113,0.687000011920929,-0.0
2061,2013-06-24 22:30:00,0.6397185325622559,0.0,0.800000011920929,0.0,0.0,0.056,0.7440000119209289,-0.0
2062,2013-06-24 23:00:00,0.6438676118850708,0.0,0.800000011920929,0.0,0.0,0.127,0.673000011920929,-0.0
2063,2013-06-24 23:30:00,0.6168443560600281,0.0,0.800000011920929,0.0,0.0,0.665,0.13500001192092892,-0.0
2064,2013-06-25 00:00:00,0.31754156947135925,0.756403923034668,0.7046306133270264,0.0,1.063,0.128,0.18259605312347438,-0.0
2065,2013-06-25 00:30:00,0.37287548184394836,0.7624099254608154,0.7323483228683472,0.0,1.231,0.092,0.06765167713165288,-0.027465370883941704
2066,2013-06-25 01:00:00,0.5144622325897217,0.7425047755241394,0.7964263558387756,0.0,1.238,0.047,0.237191870212555,-0.0
2067,2013-06-25 01:30:00,0.2382841259241104,0.7491406798362732,0.647260308265686,0.0,1.231,0.102,0.152739691734314,-0.04826641119956973
2068,2013-06-25 02:00:00,0.2931152880191803,0.7455007433891296,0.3965977728366852,0.0,1.231,0.037000000000000005,0.40340222716331486,-0.03852823540210725
2069,2013-06-25 02:30:00,0.027303015813231468,0.37703126668930054,0.126811221241951,0.0,0.6559999999999999,0.11,0.6536222726106644,-0.12032200454473496
2070,2013-06-25 03:00:00,0.31647640466690063,0.0,0.7873877882957458,0.0,0.188,0.093,0.5063877882957459,-0.0
2071,2013-06-25 03:30:00,0.6804315447807312,0.11964773386716843,0.4826829731464386,0.0,1.013,0.698,0.14335254901647576,-0.25345647607207294
2072,2013-06-25 04:00:00,0.0,0.800000011920929,0.39730387926101685,0.0,0.0,0.038,0.8,-0.0
2073,2013-06-25 04:30:00,0.020084572955965996,0.2557027339935303,0.7660035490989685,0.0,0.0,0.102,0.4422972660064698,-0.0
2074,2013-06-25 05:00:00,0.3810445964336395,0.6250102519989014,0.722344160079956,0.0,0.619,0.083,0.18839521598815906,-0.0
2075,2013-06-25 05:30:00,0.4159168601036072,0.800000011920929,0.7487021684646606,0.0,0.363,0.682,0.17820955610275313,-0.0
2076,2013-06-25 06:00:00,0.22011473774909973,0.7958196401596069,0.7602705955505371,0.0,0.0,0.028,0.8,-0.0
2077,2013-06-25 06:30:00,0.0,0.31738921999931335,0.7434726357460022,0.0,0.0,0.098,0.3846107800006867,-0.0
2078,2013-06-25 07:00:00,0.38406679034233093,0.6605496406555176,0.7666788101196289,0.0,0.0,0.055,0.8,-0.0
2079,2013-06-25 07:30:00,0.0,0.363217294216156,0.7699243426322937,0.0,0.0,0.093,0.34378270578384407,-0.0
2080,2013-06-25 08:00:00,0.39166581630706787,0.6485413312911987,0.7484052777290344,0.025,0.0,0.263,0.7508932571411133,-0.0
2081,2013-06-25 08:30:00,0.06291116774082184,0.09506195783615112,0.7489803433418274,0.081,0.0,0.46,0.36124036014080046,-0.0
2082,2013-06-25 09:00:00,0.29924488067626953,0.36587485671043396,0.70489901304245,0.106,0.0,0.158,0.8,-0.0
2083,2013-06-25 09:30:00,0.12870611250400543,0.08662503212690353,0.653304934501648,0.063,0.0,0.152,0.5613749678730965,-0.0
2084,2013-06-25 10:00:00,0.5793617963790894,0.030543772503733635,0.6521708369255066,0.081,0.0,0.079,0.5633749678730965,-0.0
2085,2013-06-25 10:30:00,0.4062126874923706,0.0010528471320867538,0.6613521575927734,0.1,0.0,0.161,0.5023749678730964,-0.0
2086,2013-06-25 11:00:00,0.33883705735206604,0.02145979553461075,0.7609230279922485,0.138,0.0,0.061,0.6784632324576378,-0.0
2087,2013-06-25 11:30:00,0.19244800508022308,0.0497833713889122,0.6313060522079468,0.14400000000000002,0.0,0.35600000000000004,0.51575339615345,-0.0
2088,2013-06-25 12:00:00,0.3203074038028717,0.20713578164577484,0.755690336227417,0.2,0.0,0.07,0.6913574260473254,-0.0
2089,2013-06-25 12:30:00,0.09186918288469315,0.06150613725185394,0.5712378025054932,0.194,0.0,0.69,0.22876219749450688,-0.012039498583674561
2090,2013-06-25 13:00:00,0.515555202960968,0.800000011920929,0.6827419996261597,0.15,0.0,1.635,0.11725800037384038,-0.2456412499666214
2091,2013-06-25 13:30:00,0.4263382852077484,0.0,0.7844232320785522,0.519,0.0,0.35700000000000004,0.5200849468708038,-0.0
2092,2013-06-25 14:00:00,0.49100688099861145,0.46640464663505554,0.7496467232704163,0.206,0.0,0.08,0.40142545962333714,-0.0
2093,2013-06-25 14:30:00,0.13166110217571259,0.31462275981903076,0.6371780633926392,0.35,0.0,0.915,0.3225430144071575,-0.0
2094,2013-06-25 15:00:00,0.42398443818092346,0.7831705212593079,0.800000011920929,0.463,0.0,1.673,0.0,-0.40775666022777535
2095,2013-06-25 15:30:00,0.617732584476471,0.001683437149040401,0.800000011920929,0.069,0.0,1.628,0.0,-0.22401452481159007
2096,2013-06-25 16:00:00,0.26355457305908203,0.040045127272605896,0.800000011920929,0.081,0.0,1.664,0.0,-0.24409218114495276
2097,2013-06-25 16:30:00,0.37034469842910767,0.02719000168144703,0.800000011920929,0.025,0.0,1.61,0.0,-0.22604129723533992
2098,2013-06-25 17:00:00,0.09575802832841873,0.03205196559429169,0.800000011920929,0.0,0.0,0.659,0.10894804632663724,-0.0
2099,2013-06-25 17:30:00,0.26466718316078186,0.800000011920929,0.5239235758781433,0.0,0.0,0.145,0.8,-0.0
2100,2013-06-25 18:00:00,0.3678784966468811,0.28646570444107056,0.7328097820281982,0.0,0.0,0.8959999999999999,0.0671902179718018,-0.12140709905147551
2101,2013-06-25 18:30:00,0.25103428959846497,0.051707591861486435,0.761695146560669,0.0,0.0,0.225,0.48498755469918253,-0.0
2102,2013-06-25 19:00:00,0.3620901107788086,0.07280316948890686,0.7184848785400391,0.0,0.0,0.228,0.4176817090511322,-0.0
2103,2013-06-25 19:30:00,0.3048427999019623,0.06223288178443909,0.48976948857307434,0.0,0.0,0.203,0.22453660678863524,-0.0
2104,2013-06-25 20:00:00,0.31170254945755005,0.800000011920929,0.48659107089042664,0.0,0.0,0.211,0.8,-0.0
2105,2013-06-25 20:30:00,0.0,0.1918753832578659,0.760820209980011,0.0,0.0,0.209,0.3991246167421342,-0.0
2106,2013-06-25 21:00:00,0.3554607331752777,0.49035194516181946,0.5232154130935669,0.0,0.0,0.195,0.8,-0.0
2107,2013-06-25 21:30:00,0.4112386107444763,0.2093629688024521,0.679398775100708,0.0,0.0,0.431,0.15963703119754796,-0.0
2108,2013-06-25 22:00:00,0.22069092094898224,0.800000011920929,0.7123758792877197,0.0,0.0,0.316,0.8,-0.0
2109,2013-06-25 22:30:00,0.2746284306049347,0.11660715192556381,0.7476973533630371,0.0,0.0,0.115,0.5683928480744362,-0.0
2110,2013-06-25 23:00:00,0.6392238736152649,0.1410176157951355,0.40213024616241455,0.0,0.0,0.731,0.3072802177071572,-0.12686958980083465
2111,2013-06-25 23:30:00,0.007010970264673233,0.800000011920929,0.7134677171707153,0.0,0.0,1.544,0.08653228282928471,-0.17417503714442256
2112,2013-06-26 00:00:00,0.02850724197924137,0.05359513312578201,0.7319087982177734,0.0,1.081,0.029,0.0,-0.04809863349080086
2113,2013-06-26 00:30:00,0.1296675205230713,0.03801695257425308,0.7429385185241699,0.0,1.225,0.815,0.0,-0.2720578434050083
2114,2013-06-26 01:00:00,0.0,0.047361213713884354,0.7590891122817993,0.0,1.231,0.865,0.0,-0.28547721014320854
2115,2013-06-26 01:30:00,0.0,0.03564000129699707,0.7761127352714539,0.0,1.238,0.93,0.0,-0.30085272660255435
2116,2013-06-26 02:00:00,0.0,0.019611410796642303,0.7956547141075134,0.0,0.419,0.857,0.0,-0.1349883081060648
2117,2013-06-26 02:30:00,0.20536410808563232,0.02207147516310215,0.7993157505989075,0.0,0.431,0.449,0.0,-0.027744045632332567
2118,2013-06-26 03:00:00,0.2960403561592102,0.03741871565580368,0.800000011920929,0.0,0.738,0.163,0.0,-0.037373050008416175
2119,2013-06-26 03:30:00,0.5537627339363098,0.039549801498651505,0.7958927154541016,0.0,0.0,1.054,0.0,-0.0803674132320285
2120,2013-06-26 04:00:00,0.03958425670862198,0.045857880264520645,0.7990004420280457,0.0,0.0,0.595,0.15814256176352504,-0.0
2121,2013-06-26 04:30:00,0.3625795841217041,0.800000011920929,0.7708468437194824,0.0,0.0,0.095,0.8,-0.0
2122,2013-06-26 05:00:00,0.04735860228538513,0.2569620609283447,0.800000011920929,0.0,0.969,0.085,0.0,-0.06554620490074156
2123,2013-06-26 05:30:00,0.18501140177249908,0.02666289173066616,0.800000011920929,0.0,0.0,1.075,0.0,-0.08144897754862904
2124,2013-06-26 06:00:00,0.011052949354052544,0.027086922898888588,0.800000011920929,0.0,0.0,0.648,0.12491308902204035,-0.0
2125,2013-06-26 06:30:00,0.2976493835449219,0.800000011920929,0.7318106293678284,0.0,0.0,0.888,0.46217381003499025,-0.0
2126,2013-06-26 07:00:00,0.031053585931658745,0.12944285571575165,0.7894493937492371,0.0,0.0,0.061,0.5990065380334855,-0.0
2127,2013-06-26 07:30:00,0.6974436640739441,0.11378331482410431,0.48538362979888916,0.0,0.0,0.098,0.5010065380334855,-0.0
2128,2013-06-26 08:00:00,0.7219275236129761,0.09668399393558502,0.34541645646095276,0.0,0.0,0.223,0.2780065380334855,-0.0
2129,2013-06-26 08:30:00,0.41778892278671265,0.7920517921447754,0.47182217240333557,0.0,0.0,0.211,0.8,-0.0
2130,2013-06-26 09:00:00,0.011802592314779758,0.17465302348136902,0.800000011920929,0.0,0.0,0.407,0.21834698843955996,-0.0
2131,2013-06-26 09:30:00,0.30600547790527344,0.800000011920929,0.7517088651657104,0.0,0.0,0.149,0.8,-0.0
2132,2013-06-26 10:00:00,0.020282292738556862,0.3728703260421753,0.7699875235557556,0.075,0.0,0.069,0.41284738121926784,-0.0
2133,2013-06-26 10:30:00,0.3863998353481293,0.392051100730896,0.5687814354896545,0.419,0.0,0.078,0.36405463078618056,-0.0
2134,2013-06-26 11:00:00,0.244283065199852,0.20422476530075073,0.5018495321273804,0.375,0.0,0.219,0.8,-0.0
2135,2013-06-26 11:30:00,0.2361707240343094,0.2192140817642212,0.5955262780189514,0.438,0.0,0.529,0.2536151942014694,-0.0
2136,2013-06-26 12:00:00,0.379850298166275,0.5235705375671387,0.6545432209968567,0.425,0.0,0.235,0.41964817953109756,-0.0
2137,2013-06-26 12:30:00,0.46446600556373596,0.3829365372657776,0.529456615447998,0.6,0.0,0.16699999999999998,0.8,-0.0
2138,2013-06-26 13:00:00,0.05036202445626259,0.14204776287078857,0.6359572410583496,0.525,0.0,0.053,0.8,-0.0
2139,2013-06-26 13:30:00,0.006886492948979139,0.084633469581604,0.47256025671958923,0.625,0.0,0.6729999999999999,0.660480037469417,-0.0
2140,2013-06-26 14:00:00,0.5810648798942566,0.6820271015167236,0.7843125462532043,0.419,0.0,0.34600000000000003,0.0156874537467957,-0.028132540037892787
2141,2013-06-26 14:30:00,0.24753284454345703,0.7713217735290527,0.7523319721221924,0.838,0.0,0.298,0.8,-0.0
2142,2013-06-26 15:00:00,0.08862940222024918,0.4447843134403229,0.6793873906135559,0.438,0.0,1.036,0.12061260938644414,-0.1220471077626944
2143,2013-06-26 15:30:00,0.42930135130882263,0.800000011920929,0.5618102550506592,0.281,0.0,1.605,0.23818974494934086,-0.2825320434236527
2144,2013-06-26 16:00:00,0.6015105247497559,0.019754519686102867,0.7065786719322205,0.069,0.0,1.568,0.0,-0.23791747889354828
2145,2013-06-26 16:30:00,0.38938695192337036,0.006999246776103973,0.7670803666114807,0.031,0.0,1.179,0.0,-0.1131080976444483
2146,2013-06-26 17:00:00,0.08234824240207672,0.04434569180011749,0.7203003168106079,0.0,0.0,0.385,0.2909546250104904,-0.0
2147,2013-06-26 17:30:00,0.4146749675273895,0.800000011920929,0.6773224472999573,0.0,0.0,0.161,0.8,-0.0
2148,2013-06-26 18:00:00,0.05156951770186424,0.20397751033306122,0.7540843486785889,0.0,0.0,0.5710000000000001,0.04591565132141118,-0.005641153646707552
2149,2013-06-26 18:30:00,0.2457563579082489,0.800000011920929,0.7727628946304321,0.0,0.0,0.241,0.8,-0.0
2150,2013-06-26 19:00:00,0.4680481553077698,0.16354462504386902,0.767270565032959,0.0,0.0,0.255,0.381455374956131,-0.0
2151,2013-06-26 19:30:00,0.34009236097335815,0.27467209100723267,0.501167356967926,0.0,0.0,0.196,0.185455374956131,-0.0
2152,2013-06-26 20:00:00,0.34599772095680237,0.800000011920929,0.800000011920929,0.0,0.0,0.24,0.8,-0.0
2153,2013-06-26 20:30:00,0.033141300082206726,0.128782257437706,0.800000011920929,0.0,0.0,0.211,0.460217754483223,-0.0
2154,2013-06-26 21:00:00,0.46115946769714355,0.07196284830570221,0.4545445442199707,0.0,0.0,0.224,0.236217754483223,-0.0
2155,2013-06-26 21:30:00,0.346583753824234,0.800000011920929,0.6226987242698669,0.0,0.0,0.252,0.8,-0.0
2156,2013-06-26 22:00:00,0.0,0.07756603509187698,0.800000011920929,0.0,0.0,0.638,0.08443397682905196,-0.0
2157,2013-06-26 22:30:00,0.22647406160831451,0.7747511863708496,0.7504538893699646,0.0,0.0,0.232,0.8,-0.0
2158,2013-06-26 23:00:00,0.4222024977207184,0.14101764559745789,0.7625120878219604,0.0,0.0,0.314,0.34498235440254216,-0.0
2159,2013-06-26 23:30:00,0.21368777751922607,0.36041831970214844,0.5124854445457458,0.0,0.0,0.6940000000000001,0.1929152295589447,-0.14632187629222873
2160,2013-06-27 00:00:00,0.2003236562013626,0.7859087586402893,0.7407201528549194,0.0,1.069,0.079,0.0802607822418215,-0.0
2161,2013-06-27 00:30:00,0.38817906379699707,0.800000011920929,0.7066158056259155,0.0,1.238,0.107,0.09447842359542812,-0.0
2162,2013-06-27 01:00:00,0.33224889636039734,0.800000011920929,0.6902497410774231,0.0,1.244,0.028,0.13904314088821493,-0.0
2163,2013-06-27 01:30:00,0.25634631514549255,0.800000011920929,0.677291750907898,0.0,1.238,0.161,0.1227082490921021,-0.047349454278946074
2164,2013-06-27 02:00:00,0.404339998960495,0.800000011920929,0.6892418265342712,0.0,1.206,0.132,0.1107581734657288,-0.025427164564132684
2165,2013-06-27 02:30:00,0.32564613223075867,0.800000011920929,0.6696814298629761,0.0,0.0,0.117,0.8,-0.0
2166,2013-06-27 03:00:00,0.31407803297042847,0.26433899998664856,0.727692723274231,0.0,0.963,0.085,0.07230727672576909,-0.07291462767124177
2167,2013-06-27 03:30:00,0.1822538524866104,0.01578444615006447,0.7867549657821655,0.0,0.256,0.693,0.0,-0.0480679596993327
2168,2013-06-27 04:00:00,0.01455988921225071,0.0,0.7855477333068848,0.0,0.0,0.03,0.7555477333068847,-0.0
2169,2013-06-27 04:30:00,0.5971951484680176,0.0009089913219213486,0.7613370418548584,0.0,0.0,0.108,0.6524280505329371,-0.0
2170,2013-06-27 05:00:00,0.593783438205719,0.033459585160017014,0.7897431254386902,0.0,0.963,0.104,0.0,-0.04875164597213268
2171,2013-06-27 05:30:00,0.26446929574012756,0.032244421541690826,0.795653223991394,0.0,0.0,0.6759999999999999,0.08740880244970328,-0.0
2172,2013-06-27 06:00:00,0.2185458391904831,0.800000011920929,0.6414633393287659,0.0,0.0,0.047,0.8,-0.0
2173,2013-06-27 06:30:00,0.3439438045024872,0.10872732102870941,0.7823179364204407,0.0,0.0,0.077,0.6142726789712907,-0.0
2174,2013-06-27 07:00:00,0.6398442387580872,0.10639993846416473,0.5555968880653381,0.0,0.0,0.086,0.5282726789712907,-0.0
2175,2013-06-27 07:30:00,0.7037179470062256,0.1070462018251419,0.45235779881477356,0.0,0.0,0.067,0.4612726789712907,-0.0
2176,2013-06-27 08:00:00,0.668455958366394,0.06573561578989029,0.38355553150177,0.038,0.0,0.262,0.23727267897129067,-0.0
2177,2013-06-27 08:30:00,0.4365895688533783,0.7431296706199646,0.6293774843215942,0.044,0.0,0.505,0.5893249714374541,-0.0
2178,2013-06-27 09:00:00,0.20172207057476044,0.26533859968185425,0.6599095463752747,0.16899999999999998,0.0,0.044,0.5740114574432378,-0.0
2179,2013-06-27 09:30:00,0.2611764073371887,0.15864770114421844,0.5850422382354736,0.338,0.0,0.119,0.8,-0.0
2180,2013-06-27 10:00:00,0.014544248580932617,0.0317038856446743,0.4813251793384552,0.269,0.0,0.039,0.8,-0.0
2181,2013-06-27 10:30:00,0.03353499621152878,0.013735026121139526,0.5988194942474365,0.406,0.0,0.115,0.8,-0.0
2182,2013-06-27 11:00:00,0.05715502053499222,0.03752772882580757,0.5995389819145203,0.219,0.0,0.412,0.5123172506392002,-0.0
2183,2013-06-27 11:30:00,0.3172425329685211,0.26059457659721375,0.7488845586776733,0.388,0.0,1.246,0.051115441322326705,-0.030128504084944722
2184,2013-06-27 12:00:00,0.19726431369781494,0.800000011920929,0.533281147480011,0.281,0.0,1.145,0.26671885251998906,-0.06068052580833432
2185,2013-06-27 12:30:00,0.29857712984085083,0.800000011920929,0.7081626653671265,0.313,0.0,0.465,0.09183733463287358,-0.019711739101409935
2186,2013-06-27 13:00:00,0.3070668578147888,0.800000011920929,0.7216482758522034,0.838,0.0,0.056,0.8,-0.0
2187,2013-06-27 13:30:00,0.024066077545285225,0.4270784854888916,0.7897340059280396,0.594,0.0,0.122,0.8,-0.0
2188,2013-06-27 14:00:00,0.0,0.07542319595813751,0.7128444910049438,0.269,0.0,0.049,0.8,-0.0
2189,2013-06-27 14:30:00,0.0,0.05916910246014595,0.5692993998527527,0.225,0.0,0.121,0.8,-0.0
2190,2013-06-27 15:00:00,0.04935099184513092,0.08002598583698273,0.5753856897354126,0.194,0.0,0.049,0.8,-0.0
2191,2013-06-27 15:30:00,0.012712841853499413,0.04223093390464783,0.5873556137084961,0.075,0.0,0.13,0.6900562242418528,-0.0
2192,2013-06-27 16:00:00,0.4173750579357147,0.03439350053668022,0.7279007434844971,0.125,0.0,0.113,0.7625502752214671,-0.0
2193,2013-06-27 16:30:00,0.14558865129947662,0.022090692073106766,0.6674027442932129,0.044,0.0,0.214,0.6013590327054262,-0.0
2194,2013-06-27 17:00:00,0.3757952153682709,0.0,0.7901872992515564,0.0,0.0,0.17800000000000002,0.6121872992515563,-0.0
2195,2013-06-27 17:30:00,0.45486006140708923,0.0,0.7602267265319824,0.0,0.0,0.308,0.4522267265319824,-0.0
2196,2013-06-27 18:00:00,0.35117390751838684,0.0,0.6866765022277832,0.0,0.0,0.224,0.4626765022277832,-0.0
2197,2013-06-27 18:30:00,0.3286111354827881,0.0,0.6053892970085144,0.0,0.0,0.259,0.3463892970085144,-0.0
2198,2013-06-27 19:00:00,0.2761499583721161,0.020021919161081314,0.5559949278831482,0.0,0.0,0.196,0.33997300872206687,-0.0
2199,2013-06-27 19:30:00,0.2088925987482071,0.04922965541481972,0.4763123393058777,0.0,0.0,0.255,0.17208268389105796,-0.0
2200,2013-06-27 20:00:00,0.48600172996520996,0.7771410346031189,0.6027037501335144,0.0,0.0,0.21,0.8,-0.0
2201,2013-06-27 20:30:00,0.33946290612220764,0.1635134071111679,0.7649881839752197,0.0,0.0,0.241,0.39548659288883214,-0.0
2202,2013-06-27 21:00:00,0.298723429441452,0.3911544382572174,0.5259318351745605,0.0,0.0,0.208,0.260709195971489,-0.01977010283231735
2203,2013-06-27 21:30:00,0.26895374059677124,0.800000011920929,0.800000011920929,0.0,0.0,0.584,0.49458160805702234,-0.0
2204,2013-06-27 22:00:00,0.002563638612627983,0.6437640190124512,0.800000011920929,0.0,0.0,0.121,0.6460727767944331,-0.0
2205,2013-06-27 22:30:00,0.005001837387681007,0.3947572112083435,0.712108314037323,0.0,0.0,0.114,0.5990972352027905,-0.0
2206,2013-06-27 23:00:00,0.2483452409505844,0.31897392868995667,0.6818908452987671,0.0,0.0,0.189,0.6938316009044625,-0.0
2207,2013-06-27 23:30:00,0.502883791923523,0.10852780193090439,0.735136091709137,0.0,0.0,0.746,0.15780899626017075,-0.0
2208,2013-06-28 00:00:00,0.2797565758228302,0.7773836255073547,0.7214241623878479,0.0,1.063,0.528,0.07857583761215214,-0.09789591302275903
2209,2013-06-28 00:30:00,0.5334026217460632,0.798768162727356,0.6252680420875549,0.0,1.231,0.07200000000000001,0.1747319579124451,-0.009085984883308439
2210,2013-06-28 01:00:00,0.33510658144950867,0.7915929555892944,0.5068514347076416,0.0,1.244,0.077,0.29314856529235844,-0.0486105436706543
2211,2013-06-28 01:30:00,0.1838066130876541,0.7782289981842041,0.2865428924560547,0.0,1.244,0.076,0.5134571075439454,-0.09271832363128663
2212,2013-06-28 02:00:00,0.14520344138145447,0.0,0.800000011920929,0.0,1.181,0.07,0.0,-0.05699999880790711
2213,2013-06-28 02:30:00,0.22893820703029633,0.0,0.800000011920929,0.0,0.0,0.081,0.719000011920929,-0.0
2214,2013-06-28 03:00:00,0.6003094911575317,0.0005820849910378456,0.7933638095855713,0.0,0.975,0.12,0.0,-0.05062182754054666
2215,2013-06-28 03:30:00,0.28381919860839844,0.001972626196220517,0.800000011920929,0.0,0.344,0.6829999999999999,0.0,-0.0618226058543287
2216,2013-06-28 04:00:00,0.0,0.009778307750821114,0.800000011920929,0.0,0.0,0.054000000000000006,0.7362217041701078,-0.0
2217,2013-06-28 04:30:00,0.5449957251548767,0.031830769032239914,0.7997898459434509,0.0,0.0,0.096,0.671959076911211,-0.0
2218,2013-06-28 05:00:00,0.5335798859596252,0.03402117267251015,0.7867211103439331,0.0,0.825,0.101,0.0,-0.034500006232857705
2219,2013-06-28 05:30:00,0.2618243992328644,0.02665078081190586,0.800000011920929,0.0,0.244,1.126,0.0,-0.16109570760056374
2220,2013-06-28 06:00:00,0.008588988333940506,0.029142938554286957,0.800000011920929,0.0,0.0,0.451,0.319857073366642,-0.0
2221,2013-06-28 06:30:00,0.37960579991340637,0.7892408967018127,0.7935671806335449,0.0,0.0,0.7240000000000001,0.24704495656490344,-0.0
2222,2013-06-28 07:00:00,0.07162626832723618,0.800000011920929,0.800000011920929,0.0,0.0,0.071,0.8,-0.0
2223,2013-06-28 07:30:00,0.004452218767255545,0.4247646927833557,0.800000011920929,0.0,0.0,0.223,0.15223531913757324,-0.0
2224,2013-06-28 08:00:00,0.23292885720729828,0.800000011920929,0.800000011920929,0.006,0.0,0.201,0.8,-0.0
2225,2013-06-28 08:30:00,0.3717014193534851,0.20181170105934143,0.800000011920929,0.038,0.0,0.459,0.1391883108615875,-0.0
2226,2013-06-28 09:00:00,0.6115971207618713,0.7694025039672852,0.800000011920929,0.131,0.0,0.05,0.8,-0.0
2227,2013-06-28 09:30:00,0.03705146163702011,0.16626723110675812,0.5841372013092041,0.206,0.0,0.128,0.6746813072562218,-0.0
2228,2013-06-28 10:00:00,0.16210044920444489,0.03684120625257492,0.655015766620636,0.225,0.0,0.039,0.8,-0.0
2229,2013-06-28 10:30:00,0.058083511888980865,0.0,0.6769322156906128,0.156,0.0,0.125,0.7729164881110192,-0.0
2230,2013-06-28 11:00:00,0.23227213323116302,0.0,0.7077810764312744,0.14400000000000002,0.0,0.565,0.26208351188898094,-0.0
2231,2013-06-28 11:30:00,0.42134636640548706,0.6926599740982056,0.6956133246421814,0.294,0.0,0.903,0.10438667535781865,-0.11129769177317618
2232,2013-06-28 12:00:00,0.3707639276981354,0.734894871711731,0.6854404211044312,0.45,0.0,0.742,0.11455957889556889,-0.01688028779268266
2233,2013-06-28 12:30:00,0.18509601056575775,0.7444536089897156,0.451812207698822,0.606,0.0,0.11,0.8,-0.0
2234,2013-06-28 13:00:00,0.0,0.012896418571472168,0.6533774733543396,0.369,0.0,0.033,0.8,-0.0
2235,2013-06-28 13:30:00,0.0,0.0,0.7066119313240051,0.08800000000000001,0.0,0.108,0.78,-0.0
2236,2013-06-28 14:00:00,0.3789328932762146,0.0,0.747776448726654,0.044,0.0,0.036000000000000004,0.784,-0.0
2237,2013-06-28 14:30:00,0.5540950894355774,0.00842143315821886,0.7673446536064148,0.081,0.0,0.104,0.7035785668417812,-0.0
2238,2013-06-28 15:00:00,0.5239626169204712,0.0,0.7775234580039978,0.081,0.0,0.027000000000000003,0.7575785668417812,-0.0
2239,2013-06-28 15:30:00,0.3632054328918457,0.0,0.7412035465240479,0.05,0.0,0.76,0.08242143315821893,-0.0
2240,2013-06-28 16:00:00,0.19653308391571045,0.7576311230659485,0.40026065707206726,0.05,0.0,1.622,0.3997393429279328,-0.1739375997237862
2241,2013-06-28 16:30:00,0.14720773696899414,0.10267625749111176,0.6316917538642883,0.025,0.0,1.463,0.0,-0.2521758159792424
2242,2013-06-28 17:00:00,0.39423516392707825,0.03284476697444916,0.7911840081214905,0.0,0.0,0.7959999999999999,0.0,-0.010168404890298825
2243,2013-06-28 17:30:00,0.11961060762405396,0.01674533449113369,0.7779656052589417,0.0,0.0,0.728,0.03322027076780798,-0.0
2244,2013-06-28 18:00:00,0.11996355652809143,0.011555974371731281,0.7706669569015503,0.0,0.0,0.273,0.486110982529819,-0.0
2245,2013-06-28 18:30:00,0.35548654198646545,0.010427361354231834,0.7463530898094177,0.0,0.0,0.29600000000000004,0.43992572845518585,-0.0
2246,2013-06-28 19:00:00,0.34057438373565674,0.014187444001436234,0.7058095932006836,0.0,0.0,0.213,0.4786221491992474,-0.0
2247,2013-06-28 19:30:00,0.3626547157764435,0.004020599648356438,0.7529887557029724,0.0,0.0,0.256,0.49296815605461597,-0.0
2248,2013-06-28 20:00:00,0.34903043508529663,0.006496821995824575,0.7522367835044861,0.0,0.0,0.184,0.5617399615086616,-0.0
2249,2013-06-28 20:30:00,0.45483699440956116,0.028377734124660492,0.7214152812957764,0.0,0.0,0.325,0.36803754717111586,-0.0
2250,2013-06-28 21:00:00,0.3135099709033966,0.047479256987571716,0.5889577865600586,0.0,0.0,0.263,0.27847852957248687,-0.0
2251,2013-06-28 21:30:00,0.33095619082450867,0.800000011920929,0.48891204595565796,0.0,0.0,0.489,0.5540429289340976,-0.0
2252,2013-06-28 22:00:00,0.06656984984874725,0.5417741537094116,0.7039303779602051,0.0,0.0,0.265,0.48513998842239336,-0.0
2253,2013-06-28 22:30:00,0.364162415266037,0.7357277274131775,0.700169563293457,0.0,0.0,0.102,0.591992295742036,-0.0
2254,2013-06-28 23:00:00,0.3245420455932617,0.44598180055618286,0.517585277557373,0.0,0.0,0.448,0.32203360795974517,-0.0
2255,2013-06-28 23:30:00,0.14865240454673767,0.7867328524589539,0.7691110372543335,0.0,0.0,1.192,0.03088896274566655,-0.06849603840350989
2256,2013-06-29 00:00:00,0.07658978551626205,0.0,0.7565083503723145,0.0,1.063,0.1,0.0,-0.057649164962768555
2257,2013-06-29 00:30:00,0.24322976171970367,0.0,0.7800830006599426,0.0,1.238,0.597,0.0,-0.20698169993400573
2258,2013-06-29 01:00:00,0.0001955080369953066,0.0,0.7974769473075867,0.0,1.238,0.526,0.0,-0.18607230526924134
2259,2013-06-29 01:30:00,0.005438004154711962,0.0,0.7914098501205444,0.0,0.875,0.594,0.0,-0.16873901498794555
2260,2013-06-29 02:00:00,0.5090173482894897,0.0,0.7813993096351624,0.0,0.0,0.124,0.6573993096351624,-0.0
2261,2013-06-29 02:30:00,0.5940461158752441,0.0,0.7724573016166687,0.0,1.206,0.17600000000000002,0.0,-0.09087426983833313
2262,2013-06-29 03:00:00,0.6262457966804504,0.0,0.800000011920929,0.0,0.019,0.8809999999999999,0.0,-0.02699999678134916
2263,2013-06-29 03:30:00,0.06372669339179993,0.0,0.796748697757721,0.0,0.0,0.7509999999999999,0.04574869775772106,-0.0
2264,2013-06-29 04:00:00,0.07878031581640244,0.0,0.7709925770759583,0.0,0.044,0.034,0.6929925770759582,-0.0
2265,2013-06-29 04:30:00,0.4796591103076935,0.0,0.6525717377662659,0.0,0.938,0.08900000000000001,0.040420839309692314,-0.05257282622337341
2266,2013-06-29 05:00:00,0.2757378816604614,0.12846457958221436,0.7158011794090271,0.0,0.0,0.1,0.48733659982681277,-0.0
2267,2013-06-29 05:30:00,0.6749275326728821,0.07553346455097198,0.34410008788108826,0.0,0.0,0.6659999999999999,0.2187699764966965,-0.1073070117008686
2268,2013-06-29 06:00:00,0.0404980294406414,0.767440915107727,0.7185015678405762,0.0,0.0,0.052000000000000005,0.8,-0.0
2269,2013-06-29 06:30:00,0.005319154821336269,0.33508187532424927,0.7786072492599487,0.0,0.0,0.066,0.3989181246757508,-0.0
2270,2013-06-29 07:00:00,0.38499417901039124,0.634192943572998,0.800000011920929,0.0,0.0,0.083,0.8,-0.0
2271,2013-06-29 07:30:00,0.012396030128002167,0.2933553159236908,0.800000011920929,0.0,0.0,0.133,0.37364469599723815,-0.0
2272,2013-06-29 08:00:00,0.36702200770378113,0.6592006683349609,0.800000011920929,0.0,0.0,0.222,0.7715099515914918,-0.0
2273,2013-06-29 08:30:00,0.008049990981817245,0.05997731164097786,0.800000011920929,0.0,0.0,0.48,0.31700279709696755,-0.0
2274,2013-06-29 09:00:00,0.3517325222492218,0.714962899684906,0.7487346529960632,0.0,0.0,0.065,0.8,-0.0
2275,2013-06-29 09:30:00,0.0,0.2343686819076538,0.800000011920929,0.0,0.0,0.085,0.4806313300132751,-0.0
2276,2013-06-29 10:00:00,0.55482417345047,0.23599141836166382,0.6207885146141052,0.0,0.0,0.065,0.4156313300132752,-0.0
2277,2013-06-29 10:30:00,0.4837039113044739,0.4888843894004822,0.7281167507171631,0.0,0.0,0.084,0.8,-0.0
2278,2013-06-29 11:00:00,0.3763871490955353,0.12899112701416016,0.775061845779419,0.0,0.0,0.07400000000000001,0.5970088729858398,-0.0
2279,2013-06-29 11:30:00,0.6717516779899597,0.06045471131801605,0.5784874558448792,0.0,0.0,0.068,0.5290088729858398,-0.0
2280,2013-06-29 12:00:00,0.5015159249305725,0.004866732284426689,0.6079295873641968,0.0,0.0,0.062,0.54106285507977,-0.0
2281,2013-06-29 12:30:00,0.40790408849716187,0.0,0.800000011920929,0.0,0.0,0.062,0.7380000119209289,-0.0
2282,2013-06-29 13:00:00,0.5516602396965027,0.020808391273021698,0.800000011920929,0.0,0.0,0.32299999999999995,0.4561916206479073,-0.0
2283,2013-06-29 13:30:00,0.32775068283081055,0.0067722550593316555,0.800000011920929,0.0,0.0,0.415,0.3782277568615973,-0.0
2284,2013-06-29 14:00:00,0.28544899821281433,0.009801827371120453,0.800000011920929,0.0,0.0,0.04,0.7501981845498085,-0.0
2285,2013-06-29 14:30:00,0.5457294583320618,0.014445197768509388,0.800000011920929,0.0,0.0,0.12,0.6655548141524196,-0.0
2286,2013-06-29 15:00:00,0.5361466407775879,0.02393886260688305,0.800000011920929,0.0,0.0,0.062,0.7140611493140459,-0.0
2287,2013-06-29 15:30:00,0.5255557298660278,0.0176565982401371,0.800000011920929,0.0,0.0,0.193,0.5893434136807918,-0.0
2288,2013-06-29 16:00:00,0.4161703884601593,0.017704255878925323,0.800000011920929,0.0,0.0,0.175,0.6072957560420036,-0.0
2289,2013-06-29 16:30:00,0.4427669942378998,0.016197115182876587,0.7884002923965454,0.0,0.0,0.163,0.6092031772136688,-0.0
2290,2013-06-29 17:00:00,0.4613303542137146,0.007449521217495203,0.7796903252601624,0.0,0.0,0.196,0.5762408040426672,-0.0
2291,2013-06-29 17:30:00,0.39222314953804016,0.007770908996462822,0.7940621376037598,0.0,0.0,0.202,0.584291228607297,-0.0
2292,2013-06-29 18:00:00,0.4113102853298187,0.0,0.7663202881813049,0.0,0.0,0.35200000000000004,0.4143202881813049,-0.0
2293,2013-06-29 18:30:00,0.3110809028148651,0.0,0.6730321049690247,0.0,0.0,0.294,0.3790321049690247,-0.0
2294,2013-06-29 19:00:00,0.27977192401885986,0.0,0.5964773893356323,0.0,0.0,0.58,0.016477389335632364,-0.0
2295,2013-06-29 19:30:00,0.06133418530225754,0.0,0.4133690297603607,0.0,0.0,0.235,0.17836902976036073,-0.0
2296,2013-06-29 20:00:00,0.5900352597236633,0.800000011920929,0.5963157415390015,0.0,0.0,0.182,0.8,-0.0
2297,2013-06-29 20:30:00,0.0,0.2206239104270935,0.7507951259613037,0.0,0.0,0.279,0.3003760895729065,-0.0
2298,2013-06-29 21:00:00,0.32100555300712585,0.7741812467575073,0.7224380373954773,0.0,0.0,0.191,0.8,-0.0
2299,2013-06-29 21:30:00,0.010065748356282711,0.1435115486383438,0.700790286064148,0.0,0.0,0.436,0.22048845136165623,-0.0
2300,2013-06-29 22:00:00,0.3309343159198761,0.800000011920929,0.6049551963806152,0.0,0.0,0.445,0.7140230853557585,-0.0
2301,2013-06-29 22:30:00,0.17753373086452484,0.056629106402397156,0.7498056888580322,0.0,0.0,0.086,0.6280230853557586,-0.0
2302,2013-06-29 23:00:00,0.5408372282981873,0.0751006156206131,0.6760001182556152,0.0,0.0,0.145,0.48302308535575855,-0.0
2303,2013-06-29 23:30:00,0.6132237911224365,0.05196315422654152,0.3668697774410248,0.0,0.0,0.634,0.1681164621412753,-0.08615521173208952
2304,2013-06-30 00:00:00,0.007523774169385433,0.800000011920929,0.7229956984519958,0.0,1.056,0.631,0.0770043015480042,-0.13506405419290055
2305,2013-06-30 00:30:00,0.583083987236023,0.800000011920929,0.41513344645500183,0.0,1.25,0.031,0.3848665535449982,-0.027257516856193542
2306,2013-06-30 01:00:00,0.03751175478100777,0.800000011920929,0.44070130586624146,0.0,1.238,0.111,0.3592986941337586,-0.1066731813144684
2307,2013-06-30 01:30:00,0.05995622277259827,0.02998805046081543,0.7736672163009644,0.0,1.25,0.031,0.0,-0.05900208341598511
2308,2013-06-30 02:00:00,0.11851242184638977,0.031021827831864357,0.7829589247703552,0.0,1.263,0.109,0.0,-0.0805362903061509
2309,2013-06-30 02:30:00,0.12825411558151245,0.016736187040805817,0.7701684832572937,0.0,0.163,0.03,0.5604322962164878,-0.0
2310,2013-06-30 03:00:00,0.5637416839599609,0.19042173027992249,0.4861110746860504,0.0,0.738,0.166,0.2647429518103599,-0.08905106555938722
2311,2013-06-30 03:30:00,0.7121041417121887,0.3241792321205139,0.5523656606674194,0.0,0.65,0.62,0.03655652326345438,-0.20958135714530948
2312,2013-06-30 04:00:00,0.5128265023231506,0.014032621867954731,0.7703602313995361,0.0,0.0,0.106,0.6503276095315814,-0.0
2313,2013-06-30 04:30:00,0.5091480016708374,0.04812013357877731,0.7839500904083252,0.0,0.0,0.03,0.7058299568295479,-0.0
2314,2013-06-30 05:00:00,0.4681049883365631,0.027610087767243385,0.762525200843811,0.0,0.231,0.161,0.34291511307656763,-0.0
2315,2013-06-30 05:30:00,0.33224964141845703,0.7102265954017639,0.7997278571128845,0.0,0.738,0.96,0.0002721428871155229,-0.1874688203993439
2316,2013-06-30 06:00:00,0.31553399562835693,0.0,0.7905049324035645,0.0,0.0,0.5589999999999999,0.2315049324035645,-0.0
2317,2013-06-30 06:30:00,0.28950372338294983,0.800000011920929,0.7461414933204651,0.0,0.0,0.735,0.40199012327194217,-0.0
2318,2013-06-30 07:00:00,0.0,0.7486963272094727,0.7668946981430054,0.0,0.0,0.106,0.741323426246643,-0.0
2319,2013-06-30 07:30:00,0.0,0.36767226457595825,0.7652682065963745,0.0,0.0,0.033,0.5166808829307558,-0.0
2320,2013-06-30 08:00:00,0.3866131603717804,0.47809308767318726,0.6385802626609802,0.0,0.0,0.293,0.5955451464653014,-0.0
2321,2013-06-30 08:30:00,0.40234705805778503,0.24132242798805237,0.7307723164558411,0.0,0.0,0.368,0.5995872790813449,-0.0
2322,2013-06-30 09:00:00,0.33280909061431885,0.010956098325550556,0.7906203269958496,0.0,0.0,0.266,0.513664228670299,-0.0
2323,2013-06-30 09:30:00,0.3503807783126831,0.0,0.7701549530029297,0.0,0.0,0.061,0.7091549530029297,-0.0
2324,2013-06-30 10:00:00,0.5808403491973877,0.0,0.800000011920929,0.0,0.0,0.098,0.702000011920929,-0.0
2325,2013-06-30 10:30:00,0.5969554781913757,0.0,0.800000011920929,0.0,0.0,0.08900000000000001,0.711000011920929,-0.0
2326,2013-06-30 11:00:00,0.5970195531845093,0.0,0.800000011920929,0.0,0.0,0.076,0.724000011920929,-0.0
2327,2013-06-30 11:30:00,0.6313809156417847,0.0,0.800000011920929,0.0,0.0,0.511,0.28900001192092895,-0.0
2328,2013-06-30 12:00:00,0.3983266353607178,0.7730491757392883,0.800000011920929,0.106,0.0,0.721,0.11595081233978288,-0.0
2329,2013-06-30 12:30:00,0.26582932472229004,0.7568720579147339,0.6872090697288513,0.481,0.0,0.188,0.8,-0.0
2330,2013-06-30 13:00:00,0.12201564013957977,0.10183323174715042,0.6640126705169678,0.569,0.0,0.11,0.8,-0.0
2331,2013-06-30 13:30:00,0.028276151046156883,0.061585456132888794,0.6850408315658569,0.394,0.0,0.261,0.8,-0.0
2332,2013-06-30 14:00:00,0.40874025225639343,0.15536484122276306,0.7452576160430908,0.481,0.0,0.091,0.6258949065208436,-0.0
2333,2013-06-30 14:30:00,0.2055487036705017,0.12179175019264221,0.7007086277008057,0.463,0.0,1.4280000000000002,0.09929137229919438,-0.06572384258508686
2334,2013-06-30 15:00:00,0.27215999364852905,0.7914265990257263,0.800000011920929,0.25,0.0,1.673,0.0,-0.20601251955986025
2335,2013-06-30 15:30:00,0.3338105082511902,0.0,0.800000011920929,0.15,0.0,1.599,0.0,-0.2157299967813492
2336,2013-06-30 16:00:00,0.4904506802558899,0.0,0.800000011920929,0.069,0.0,1.702,0.0,-0.2435399967813492
2337,2013-06-30 16:30:00,0.4743921756744385,0.0011655816342681646,0.800000011920929,0.063,0.0,1.383,0.0,-0.1577247038226016
2338,2013-06-30 17:00:00,0.21124625205993652,0.008662610314786434,0.800000011920929,0.006,0.0,0.917,0.0,-0.033928901566341534
2339,2013-06-30 17:30:00,0.15230731666088104,0.0,0.800000011920929,0.0,0.0,0.16699999999999998,0.6330000119209289,-0.0
2340,2013-06-30 18:00:00,0.5160302519798279,0.0,0.7996233701705933,0.0,0.0,0.227,0.5726233701705933,-0.0
2341,2013-06-30 18:30:00,0.45229995250701904,0.0,0.7775043845176697,0.0,0.0,0.448,0.32950438451766967,-0.0
2342,2013-06-30 19:00:00,0.36418846249580383,0.0019658617675304413,0.7147492170333862,0.0,0.0,0.335,0.37778335526585577,-0.0
2343,2013-06-30 19:30:00,0.3704441487789154,0.0,0.6660077571868896,0.0,0.0,0.212,0.4540077571868897,-0.0
2344,2013-06-30 20:00:00,0.4303123652935028,0.0,0.6652650237083435,0.0,0.0,0.213,0.45226502370834354,-0.0
2345,2013-06-30 20:30:00,0.40393418073654175,0.0,0.6629394292831421,0.0,0.0,0.243,0.4199394292831421,-0.0
2346,2013-06-30 21:00:00,0.3718486726284027,0.0,0.6419281363487244,0.0,0.0,0.19,0.45192813634872436,-0.0
2347,2013-06-30 21:30:00,0.3874712288379669,0.0,0.6755369901657104,0.0,0.0,0.26,0.41553699016571044,-0.0
2348,2013-06-30 22:00:00,0.35857799649238586,0.0,0.6516069173812866,0.0,0.0,0.274,0.3776069173812866,-0.0
2349,2013-06-30 22:30:00,0.3216121196746826,0.0,0.6407911777496338,0.0,0.0,0.509,0.13179117774963378,-0.0
2350,2013-06-30 23:00:00,0.5350886583328247,0.7295337915420532,0.7232098579406738,0.0,0.0,0.166,0.8,-0.0
2351,2013-06-30 23:30:00,0.5459471344947815,0.019621700048446655,0.7406625151634216,0.0,0.0,0.861,0.059337484836578414,-0.03778897991895676
