,datetime,charge_solar,charge_load,discharge_size,current_solar,current_controlled_load_consumption,current_general_electricity_consumption,current_charge,reward
0,2013-01-14 00:00:00,0.0,0.00832366943359375,2.0,0.0,0.0,0.073,1.9186763305664063,-0.0
1,2013-01-14 00:30:00,0.028718795627355576,0.06307758390903473,2.0,0.0,0.0,0.115,1.8219224160909653,-0.0
2,2013-01-14 01:00:00,0.08704861253499985,0.16115979850292206,2.0,0.0,1.094,0.024,0.7208402014970778,-0.0
3,2013-01-14 01:30:00,0.08184988051652908,0.0,2.0,0.0,1.263,0.126,0.6110000000000001,-0.0
4,2013-01-14 02:00:00,0.026317643001675606,0.0,2.0,0.0,1.25,0.319,0.431,-0.0
5,2013-01-14 02:30:00,0.0,0.0,2.0,0.0,0.35600000000000004,0.055,1.589,-0.0
6,2013-01-14 03:00:00,0.0366603285074234,0.5530301332473755,2.0,0.0,0.669,0.189,1.4109698667526245,-0.0
7,2013-01-14 03:30:00,0.8439616560935974,0.8767347931861877,1.9197214841842651,0.0,0.45,0.7390000000000001,1.1123254733085632,-0.0
8,2013-01-14 04:00:00,1.0189520120620728,1.2538613080978394,1.5304250717163086,0.0,0.0,0.7559999999999999,1.7654877452850344,-0.0
9,2013-01-14 04:30:00,0.7729190587997437,0.3507804274559021,1.6974778175354004,0.0,0.444,0.083,1.5912440819740292,-0.0
10,2013-01-14 05:00:00,0.5969955325126648,0.7471030354499817,1.945562481880188,0.0,0.513,0.364,1.19340880060196,-0.0
11,2013-01-14 05:30:00,0.924909234046936,1.230094313621521,1.688321828842163,0.0,0.0,0.823,1.5600880851745589,-0.0
12,2013-01-14 06:00:00,0.9358813762664795,0.7751778960227966,1.5893844366073608,0.0,0.0,0.6729999999999999,1.4316459336280856,-0.0
13,2013-01-14 06:30:00,0.8816772699356079,0.9151603579521179,1.6463512182235718,0.0,0.0,0.833,1.388547774791711,-0.0
14,2013-01-14 07:00:00,0.984076738357544,1.04179847240448,1.6087312698364258,0.05,0.0,0.848,1.233105978012098,-0.0
15,2013-01-14 07:30:00,1.0064970254898071,1.1418344974517822,1.5327597856521606,0.106,0.0,0.7659999999999999,1.4139535465240218,-0.0
16,2013-01-14 08:00:00,0.8939374089241028,0.8036331534385681,1.657347321510315,0.206,0.0,0.855,1.1014597535133883,-0.0
17,2013-01-14 08:30:00,0.9832696914672852,0.9410295486450195,1.6421810388565063,0.238,0.0,0.122,2.0,-0.0
18,2013-01-14 09:00:00,0.0,0.0,2.0,0.213,0.0,0.292,1.921,-0.0
19,2013-01-14 09:30:00,0.0,0.10809233039617538,2.0,0.238,0.0,0.104,2.0,-0.0
20,2013-01-14 10:00:00,0.0,0.13316261768341064,2.0,0.463,0.0,0.282,2.0,-0.0
21,2013-01-14 10:30:00,0.0,0.28107377886772156,2.0,0.363,0.0,0.269,1.8129262211322783,-0.0
22,2013-01-14 11:00:00,0.0,0.39877644181251526,2.0,1.131,0.0,1.15,1.956371115922928,-0.0
23,2013-01-14 11:30:00,0.0,0.0801788866519928,2.0,1.519,0.0,0.624,2.0,-0.0
24,2013-01-14 12:00:00,0.0,0.516327440738678,2.0,1.619,0.0,0.158,2.0,-0.0
25,2013-01-14 12:30:00,0.0,0.81868976354599,2.0,1.538,0.0,0.379,2.0,-0.0
26,2013-01-14 13:00:00,0.0,0.6886159777641296,2.0,1.763,0.0,0.145,2.0,-0.0
27,2013-01-14 13:30:00,0.0,0.8060881495475769,1.991895318031311,1.781,0.0,0.058,2.0,-0.0
28,2013-01-14 14:00:00,0.0,0.7741411328315735,1.976481318473816,1.769,0.0,0.099,2.0,-0.0
29,2013-01-14 14:30:00,0.0015712917083874345,0.8898347020149231,1.925059199333191,1.719,0.0,0.122,2.0,-0.0
30,2013-01-14 15:00:00,0.0,0.8144228458404541,1.9145290851593018,1.663,0.0,0.036000000000000004,2.0,-0.0
31,2013-01-14 15:30:00,0.025799065828323364,0.8647990822792053,1.984257698059082,1.519,0.0,0.619,2.0,-0.0
32,2013-01-14 16:00:00,0.06846746057271957,0.6719530820846558,2.0,1.138,0.0,0.135,2.0,-0.0
33,2013-01-14 16:30:00,0.06315411627292633,0.6424655318260193,2.0,1.075,0.0,0.081,2.0,-0.0
34,2013-01-14 17:00:00,0.015998752787709236,0.6332578063011169,1.934691309928894,0.525,0.0,0.25,1.6257434409111737,-0.0
35,2013-01-14 17:30:00,1.32129967212677,0.6071469783782959,1.5347988605499268,0.863,0.0,0.161,1.6061095807105303,-0.0
36,2013-01-14 18:00:00,0.2939383089542389,0.6187030076980591,1.862706184387207,0.775,0.0,0.146,1.9162629040181636,-0.0
37,2013-01-14 18:30:00,0.11148650199174881,0.6526698470115662,1.961717128753662,0.188,0.0,0.154,1.4373178429603581,-0.0
38,2013-01-14 19:00:00,1.3702508211135864,0.7369450926780701,1.6258350610733032,0.106,0.0,0.4370000000000001,1.7394192214012132,-0.0
39,2013-01-14 19:30:00,0.3252647817134857,0.3198093771934509,1.873923897743225,0.063,0.0,0.218,1.8573521800041226,-0.0
40,2013-01-14 20:00:00,0.023101260885596275,0.2254452258348465,1.858235478401184,0.019,0.0,0.241,1.7808504141569084,-0.0
41,2013-01-14 20:30:00,0.0,0.3187862038612366,1.9634929895401,0.0,0.0,0.13699999999999998,1.9825129678249467,-0.0
42,2013-01-14 21:00:00,0.0,0.0,1.9173791408538818,0.0,0.0,0.249,1.7335129678249466,-0.0
43,2013-01-14 21:30:00,0.0,0.30167949199676514,1.912649154663086,0.0,0.0,0.318,1.9132945723533417,-0.0
44,2013-01-14 22:00:00,0.02317221648991108,0.0,1.8763072490692139,0.0,0.0,0.231,1.6822945723533416,-0.0
45,2013-01-14 22:30:00,0.040682774037122726,0.4237808585166931,1.9021244049072266,0.0,0.0,0.396,1.8156299967766243,-0.0
46,2013-01-14 23:00:00,0.03310713544487953,0.18863318860530853,1.9784069061279297,0.0,0.0,0.851,1.329106817841443,-0.0
47,2013-01-14 23:30:00,0.8654556274414062,1.0391913652420044,1.576073169708252,0.0,0.0,0.6920000000000001,1.6105949990751096,-0.0
48,2013-01-15 00:00:00,0.7980139255523682,0.5158504247665405,1.6249139308929443,0.0,0.0,0.115,2.0,-0.0
49,2013-01-15 00:30:00,0.07458708435297012,0.033286236226558685,2.0,0.0,0.0,0.113,1.8537137637734413,-0.0
50,2013-01-15 01:00:00,0.06482667475938797,0.2346341609954834,2.0,0.0,1.081,0.024,0.952938311457634,-0.0
51,2013-01-15 01:30:00,0.9315720796585083,0.0,2.0,0.0,1.25,0.38,0.37,-0.0
52,2013-01-15 02:00:00,0.027341270819306374,0.0,1.9311623573303223,0.0,1.263,0.129,0.5391623573303224,-0.0
53,2013-01-15 02:30:00,0.08543293923139572,0.0,1.890116810798645,0.0,0.219,0.136,1.535116810798645,-0.0
54,2013-01-15 03:00:00,0.1088462546467781,0.6790680289268494,1.9257967472076416,0.0,0.9,0.16399999999999998,1.1866983494758607,-0.0
55,2013-01-15 03:30:00,0.8450669050216675,1.098949670791626,1.7807937860488892,0.0,0.381,0.737,1.4096536302566527,-0.0
56,2013-01-15 04:00:00,1.0567445755004883,0.9114630818367004,1.610564947128296,0.0,0.0,0.767,1.5022296576499943,-0.0
57,2013-01-15 04:30:00,0.9756152629852295,0.6692233681678772,1.4857234954833984,0.0,0.769,0.316,1.241317316532134,-0.0
58,2013-01-15 05:00:00,0.9237571358680725,0.9599996209144592,1.6481926441192627,0.0,0.25,0.109,2.0,-0.0
59,2013-01-15 05:30:00,0.060200173407793045,0.0,1.9486042261123657,0.0,0.0,0.821,1.179,-0.0
60,2013-01-15 06:00:00,0.9850451946258545,1.1146345138549805,1.4730778932571411,0.0,0.0,1.311,1.216365486145019,-0.0
61,2013-01-15 06:30:00,1.420794129371643,1.3169090747833252,1.509202003479004,0.006,0.0,0.52,1.7183599529266365,-0.0
62,2013-01-15 07:00:00,0.8838043212890625,0.3086457848548889,1.9149607419967651,0.063,0.0,0.401,1.7276343092918383,-0.0
63,2013-01-15 07:30:00,0.13772234320640564,0.36933696269989014,2.0,0.225,0.0,0.758,1.2292273890972163,-0.0
64,2013-01-15 08:00:00,1.1802377700805664,0.903293788433075,1.6202977895736694,0.231,0.0,0.349,1.8272514333724923,-0.0
65,2013-01-15 08:30:00,0.16177250444889069,0.17488563060760498,2.0,0.275,0.0,0.16,1.8002939893007386,-0.0
66,2013-01-15 09:00:00,0.07535631209611893,0.434659481048584,2.0,0.369,0.0,0.268,1.8396836040615823,-0.0
67,2013-01-15 09:30:00,0.11607392132282257,0.4063646197319031,1.9992491006851196,0.6559999999999999,0.0,0.498,1.7240464081764648,-0.0
68,2013-01-15 10:00:00,0.09838509559631348,0.45432499051094055,2.0,0.625,0.0,1.054,1.3734269063471898,-0.0
69,2013-01-15 10:30:00,0.6159999966621399,0.1950480341911316,2.0,0.6809999999999999,0.0,0.129,1.762098163128069,-0.0
70,2013-01-15 11:00:00,0.07339612394571304,0.6534792184829712,2.0,1.013,0.0,0.135,2.0,-0.0
71,2013-01-15 11:30:00,0.04254605993628502,0.45231765508651733,2.0,1.6130000000000002,0.0,0.809,2.0,-0.0
72,2013-01-15 12:00:00,0.03473891690373421,0.32438480854034424,1.950605869293213,0.988,0.0,0.145,2.0,-0.0
73,2013-01-15 12:30:00,0.0,0.522011935710907,1.9898896217346191,1.038,0.0,0.025,2.0,-0.0
74,2013-01-15 13:00:00,0.0,0.47765031456947327,1.976210594177246,0.8690000000000001,0.0,0.101,2.0,-0.0
75,2013-01-15 13:30:00,0.0,0.5198184847831726,1.952756643295288,0.9,0.0,0.309,2.0,-0.0
76,2013-01-15 14:00:00,0.0,0.4968811273574829,1.9653704166412354,0.988,0.0,0.036000000000000004,2.0,-0.0
77,2013-01-15 14:30:00,0.0,0.4926880896091461,1.9199225902557373,0.731,0.0,0.133,2.0,-0.0
78,2013-01-15 15:00:00,0.0,0.5683242082595825,1.9108877182006836,0.7,0.0,0.04,2.0,-0.0
79,2013-01-15 15:30:00,0.0,0.5254946351051331,1.8948543071746826,0.563,0.0,0.078,1.9595053648948666,-0.0
80,2013-01-15 16:00:00,0.0,0.5424977540969849,1.931333303451538,1.175,0.0,0.112,2.0,-0.0
81,2013-01-15 16:30:00,0.025702569633722305,0.4608277976512909,2.0,1.238,0.0,0.024,2.0,-0.0
82,2013-01-15 17:00:00,0.0,0.5207635760307312,2.0,1.069,0.0,0.396,2.0,-0.0
83,2013-01-15 17:30:00,0.0,0.4420456886291504,1.9967046976089478,0.863,0.0,0.124,2.0,-0.0
84,2013-01-15 18:00:00,0.0,0.5088467001914978,1.8744670152664185,0.6559999999999999,0.0,0.14,2.0,-0.0
85,2013-01-15 18:30:00,0.0,0.5073481202125549,1.8906073570251465,0.444,0.0,0.134,1.8026518797874451,-0.0
86,2013-01-15 19:00:00,0.0,0.5674604177474976,1.8510982990264893,0.15,0.0,0.204,1.7732358226776122,-0.0
87,2013-01-15 19:30:00,0.16043157875537872,0.5017939209938049,1.9453339576721191,0.056,0.0,0.467,1.3727344336509708,-0.0
88,2013-01-15 20:00:00,1.0341947078704834,0.9357168674468994,1.6120774745941162,0.019,0.0,0.769,1.511814265251159,-0.0
89,2013-01-15 20:30:00,1.1222331523895264,0.947633683681488,1.4987808465957642,0.0,0.0,0.215,1.8137377858161938,-0.0
90,2013-01-15 21:00:00,0.3394727110862732,0.4297716021537781,1.9706876277923584,0.0,0.0,0.444,1.498752826213834,-0.0
91,2013-01-15 21:30:00,0.8399708867073059,0.8047229051589966,1.67781400680542,0.0,0.0,0.118,2.0,-0.0
92,2013-01-15 22:00:00,0.0,0.07595296204090118,1.9782651662826538,0.0,0.0,0.287,1.637047037959099,-0.0
93,2013-01-15 22:30:00,0.0,0.6367201209068298,2.0,0.0,0.0,0.199,1.8901858031749723,-0.0
94,2013-01-15 23:00:00,0.0,0.30185431241989136,2.0,0.0,0.0,0.973,0.9447740812301638,-0.0
95,2013-01-15 23:30:00,1.4800646305084229,1.6028993129730225,1.6697959899902344,0.0,0.0,0.745,1.76255252456665,-0.0
96,2013-01-16 00:00:00,0.9899324178695679,0.5160359740257263,1.576561689376831,0.0,0.0,0.121,1.8378589768409737,-0.0
97,2013-01-16 00:30:00,0.0,0.3415469229221344,2.0,0.0,0.0,0.024,1.9587351233959183,-0.0
98,2013-01-16 01:00:00,0.0,0.23545891046524048,2.0,0.0,1.075,0.103,0.669070842742923,-0.0
99,2013-01-16 01:30:00,1.8309680223464966,0.09870623797178268,1.9934765100479126,0.0,1.244,0.097,0.5537702720761299,-0.0
100,2013-01-16 02:00:00,1.9084699153900146,0.05328119918704033,2.0,0.0,1.125,0.261,0.5607188008129597,-0.0
101,2013-01-16 02:30:00,1.1444239616394043,0.025228381156921387,1.9572614431381226,0.0,0.0,0.12,1.812033061981201,-0.0
102,2013-01-16 03:00:00,0.03682830557227135,0.3130739629268646,1.9320034980773926,0.0,1.106,0.135,0.8218599131107331,-0.0
103,2013-01-16 03:30:00,1.6812058687210083,0.017296841368079185,1.9728126525878906,0.0,0.056,0.748,1.1515158112198114,-0.0
104,2013-01-16 04:00:00,1.1978992223739624,1.124875545501709,1.5986665487289429,0.0,0.0,0.7809999999999999,1.7910928320586688,-0.0
105,2013-01-16 04:30:00,0.6900094151496887,0.3445117473602295,1.8369159698486328,0.0,0.763,0.047,1.2633025885224327,-0.0
106,2013-01-16 05:00:00,1.4939947128295898,1.1656917333602905,1.8734325170516968,0.0,0.213,0.12,1.9747030895948439,-0.0
107,2013-01-16 05:30:00,0.2283155620098114,0.1123654693365097,2.0,0.0,0.0,1.121,0.8172283514738026,-0.0
108,2013-01-16 06:00:00,1.280158519744873,1.5062581300735474,2.0,0.0,0.0,0.989,1.8702851669788476,-0.0
109,2013-01-16 06:30:00,0.8345293402671814,0.22671546041965485,1.5904855728149414,0.006,0.0,0.632,1.3887142056226498,-0.0
110,2013-01-16 07:00:00,0.6525965929031372,0.8424760699272156,1.8454135656356812,0.044,0.0,0.851,1.4410955188274848,-0.0
111,2013-01-16 07:30:00,0.986954391002655,0.9037548899650574,1.6633386611938477,0.113,0.0,0.532,1.456054072379973,-0.0
112,2013-01-16 08:00:00,0.7816135287284851,0.7532421350479126,1.7538632154464722,0.181,0.0,0.805,1.167649720192141,-0.0
113,2013-01-16 08:30:00,1.121904730796814,1.055082082748413,1.5911426544189453,0.419,0.0,0.4970000000000001,1.2746184768673048,-0.0
114,2013-01-16 09:00:00,1.1504697799682617,0.6461240649223328,1.6847076416015625,0.688,0.0,0.187,1.2416389813430577,-0.0
115,2013-01-16 09:30:00,1.576403260231018,0.5708815455436707,1.5847649574279785,0.8809999999999999,0.0,0.217,1.9704794731132718,-0.0
116,2013-01-16 10:00:00,0.013328596949577332,0.2409796565771103,2.0,1.0,0.0,0.112,2.0,-0.0
117,2013-01-16 10:30:00,0.029143113642930984,0.19593380391597748,2.0,1.194,0.0,0.999,1.9699230824410914,-0.0
118,2013-01-16 11:00:00,0.015380540862679482,0.1417204886674881,2.0,1.138,0.0,0.933,2.0,-0.0
119,2013-01-16 11:30:00,0.0,0.14968949556350708,2.0,1.131,0.0,0.049,2.0,-0.0
120,2013-01-16 12:00:00,0.05792205408215523,0.16877934336662292,2.0,1.375,0.0,0.142,2.0,-0.0
121,2013-01-16 12:30:00,0.07281728833913803,0.11531322449445724,2.0,1.588,0.0,0.621,2.0,-0.0
122,2013-01-16 13:00:00,0.05041909217834473,0.04669325798749924,2.0,1.581,0.0,0.146,2.0,-0.0
123,2013-01-16 13:30:00,0.0901024267077446,0.0,2.0,1.606,0.0,0.038,2.0,-0.0
124,2013-01-16 14:00:00,0.11068165302276611,0.0,2.0,1.625,0.0,0.127,2.0,-0.0
125,2013-01-16 14:30:00,0.05217646434903145,0.0,2.0,1.588,0.0,0.128,2.0,-0.0
126,2013-01-16 15:00:00,0.032615792006254196,0.0,2.0,1.5,0.0,0.043,2.0,-0.0
127,2013-01-16 15:30:00,0.08697856962680817,0.02575775235891342,2.0,1.394,0.0,0.131,2.0,-0.0
128,2013-01-16 16:00:00,0.07660176604986191,0.0867936760187149,2.0,1.3130000000000002,0.0,0.154,2.0,-0.0
129,2013-01-16 16:30:00,0.08197631686925888,0.10554317384958267,1.958770513534546,0.906,0.0,0.14300000000000002,2.0,-0.0
130,2013-01-16 17:00:00,0.04600154235959053,0.14092956483364105,1.9945640563964844,0.669,0.0,0.275,2.0,-0.0
131,2013-01-16 17:30:00,0.10850182175636292,0.24784454703330994,2.0,0.481,0.0,0.129,1.995653631210327,-0.0
132,2013-01-16 18:00:00,0.08281570672988892,0.24731609225273132,2.0,0.363,0.0,0.17600000000000002,1.8655609385967258,-0.0
133,2013-01-16 18:30:00,0.07392760366201401,0.2909926176071167,2.0,0.338,0.0,0.159,1.9351026942133893,-0.0
134,2013-01-16 19:00:00,0.1003664955496788,0.14403709769248962,2.0,0.219,0.0,0.28300000000000003,1.8213910183310529,-0.0
135,2013-01-16 19:30:00,0.08027768135070801,0.20188097655773163,2.0,0.113,0.0,0.157,1.8705039427280385,-0.0
136,2013-01-16 20:00:00,0.04845742508769035,0.11799277365207672,2.0,0.006,0.0,0.161,1.7210072263479232,-0.0
137,2013-01-16 20:30:00,0.032458119094371796,0.30988699197769165,2.0,0.0,0.0,0.246,2.0,-0.0
138,2013-01-16 21:00:00,0.04874372109770775,0.0,2.0,0.0,0.0,0.197,1.803,-0.0
139,2013-01-16 21:30:00,0.06185274198651314,0.11494742333889008,2.0,0.0,0.0,0.043,1.84205257666111,-0.0
140,2013-01-16 22:00:00,0.052216529846191406,0.15488098561763763,2.0,0.0,0.0,0.14800000000000002,1.6971190143823622,-0.0
141,2013-01-16 22:30:00,0.07767411321401596,0.4197462499141693,1.9452972412109375,0.0,0.0,0.185,2.0,-0.0
142,2013-01-16 23:00:00,0.10764887183904648,0.0,1.9760828018188477,0.0,0.0,0.738,1.262,-0.0
143,2013-01-16 23:30:00,0.96523517370224,1.0205440521240234,1.5385892391204834,0.0,0.0,0.763,1.6924559478759766,-0.0
144,2013-01-17 00:00:00,0.9629465341567993,0.3529118299484253,1.3971186876296997,0.0,0.0,0.161,2.0,-0.0
145,2013-01-17 00:30:00,0.11267512291669846,0.01679961010813713,1.9491230249404907,0.0,0.0,0.025,1.958200389891863,-0.0
146,2013-01-17 01:00:00,0.09373446553945541,0.07696963846683502,1.898193597793579,0.0,1.075,0.113,0.8186295817494391,-0.0
147,2013-01-17 01:30:00,0.04786498844623566,0.01455958466976881,1.9443950653076172,0.0,1.238,0.115,0.5768354806378484,-0.0
148,2013-01-17 02:00:00,0.01035983394831419,0.016743911430239677,1.9489686489105225,0.0,0.381,0.026,1.5252247374802828,-0.0
149,2013-01-17 02:30:00,0.2770693898200989,0.7969379425048828,1.9397213459014893,0.0,0.394,0.119,1.6396125825345516,-0.0
150,2013-01-17 03:00:00,0.8872134685516357,0.7256802320480347,1.771497368812561,0.0,0.7190000000000001,0.162,1.114094602882862,-0.0
151,2013-01-17 03:30:00,0.8844341039657593,1.3345109224319458,1.5686135292053223,0.0,0.0,0.74,1.6972998718023302,-0.0
152,2013-01-17 04:00:00,0.8506284952163696,0.44989699125289917,1.324421763420105,0.0,0.0,0.777,1.3785032651424403,-0.0
153,2013-01-17 04:30:00,0.9841917157173157,0.9690563082695007,1.424774408340454,0.0,0.0,0.084,2.0,-0.0
154,2013-01-17 05:00:00,0.0,0.0,1.9740720987319946,0.0,0.794,0.272,0.9339999999999999,-0.0
155,2013-01-17 05:30:00,0.9960841536521912,1.393367052078247,1.4155229330062866,0.0,0.14400000000000002,1.315,1.279632947921753,-0.0
156,2013-01-17 06:00:00,1.2274664640426636,1.0698487758636475,1.463584542274475,0.0,0.0,1.279,1.0918853282928467,-0.0
157,2013-01-17 06:30:00,1.239938735961914,1.2269896268844604,1.4875268936157227,0.013,0.0,0.068,2.0,-0.0
158,2013-01-17 07:00:00,0.0,0.0,2.0,0.05,0.0,0.152,1.898,-0.0
159,2013-01-17 07:30:00,0.0,0.10334368050098419,1.9836937189102173,0.113,0.0,0.263,1.950656319499016,-0.0
160,2013-01-17 08:00:00,0.0,0.05223911628127098,1.9373447895050049,0.219,0.0,0.208,2.0,-0.0
161,2013-01-17 08:30:00,0.0,0.13045808672904968,1.905424952507019,0.338,0.0,0.134,2.0,-0.0
162,2013-01-17 09:00:00,0.0,0.24426056444644928,1.857567548751831,0.369,0.0,0.129,1.9957394355535505,-0.0
163,2013-01-17 09:30:00,0.0,0.27821189165115356,1.9024395942687988,0.894,0.0,0.208,2.0,-0.0
164,2013-01-17 10:00:00,0.0,0.5011861324310303,1.8873602151870728,0.7,0.0,0.067,2.0,-0.0
165,2013-01-17 10:30:00,0.0,0.5484476089477539,1.912250280380249,0.894,0.0,0.142,2.0,-0.0
166,2013-01-17 11:00:00,0.0,0.6305079460144043,1.937946081161499,1.044,0.0,0.078,2.0,-0.0
167,2013-01-17 11:30:00,0.0,0.7329869866371155,1.9577953815460205,1.4380000000000002,0.0,0.248,2.0,-0.0
168,2013-01-17 12:00:00,0.0,1.0877716541290283,1.9840627908706665,1.538,0.0,0.214,2.0,-0.0
169,2013-01-17 12:30:00,0.0,1.151281476020813,1.9527603387832642,1.575,0.0,0.206,2.0,-0.0
170,2013-01-17 13:00:00,0.0,1.1760579347610474,2.0,1.6130000000000002,0.0,0.195,2.0,-0.0
171,2013-01-17 13:30:00,0.0,1.1496877670288086,2.0,1.631,0.0,0.189,2.0,-0.0
172,2013-01-17 14:00:00,0.0,1.1086747646331787,1.9695850610733032,1.606,0.0,0.14300000000000002,2.0,-0.0
173,2013-01-17 14:30:00,0.0,1.0280317068099976,1.9623948335647583,1.575,0.0,0.07200000000000001,2.0,-0.0
174,2013-01-17 15:00:00,0.0,0.9565802812576294,2.0,1.506,0.0,0.146,2.0,-0.0
175,2013-01-17 15:30:00,0.0,0.960556149482727,1.964094877243042,1.419,0.0,0.226,2.0,-0.0
176,2013-01-17 16:00:00,0.0,0.9416754841804504,1.8936121463775635,1.3,0.0,0.22,2.0,-0.0
177,2013-01-17 16:30:00,0.0,0.820623517036438,1.9378474950790405,1.156,0.0,0.077,2.0,-0.0
178,2013-01-17 17:00:00,0.0,0.5711504220962524,1.9619044065475464,0.994,0.0,0.109,2.0,-0.0
179,2013-01-17 17:30:00,0.005957641173154116,0.4851253628730774,1.936805009841919,0.813,0.0,0.133,2.0,-0.0
180,2013-01-17 18:00:00,0.0,0.43585899472236633,1.9028311967849731,0.613,0.0,0.15,2.0,-0.0
181,2013-01-17 18:30:00,0.0,0.3563924729824066,1.8761825561523438,0.394,0.0,0.133,1.9046075270175935,-0.0
182,2013-01-17 19:00:00,0.0,0.3619288206100464,1.8502576351165771,0.15,0.0,0.142,1.8368561253547666,-0.0
183,2013-01-17 19:30:00,0.0,0.23315872251987457,1.8019673824310303,0.056,0.0,0.344,1.8051290267705924,-0.0
184,2013-01-17 20:00:00,0.0,0.18431439995765686,1.8258037567138672,0.013,0.0,0.17600000000000002,1.6421290267705924,-0.0
185,2013-01-17 20:30:00,0.0,0.5893009901046753,1.9219845533370972,0.0,0.0,0.274,1.8524409563541395,-0.0
186,2013-01-17 21:00:00,0.41559839248657227,0.08439936488866806,1.9889583587646484,0.0,0.0,0.227,1.6775589938759803,-0.0
187,2013-01-17 21:30:00,0.0,0.39249953627586365,2.0,0.0,0.0,0.14,2.0,-0.0
188,2013-01-17 22:00:00,0.04617641121149063,0.0,2.0,0.0,0.0,0.172,1.828,-0.0
189,2013-01-17 22:30:00,0.0802907943725586,0.044273413717746735,2.0,0.0,0.0,0.227,1.7287265862822532,-0.0
190,2013-01-17 23:00:00,0.06511099636554718,0.20942917466163635,2.0,0.0,0.0,0.779,1.0115708253383637,-0.0
191,2013-01-17 23:30:00,1.2264679670333862,1.2165248394012451,1.3216840028762817,0.0,0.0,0.775,1.9853335099220275,-0.0
192,2013-01-18 00:00:00,1.4702799320220947,0.0,1.9054690599441528,0.0,0.0,0.077,1.9083335099220275,-0.0
193,2013-01-18 00:30:00,0.01711099222302437,0.0,1.862273097038269,0.0,0.0,0.079,1.8293335099220276,-0.0
194,2013-01-18 01:00:00,0.051867641508579254,0.0,1.8546513319015503,0.0,1.075,0.09,0.6896513319015504,-0.0
195,2013-01-18 01:30:00,0.07188736647367477,0.0,1.8689020872116089,0.0,0.931,0.155,0.7829020872116088,-0.0
196,2013-01-18 02:00:00,0.31639230251312256,0.0,1.909839391708374,0.0,0.0,0.094,1.815839391708374,-0.0
197,2013-01-18 02:30:00,0.08374597132205963,0.1355230212211609,1.8999221324920654,0.0,0.888,0.076,0.8518393917083741,-0.0
198,2013-01-18 03:00:00,0.7082396745681763,0.0,1.936622142791748,0.0,0.163,0.215,1.558622142791748,-0.0
199,2013-01-18 03:30:00,0.056764595210552216,0.5323454737663269,1.9813421964645386,0.0,0.0,0.8140000000000001,1.5364102406501772,-0.0
200,2013-01-18 04:00:00,0.8757197856903076,0.6904205679893494,1.436063528060913,0.0,0.0,0.722,1.5147589507102963,-0.0
201,2013-01-18 04:30:00,0.8230130672454834,0.7370944023132324,1.4995298385620117,0.0,0.075,0.156,2.0,-0.0
202,2013-01-18 05:00:00,0.10970479249954224,0.0,1.9776196479797363,0.0,0.8809999999999999,0.15,0.9690000000000002,-0.0
203,2013-01-18 05:30:00,1.1171225309371948,1.3859343528747559,1.6449304819107056,0.0,0.0,0.7859999999999999,1.8900656471252435,-0.0
204,2013-01-18 06:00:00,1.1262907981872559,0.09271936863660812,1.7290860414505005,0.0,0.0,0.8370000000000001,1.0530656471252433,-0.0
205,2013-01-18 06:30:00,1.2431257963180542,1.228060007095337,1.3533072471618652,0.0,0.0,0.141,2.0,-0.0
206,2013-01-18 07:00:00,0.05003532022237778,0.0,1.9430053234100342,0.038,0.0,0.14,1.8599999999999999,-0.0
207,2013-01-18 07:30:00,0.0010574529878795147,0.0,1.884390950202942,0.081,0.0,0.133,1.8313334972150623,-0.0
208,2013-01-18 08:00:00,0.021212251856923103,0.11484918743371964,1.892964482307434,0.156,0.0,0.361,1.6263334972150625,-0.0
209,2013-01-18 08:30:00,0.015716183930635452,0.5076510310173035,1.991835117340088,0.375,0.0,0.233,2.0,-0.0
210,2013-01-18 09:00:00,0.0013291494688019156,0.09183245152235031,2.0,0.631,0.0,0.5429999999999999,1.994838399008848,-0.0
211,2013-01-18 09:30:00,0.02254066988825798,0.10943354666233063,1.9889404773712158,0.831,0.0,0.294,2.0,-0.0
212,2013-01-18 10:00:00,0.019605649635195732,0.23040655255317688,2.0,1.013,0.0,0.232,2.0,-0.0
213,2013-01-18 10:30:00,0.0,0.16823486983776093,2.0,1.15,0.0,0.225,2.0,-0.0
214,2013-01-18 11:00:00,0.010911292396485806,0.1980779469013214,1.945441722869873,1.288,0.0,0.337,2.0,-0.0
215,2013-01-18 11:30:00,0.0,0.1545993834733963,1.9449471235275269,1.381,0.0,0.315,2.0,-0.0
216,2013-01-18 12:00:00,0.0,0.15144236385822296,1.8653414249420166,1.456,0.0,0.429,2.0,-0.0
217,2013-01-18 12:30:00,0.0,0.16341793537139893,1.9283562898635864,1.5,0.0,0.425,2.0,-0.0
218,2013-01-18 13:00:00,0.0,0.16897651553153992,1.9458718299865723,1.5,0.0,0.438,2.0,-0.0
219,2013-01-18 13:30:00,0.0,0.21778231859207153,1.9001942873001099,1.469,0.0,0.134,2.0,-0.0
220,2013-01-18 14:00:00,0.0,0.2712656259536743,1.9389410018920898,1.5,0.0,0.139,2.0,-0.0
221,2013-01-18 14:30:00,0.0,0.33608657121658325,1.987234115600586,1.538,0.0,0.238,2.0,-0.0
222,2013-01-18 15:00:00,0.0,0.3558467626571655,1.9406507015228271,1.45,0.0,0.152,2.0,-0.0
223,2013-01-18 15:30:00,0.0,0.3389539122581482,1.9072109460830688,1.294,0.0,0.227,2.0,-0.0
224,2013-01-18 16:00:00,0.0,0.3670804500579834,1.9356621503829956,0.813,0.0,0.264,2.0,-0.0
225,2013-01-18 16:30:00,0.030718181282281876,0.40597108006477356,1.94204580783844,1.094,0.0,0.271,2.0,-0.0
226,2013-01-18 17:00:00,0.0453486405313015,0.49084630608558655,1.958646297454834,0.125,0.0,0.257,1.3318050533831118,-0.0
227,2013-01-18 17:30:00,1.3346538543701172,0.9609121084213257,1.6560499668121338,0.256,0.0,0.269,1.594477784812451,-0.0
228,2013-01-18 18:00:00,1.198830246925354,0.6639671921730042,1.6480798721313477,0.263,0.0,0.211,1.410077238202094,-0.0
229,2013-01-18 18:30:00,1.5549449920654297,0.6596009135246277,1.556374192237854,0.063,0.0,0.177,2.0,-0.0
230,2013-01-18 19:00:00,0.12358865886926651,0.0,1.982067346572876,0.031,0.0,0.16899999999999998,1.831,-0.0
231,2013-01-18 19:30:00,0.1247827410697937,0.2633673846721649,1.9839423894882202,0.019,0.0,0.199,1.8376326153278357,-0.0
232,2013-01-18 20:00:00,0.008446228690445423,0.23985089361667633,1.940294623374939,0.006,0.0,0.265,1.807883875727652,-0.0
233,2013-01-18 20:30:00,0.0,0.2999522387981415,1.9402437210083008,0.0,0.0,0.269,1.8152800097465542,-0.0
234,2013-01-18 21:00:00,0.0,0.28373420238494873,1.991580605506897,0.0,0.0,0.279,1.8067057781219429,-0.0
235,2013-01-18 21:30:00,0.0,0.31019705533981323,2.0,0.0,0.0,0.221,1.855391388416301,-0.0
236,2013-01-18 22:00:00,0.0,0.17150115966796875,1.9573266506195068,0.0,0.0,0.117,2.0,-0.0
237,2013-01-18 22:30:00,0.0,0.0,1.9774816036224365,0.0,0.0,0.2,1.8,-0.0
238,2013-01-18 23:00:00,0.02562049962580204,0.24653640389442444,2.0,0.0,0.0,0.8440000000000001,1.3094635961055758,-0.0
239,2013-01-18 23:30:00,1.0564414262771606,0.972920298576355,1.5716336965560913,0.0,0.0,0.6990000000000001,1.7091525092124935,-0.0
240,2013-01-19 00:00:00,0.7893227934837341,0.38194355368614197,1.6413077116012573,0.0,0.0,0.126,2.0,-0.0
241,2013-01-19 00:30:00,0.0,0.0,1.9583758115768433,0.0,0.0,0.134,1.866,-0.0
242,2013-01-19 01:00:00,0.0,0.13378828763961792,1.9760420322418213,0.0,1.069,0.101,0.6960000000000002,-0.0
243,2013-01-19 01:30:00,1.8059985637664795,0.0,1.984506368637085,0.0,0.594,0.026,1.364506368637085,-0.0
244,2013-01-19 02:00:00,1.6844229698181152,0.7790558934211731,1.7873127460479736,0.0,0.0,0.133,2.0,-0.0
245,2013-01-19 02:30:00,0.0,0.0,2.0,0.0,0.55,0.14300000000000002,1.307,-0.0
246,2013-01-19 03:00:00,1.3256964683532715,0.8158743381500244,1.7956740856170654,0.0,0.444,0.18600000000000005,1.9401256618499758,-0.0
247,2013-01-19 03:30:00,0.6087664365768433,0.0,2.0,0.0,0.0,0.853,1.147,-0.0
248,2013-01-19 04:00:00,1.0865086317062378,1.1040645837783813,1.4423561096191406,0.0,0.0,0.7809999999999999,1.8209354162216183,-0.0
249,2013-01-19 04:30:00,0.6520801782608032,0.18890997767448425,1.593819260597229,0.0,0.0,0.098,2.0,-0.0
250,2013-01-19 05:00:00,0.0,0.0,1.993249773979187,0.0,0.0,0.6779999999999999,1.322,-0.0
251,2013-01-19 05:30:00,0.6348024010658264,0.7744595408439636,1.6811637878417969,0.0,0.263,1.337,0.9815404591560364,-0.0
252,2013-01-19 06:00:00,1.2868926525115967,1.3966532945632935,1.5357933044433594,0.0,0.825,0.835,0.9802657871246336,-0.0
253,2013-01-19 06:30:00,1.1280819177627563,1.2112230062484741,1.838882565498352,0.0,0.35,0.032,2.0,-0.0
254,2013-01-19 07:00:00,0.08060123026371002,0.0,1.9926949739456177,0.05,0.475,0.134,1.391,-0.0
255,2013-01-19 07:30:00,1.1915863752365112,0.7987322807312012,1.7582803964614868,0.119,0.08800000000000001,0.08199999999999999,2.0,-0.0
256,2013-01-19 08:00:00,0.0,0.0,2.0,0.094,0.0,0.162,1.932,-0.0
257,2013-01-19 08:30:00,0.0,0.05909013748168945,1.92061185836792,0.113,0.0,0.221,1.8239999999999998,-0.0
258,2013-01-19 09:00:00,0.0,0.20774567127227783,2.0,0.481,0.0,0.123,2.0,-0.0
259,2013-01-19 09:30:00,0.0,0.25222066044807434,1.9976977109909058,0.575,0.0,0.056,2.0,-0.0
260,2013-01-19 10:00:00,0.0,0.33335286378860474,1.9757113456726074,0.831,0.0,0.161,2.0,-0.0
261,2013-01-19 10:30:00,0.04647418484091759,0.36492371559143066,1.9707225561141968,0.913,0.0,0.247,2.0,-0.0
262,2013-01-19 11:00:00,0.023563994094729424,0.41838914155960083,1.947676420211792,0.7879999999999999,0.0,0.104,2.0,-0.0
263,2013-01-19 11:30:00,0.0,0.38168299198150635,1.9233084917068481,0.913,0.0,0.174,2.0,-0.0
264,2013-01-19 12:00:00,0.07914721220731735,0.4410210847854614,1.952842116355896,0.8190000000000001,0.0,0.14400000000000002,2.0,-0.0
265,2013-01-19 12:30:00,0.08476260304450989,0.402858704328537,2.0,0.85,0.0,0.035,2.0,-0.0
266,2013-01-19 13:00:00,0.11786076426506042,0.3723820745944977,1.9759315252304077,0.8190000000000001,0.0,0.122,2.0,-0.0
267,2013-01-19 13:30:00,0.07568808645009995,0.43610578775405884,2.0,0.563,0.0,0.135,1.916206125795841,-0.0
268,2013-01-19 14:00:00,0.015618192963302135,0.4753422737121582,2.0,0.575,0.0,0.035,2.0,-0.0
269,2013-01-19 14:30:00,0.05564258620142937,0.41395893692970276,2.0,0.3,0.0,0.121,1.7093984768688677,-0.0
270,2013-01-19 15:00:00,0.112699493765831,0.5132498145103455,2.0,0.14400000000000002,0.0,0.124,1.7498547504544262,-0.0
271,2013-01-19 15:30:00,0.12116113305091858,0.37506911158561707,2.0,0.131,0.0,0.035,1.8577379883527747,-0.0
272,2013-01-19 16:00:00,0.07506801933050156,0.10401873290538788,2.0,0.194,0.0,0.16,1.9893012323975585,-0.0
273,2013-01-19 16:30:00,0.08089883625507355,0.0,2.0,0.175,0.0,0.123,1.9924986989498092,-0.0
274,2013-01-19 17:00:00,0.05555403605103493,0.0,2.0,0.125,0.0,0.158,1.9264485660493467,-0.0
275,2013-01-19 17:30:00,0.10372400283813477,0.0,2.0,0.119,0.0,0.151,2.0,-0.0
276,2013-01-19 18:00:00,0.07267817854881287,0.0,2.0,0.081,0.0,0.14400000000000002,1.864321821451187,-0.0
277,2013-01-19 18:30:00,0.13096866011619568,0.12834343314170837,1.9463287591934204,0.038,0.0,0.173,1.894012923955918,-0.0
278,2013-01-19 19:00:00,0.1434168815612793,0.09616094082593918,1.9073408842086792,0.019,0.0,0.14800000000000002,1.9298132112622248,-0.0
279,2013-01-19 19:30:00,0.11023641377687454,0.05089790001511574,1.9223742485046387,0.0,0.0,0.26,1.6698132112622248,-0.0
280,2013-01-19 20:00:00,0.07824449986219406,0.4973713159561157,1.9259151220321655,0.0,0.0,0.259,1.9040022615194343,-0.0
281,2013-01-19 20:30:00,0.022741561755537987,0.10961266607046127,1.965489149093628,0.0,0.0,0.153,1.92938281089067,-0.0
282,2013-01-19 21:00:00,0.004696630407124758,0.14441633224487305,1.9132333993911743,0.0,0.0,0.226,1.7708180459737868,-0.0
283,2013-01-19 21:30:00,0.054563213139772415,0.3555971682071686,1.9470549821853638,0.0,0.0,0.256,1.8467667398452579,-0.0
284,2013-01-19 22:00:00,0.023335635662078857,0.2565721571445465,1.9013077020645142,0.0,0.0,0.157,1.892894363164938,-0.0
285,2013-01-19 22:30:00,0.0,0.2022506296634674,1.8597228527069092,0.0,0.0,0.197,1.8149606440066566,-0.0
286,2013-01-19 23:00:00,0.0,0.31003931164741516,1.799230694770813,0.0,0.0,0.841,1.2190394003392717,-0.0
287,2013-01-19 23:30:00,1.0457819700241089,1.1801605224609375,1.2765835523605347,0.0,0.0,0.68,1.7017606768605194,-0.0
288,2013-01-20 00:00:00,0.8838261961936951,0.5183504223823547,1.3834728002548218,0.0,0.0,0.155,1.9231282238966065,-0.0
289,2013-01-20 00:30:00,0.02808847837150097,0.15138119459152222,1.8594495058059692,0.0,0.0,0.101,1.9013623576152647,-0.0
290,2013-01-20 01:00:00,0.0,0.11078355461359024,1.8420634269714355,0.0,1.075,0.044,0.9674917301558803,-0.0
291,2013-01-20 01:30:00,0.8035365343093872,0.0,1.8682117462158203,0.0,1.238,0.14300000000000002,0.4872117462158203,-0.0
292,2013-01-20 02:00:00,1.9351837635040283,0.04314837604761124,1.8923646211624146,0.0,0.4,0.065,1.3842162451148035,-0.0
293,2013-01-20 02:30:00,0.8833084106445312,0.8693749904632568,1.752677083015442,0.0,0.0,0.08,2.0,-0.0
294,2013-01-20 03:00:00,0.0,0.0,1.8443565368652344,0.0,0.963,0.194,0.843,-0.0
295,2013-01-20 03:30:00,0.6521322727203369,0.0,1.8600671291351318,0.0,0.038,0.7509999999999999,1.071067129135132,-0.0
296,2013-01-20 04:00:00,1.0630719661712646,1.1628663539886475,1.250611662864685,0.0,0.0,0.767,1.9279993877410884,-0.0
297,2013-01-20 04:30:00,0.7065586447715759,0.013547979295253754,1.6684484481811523,0.0,0.0,0.087,1.8409993877410884,-0.0
298,2013-01-20 05:00:00,0.005605033598840237,0.20389829576015472,1.870322823524475,0.0,0.0,0.116,1.9981029287576686,-0.0
299,2013-01-20 05:30:00,0.06597032397985458,0.10306417942047119,1.9227045774459839,0.0,0.0,0.8690000000000001,1.0317299630641914,-0.0
300,2013-01-20 06:00:00,1.313584327697754,1.3596051931381226,1.2259514331817627,0.0,0.5379999999999999,0.7959999999999999,1.242934880733495,-0.0
301,2013-01-20 06:30:00,1.0833930969238281,1.058245301246643,1.3539199829101562,0.0,0.388,0.145,1.922884937286367,-0.0
302,2013-01-20 07:00:00,1.0756795406341553,0.036059167236089706,1.8268251419067383,0.031,0.0,0.105,1.848884937286367,-0.0
303,2013-01-20 07:30:00,0.0,0.19641894102096558,1.8722461462020874,0.044,0.0,0.141,2.0,-0.0
304,2013-01-20 08:00:00,0.0,0.05352814495563507,1.8776463270187378,0.081,0.0,0.205,1.8224718550443648,-0.0
305,2013-01-20 08:30:00,0.0,0.2773784101009369,1.9157048463821411,0.05,0.0,0.569,1.5586778798103333,-0.0
306,2013-01-20 09:00:00,0.3375076949596405,0.6574696898460388,1.8043773174285889,0.2,0.0,0.039,1.7861745505332944,-0.0
307,2013-01-20 09:30:00,0.0,0.4142833352088928,1.9527980089187622,0.219,0.0,0.108,2.0,-0.0
308,2013-01-20 10:00:00,0.05045948177576065,0.0,1.9679222106933594,0.238,0.0,0.141,2.0,-0.0
309,2013-01-20 10:30:00,0.0,0.0,1.950163722038269,0.2,0.0,0.115,2.0,-0.0
310,2013-01-20 11:00:00,0.011469039134681225,0.0,2.0,0.219,0.0,0.363,1.8445309608653186,-0.0
311,2013-01-20 11:30:00,0.007488459348678589,0.06016857922077179,1.9621517658233643,0.175,0.0,0.134,1.9354947272539138,-0.0
312,2013-01-20 12:00:00,0.0,0.0,2.0,0.225,0.0,0.116,2.0,-0.0
313,2013-01-20 12:30:00,0.0,0.0,1.974074363708496,0.35600000000000004,0.0,0.313,2.0,-0.0
314,2013-01-20 13:00:00,0.0,0.0,2.0,0.35,0.0,0.237,2.0,-0.0
315,2013-01-20 13:30:00,0.0,0.0,2.0,0.275,0.0,0.383,1.892,-0.0
316,2013-01-20 14:00:00,0.0,0.0877491682767868,2.0,0.306,0.0,0.21,2.0,-0.0
317,2013-01-20 14:30:00,0.0,0.04687952995300293,2.0,0.363,0.0,0.244,2.0,-0.0
318,2013-01-20 15:00:00,0.0,0.1407911479473114,2.0,0.463,0.0,0.19,2.0,-0.0
319,2013-01-20 15:30:00,0.0,0.28721654415130615,1.9387561082839966,0.381,0.0,0.326,1.767783455848694,-0.0
320,2013-01-20 16:00:00,0.07890594005584717,0.41230839490890503,1.9295485019683838,0.331,0.0,0.269,1.8774068732261653,-0.0
321,2013-01-20 16:30:00,0.11585678160190582,0.3657512068748474,1.9390077590942383,0.225,0.0,0.246,1.5108647018671046,-0.0
322,2013-01-20 17:00:00,0.6586030721664429,0.6065871715545654,1.8197470903396606,0.225,0.0,0.327,1.5946834247112252,-0.0
323,2013-01-20 17:30:00,0.5843857526779175,0.5178780555725098,1.8229238986968994,0.15,0.0,0.191,1.80175509500504,-0.0
324,2013-01-20 18:00:00,0.008595366030931473,0.3067062795162201,1.9884189367294312,0.156,0.0,0.118,2.0,-0.0
325,2013-01-20 18:30:00,0.03908039629459381,0.024599868804216385,1.9920023679733276,0.188,0.0,0.194,1.93031973490119,-0.0
326,2013-01-20 19:00:00,0.08296918123960495,0.09757348150014877,1.944735050201416,0.131,0.0,0.6559999999999999,1.4338178674578665,-0.0
327,2013-01-20 19:30:00,0.8135623931884766,0.6167555451393127,1.5988662242889404,0.044,0.0,0.478,1.9496087199449545,-0.0
328,2013-01-20 20:00:00,0.09909909218549728,0.0,1.9507415294647217,0.006,0.0,0.26,1.6956087199449545,-0.0
329,2013-01-20 20:30:00,0.082259900867939,0.32481902837753296,1.9312916994094849,0.0,0.0,0.329,1.9549635317325584,-0.0
330,2013-01-20 21:00:00,0.017393827438354492,0.0,1.8399466276168823,0.0,0.0,0.17,1.7849635317325585,-0.0
331,2013-01-20 21:30:00,0.0,0.1816871464252472,1.855442762374878,0.0,0.0,0.222,1.5629635317325585,-0.0
332,2013-01-20 22:00:00,0.0,0.49035730957984924,1.9012374877929688,0.0,0.0,0.249,2.0,-0.0
333,2013-01-20 22:30:00,0.0,0.0,1.9113121032714844,0.0,0.0,0.212,1.788,-0.0
334,2013-01-20 23:00:00,0.0,0.23450911045074463,1.9173197746276855,0.0,0.0,0.943,1.2464908895492548,-0.0
335,2013-01-20 23:30:00,1.1075270175933838,1.022980809211731,1.4160840511322021,0.0,0.0,0.8220000000000001,1.6620374116897594,-0.0
336,2013-03-18 00:00:00,0.9571150541305542,0.43926888704299927,1.3937417268753052,0.0,0.0,0.07,2.0,-0.0
337,2013-03-18 00:30:00,0.06100467965006828,0.04947703331708908,1.8859130144119263,0.0,0.0,0.142,1.808522966682911,-0.0
338,2013-03-18 01:00:00,0.09358558058738708,0.25182008743286133,1.951249122619629,0.0,1.088,0.139,0.9041339792013166,-0.0
339,2013-03-18 01:30:00,1.3520500659942627,0.0,1.9649235010147095,0.0,1.263,0.14,0.5619235010147096,-0.0
340,2013-03-18 02:00:00,2.0,0.0,2.0,0.0,1.256,0.103,0.641,-0.0
341,2013-03-18 02:30:00,2.0,0.0,2.0,0.0,1.163,0.024,0.813,-0.0
342,2013-03-18 03:00:00,1.815737247467041,0.0,2.0,0.0,0.0,0.233,1.767,-0.0
343,2013-03-18 03:30:00,0.06211420148611069,0.23663994669914246,2.0,0.0,1.144,0.71,0.37536005330085787,-0.0
344,2013-03-18 04:00:00,2.0,0.0,1.9732481241226196,0.0,0.1,0.6829999999999999,1.1902481241226197,-0.0
345,2013-03-18 04:30:00,0.8329557776451111,1.1079376935958862,1.560316562652588,0.0,0.0,0.047,2.0,-0.0
346,2013-03-18 05:00:00,0.0,0.03853461518883705,1.9472407102584839,0.0,0.925,0.17800000000000002,0.8584653848111629,-0.0
347,2013-03-18 05:30:00,1.0546659231185913,0.1001506969332695,1.952731966972351,0.0,0.081,0.748,1.0235812700390816,-0.0
348,2013-03-18 06:00:00,1.370080828666687,1.450682520866394,1.3662912845611572,0.0,0.0,0.629,1.8731549390554425,-0.0
349,2013-03-18 06:30:00,0.7146146297454834,0.21344244480133057,1.9146676063537598,0.0,0.0,0.09,1.9502476770877841,-0.0
350,2013-03-18 07:00:00,0.11585558205842972,0.2126985788345337,2.0,0.0,0.0,0.031,1.8558060669898981,-0.0
351,2013-03-18 07:30:00,0.07763219624757767,0.34833940863609314,2.0,0.013,0.0,0.336,1.5780484573841105,-0.0
352,2013-03-18 08:00:00,0.07538527250289917,0.6290963292121887,2.0,0.05,0.0,0.44,1.6748067560195898,-0.0
353,2013-03-18 08:30:00,0.15758104622364044,0.434783399105072,1.964300513267517,0.113,0.0,0.438,1.5516030888557484,-0.0
354,2013-03-18 09:00:00,0.23873040080070496,0.7133404016494751,1.9448953866958618,0.08800000000000001,0.0,0.168,1.8394534206390278,-0.0
355,2013-03-18 09:30:00,0.09263147413730621,0.2964698374271393,1.9901833534240723,0.28800000000000003,0.0,0.071,1.9637288988828863,-0.0
356,2013-03-18 10:00:00,0.06671854853630066,0.4615263342857361,2.0,0.494,0.0,0.077,1.961297319412191,-0.0
357,2013-03-18 10:30:00,0.060521598905324936,0.6577426195144653,2.0,0.7440000000000001,0.0,0.051,2.0,-0.0
358,2013-03-18 11:00:00,0.06547572463750839,0.5907568335533142,1.962921380996704,0.85,0.0,0.238,1.9557674418091775,-0.0
359,2013-03-18 11:30:00,0.0,0.5723300576210022,1.9441215991973877,1.169,0.0,0.062,2.0,-0.0
360,2013-03-18 12:00:00,0.003420731518417597,0.6290647983551025,2.0,1.444,0.0,0.122,2.0,-0.0
361,2013-03-18 12:30:00,0.0,0.7235211133956909,2.0,1.481,0.0,0.025,2.0,-0.0
362,2013-03-18 13:00:00,0.02707045152783394,0.7821356654167175,2.0,1.025,0.0,0.34600000000000003,1.8697938830554484,-0.0
363,2013-03-18 13:30:00,0.006707743275910616,0.6619097590446472,2.0,1.1,0.0,0.194,2.0,-0.0
364,2013-03-18 14:00:00,0.0,0.6900773048400879,2.0,1.469,0.0,0.168,2.0,-0.0
365,2013-03-18 14:30:00,0.0,0.8403197526931763,2.0,1.538,0.0,0.114,2.0,-0.0
366,2013-03-18 15:00:00,0.0,0.9349153637886047,2.0,1.544,0.0,0.027000000000000003,2.0,-0.0
367,2013-03-18 15:30:00,0.010409004054963589,1.036466121673584,2.0,1.131,0.0,0.193,1.8911248742714526,-0.0
368,2013-03-18 16:00:00,0.02122265286743641,0.7494518756866455,2.0,1.219,0.0,0.125,2.0,-0.0
369,2013-03-18 16:30:00,0.0037432045210152864,0.9634562134742737,2.0,1.119,0.0,0.202,1.9498005820047108,-0.0
370,2013-03-18 17:00:00,0.0,0.8305363655090332,2.0,0.838,0.0,0.232,1.8758624704815452,-0.0
371,2013-03-18 17:30:00,0.0,0.7319044470787048,2.0,0.688,0.0,0.056,2.0,-0.0
372,2013-03-18 18:00:00,0.0,0.7702202200889587,2.0,0.231,0.0,0.161,1.299779779911041,-0.0
373,2013-03-18 18:30:00,1.4679315090179443,0.8799208402633667,1.7426053285598755,0.094,0.0,0.244,2.0,-0.0
374,2013-03-18 19:00:00,0.0,0.029293950647115707,2.0,0.031,0.0,0.5770000000000001,1.4247060493528845,-0.0
375,2013-03-18 19:30:00,0.13668030500411987,0.7636362314224243,1.9492436647415161,0.0,0.0,0.205,2.0,-0.0
376,2013-03-18 20:00:00,0.0,0.006149400025606155,2.0,0.0,0.0,0.15,1.843850599974394,-0.0
377,2013-03-18 20:30:00,0.0,0.27789273858070374,1.9979264736175537,0.0,0.0,0.244,1.7904060614705084,-0.0
378,2013-03-18 21:00:00,0.0,0.33105769753456116,1.9607489109039307,0.0,0.0,0.195,1.8931301795244215,-0.0
379,2013-03-18 21:30:00,0.0,0.11836541444063187,1.9613536596298218,0.0,0.0,0.165,1.9303742265105255,-0.0
380,2013-03-18 22:00:00,0.01872548833489418,0.13033676147460938,1.9860140085220337,0.0,0.0,0.154,1.8549147855043397,-0.0
381,2013-03-18 22:30:00,0.007472927216440439,0.31262490153312683,1.9771201610565186,0.0,0.0,0.15,1.8275455274581938,-0.0
382,2013-03-18 23:00:00,0.039734553545713425,0.39287078380584717,1.9697561264038086,0.0,0.0,0.8079999999999999,1.1440381612777655,-0.0
383,2013-03-18 23:30:00,1.0280262231826782,1.152742862701416,1.4289062023162842,0.0,0.0,0.626,1.9331808147430531,-0.0
384,2013-03-19 00:00:00,0.29621419310569763,0.05755164101719856,1.9495295286178589,0.0,0.0,0.131,1.8021808147430531,-0.0
385,2013-03-19 00:30:00,0.004859881475567818,0.41281887888908386,2.0,0.0,0.0,0.08900000000000001,1.8938194916248097,-0.0
386,2013-03-19 01:00:00,0.0887896865606308,0.2923344075679779,1.9903314113616943,0.0,1.088,0.028,0.8040266091824024,-0.0
387,2013-03-19 01:30:00,2.0,0.00430689612403512,1.9877175092697144,0.0,1.256,0.126,0.6014106131456792,-0.0
388,2013-03-19 02:00:00,2.0,0.0,1.996686577796936,0.0,1.263,0.025,0.7086865777969361,-0.0
389,2013-03-19 02:30:00,2.0,0.0,2.0,0.0,0.45,0.103,1.447,-0.0
390,2013-03-19 03:00:00,0.39261478185653687,0.9977102875709534,1.9301873445510864,0.0,0.531,0.149,1.4282897124290463,-0.0
391,2013-03-19 03:30:00,0.9482068419456482,0.9438239336013794,1.8957544565200806,0.0,0.6809999999999999,0.752,0.7665966415405279,-0.0
392,2013-03-19 04:00:00,1.6971395015716553,0.06594017148017883,2.0,0.0,0.0,0.657,1.2770598285198211,-0.0
393,2013-03-19 04:30:00,0.7497202754020691,1.0777033567428589,1.7321850061416626,0.0,0.013,0.036000000000000004,2.0,-0.0
394,2013-03-19 05:00:00,0.15322449803352356,0.14540690183639526,2.0,0.0,0.963,0.209,0.6825930981636047,-0.0
395,2013-03-19 05:30:00,1.9795753955841064,0.045267295092344284,2.0,0.0,0.0,1.442,0.5127327049076558,-0.0
396,2013-03-19 06:00:00,0.2620832920074463,0.07000825554132462,2.0,0.0,0.0,1.265,0.6649917444586755,-0.0
397,2013-03-19 06:30:00,1.217468023300171,0.05276907607913017,2.0,0.0,0.0,0.136,1.8112309239208697,-0.0
398,2013-03-19 07:00:00,0.04561016708612442,0.5978083610534668,2.0,0.0,0.0,0.092,1.6877297911047937,-0.0
399,2013-03-19 07:30:00,0.10459288209676743,0.7180029153823853,2.0,0.006,0.0,0.051,1.8435375024080276,-0.0
400,2013-03-19 08:00:00,0.13363485038280487,0.4417113661766052,2.0,0.031,0.0,0.182,1.62721362900734,-0.0
401,2013-03-19 08:30:00,0.16143766045570374,0.8431127667427063,2.0,0.05,0.0,0.08900000000000001,1.7134599752426136,-0.0
402,2013-03-19 09:00:00,0.09190049767494202,0.7536929845809937,2.0,0.081,0.0,0.025,1.6323870649337793,-0.0
403,2013-03-19 09:30:00,0.1028464213013649,0.9035477638244629,2.0,0.306,0.0,0.311,1.518138842403884,-0.0
404,2013-03-19 10:00:00,1.031641960144043,0.7665647864341736,1.7799134254455566,0.475,0.0,0.282,0.9651575287580583,-0.0
405,2013-03-19 10:30:00,0.973049521446228,1.1319125890731812,1.794960379600525,0.738,0.0,0.111,1.3507723534107023,-0.0
406,2013-03-19 11:00:00,0.044753722846508026,0.8070844411849976,1.9931083917617798,0.825,0.0,0.039,2.0,-0.0
407,2013-03-19 11:30:00,0.0,1.0935527086257935,2.0,1.113,0.0,0.075,1.9444472913742066,-0.0
408,2013-03-19 12:00:00,0.0,0.6822187900543213,2.0,1.4,0.0,0.083,2.0,-0.0
409,2013-03-19 12:30:00,0.0,0.7237168550491333,2.0,0.644,0.0,0.067,1.8532831449508669,-0.0
410,2013-03-19 13:00:00,0.0,0.8469405770301819,1.9848315715789795,1.219,0.0,0.117,2.0,-0.0
411,2013-03-19 13:30:00,0.0,0.4079991579055786,1.9902437925338745,0.95,0.0,0.142,2.0,-0.0
412,2013-03-19 14:00:00,0.0,0.4716595709323883,2.0,0.225,0.0,0.113,1.6403404290676118,-0.0
413,2013-03-19 14:30:00,0.0,0.9491360187530518,1.942383050918579,0.619,0.0,0.023,2.0,-0.0
414,2013-03-19 15:00:00,0.0,0.496499240398407,2.0,1.35,0.0,0.115,2.0,-0.0
415,2013-03-19 15:30:00,0.0,0.24737830460071564,2.0,1.506,0.0,0.044,2.0,-0.0
416,2013-03-19 16:00:00,0.0,0.25067535042762756,2.0,0.669,0.0,0.073,2.0,-0.0
417,2013-03-19 16:30:00,0.0,0.4105486273765564,2.0,0.275,0.0,0.085,1.7794513726234436,-0.0
418,2013-03-19 17:00:00,0.0,0.737737238407135,2.0,0.975,0.0,0.04,2.0,-0.0
419,2013-03-19 17:30:00,0.0,0.15288467705249786,2.0,0.525,0.0,0.276,2.0,-0.0
420,2013-03-19 18:00:00,0.0,0.18734869360923767,1.993192434310913,0.25,0.0,0.232,1.8306513063907623,-0.0
421,2013-03-19 18:30:00,0.0,0.43364495038986206,2.0,0.05,0.0,0.282,1.6730524368286133,-0.0
422,2013-03-19 19:00:00,0.0,0.6341906189918518,2.0,0.013,0.0,0.197,1.835704507350922,-0.0
423,2013-03-19 19:30:00,0.0,0.1431875377893448,2.0,0.0,0.0,0.134,1.7228124622106553,-0.0
424,2013-03-19 20:00:00,0.0,0.6395515203475952,1.992066740989685,0.0,0.0,0.259,1.6558235552310943,-0.0
425,2013-03-19 20:30:00,0.0,0.6052489876747131,1.9281697273254395,0.0,0.0,0.188,1.8951039018630984,-0.0
426,2013-03-19 21:00:00,0.0,0.06865523010492325,1.909756064414978,0.0,0.0,0.182,1.7131039018630985,-0.0
427,2013-03-19 21:30:00,0.0,0.626319169998169,1.9101898670196533,0.0,0.0,0.235,1.7124730262756342,-0.0
428,2013-03-19 22:00:00,0.0,0.545755922794342,1.8868917226791382,0.0,0.0,0.057,1.9722980246543895,-0.0
429,2013-03-19 22:30:00,0.0,0.1268651783466339,1.9318965673446655,0.0,0.0,0.211,1.717538772344587,-0.0
430,2013-03-19 23:00:00,0.0,0.7509410381317139,1.9127720594406128,0.0,0.0,0.7659999999999999,1.0479814171791126,-0.0
431,2013-03-19 23:30:00,1.048101544380188,1.3200558423995972,1.3653451204299927,0.0,0.0,0.619,1.9649813232421776,-0.0
432,2013-03-20 00:00:00,0.7298765182495117,0.0391494557261467,1.9260512590408325,0.0,0.0,0.19,1.8408878977894982,-0.0
433,2013-03-20 00:30:00,0.0,0.4023192822933197,1.965157151222229,0.0,0.0,0.029,1.886904922127684,-0.0
434,2013-03-20 01:00:00,0.013755355030298233,0.31116512417793274,1.908649206161499,0.0,1.069,0.097,0.7490250315666995,-0.0
435,2013-03-20 01:30:00,2.0,0.010673374868929386,1.941106915473938,0.0,1.238,0.052000000000000005,0.6404335406050086,-0.0
436,2013-03-20 02:00:00,2.0,0.04317585751414299,1.9918253421783447,0.0,1.263,0.059,0.6266494846642019,-0.0
437,2013-03-20 02:30:00,2.0,0.05584319308400154,1.9640921354293823,0.0,0.35600000000000004,0.08900000000000001,1.4632489423453807,-0.0
438,2013-03-20 03:00:00,0.2956259846687317,1.1129834651947021,1.9937365055084229,0.0,0.588,0.126,1.2465186501145369,-0.0
439,2013-03-20 03:30:00,1.2286392450332642,1.200873851776123,1.835304856300354,0.0,0.619,0.8009999999999999,0.8860888479948033,-0.0
440,2013-03-20 04:00:00,1.2494128942489624,1.4991555213928223,1.4786350727081299,0.0,0.0,0.6,2.0,-0.0
441,2013-03-20 04:30:00,0.9739271402359009,0.021830301731824875,1.9057066440582275,0.0,0.0,0.094,1.884169698268175,-0.0
442,2013-03-20 05:00:00,0.0,0.302104115486145,1.9470837116241455,0.0,0.981,0.15,0.798556487977505,-0.0
443,2013-03-20 05:30:00,1.8621853590011597,0.0,1.9521507024765015,0.0,0.0,0.733,1.2191507024765014,-0.0
444,2013-03-20 06:00:00,0.7790971994400024,1.317588448524475,1.7182581424713135,0.0,0.0,0.7140000000000001,1.5301101465225222,-0.0
445,2013-03-20 06:30:00,0.9986706376075745,0.8156610727310181,1.5697333812713623,0.0,0.0,0.141,1.9831186342239375,-0.0
446,2013-03-20 07:00:00,0.05478839948773384,0.0720396339893341,2.0,0.0,0.0,0.121,1.8407230975627908,-0.0
447,2013-03-20 07:30:00,0.02063888870179653,0.5043219327926636,1.987396001815796,0.006,0.0,0.024,1.778231872081755,-0.0
448,2013-03-20 08:00:00,0.013401848264038563,0.5964756608009338,1.976277232170105,0.025,0.0,0.5589999999999999,1.2728550502434408,-0.0
449,2013-03-20 08:30:00,1.0653518438339233,0.971261739730835,1.5899808406829834,0.038,0.0,0.401,2.0,-0.0
450,2013-03-20 09:00:00,0.06104366481304169,0.013547223061323166,2.0,0.081,0.0,0.132,1.874409112125635,-0.0
451,2013-03-20 09:30:00,0.0,0.49334508180618286,1.9844340085983276,0.338,0.0,0.084,2.0,-0.0
452,2013-03-20 10:00:00,0.0,0.2974838316440582,2.0,0.438,0.0,0.029,2.0,-0.0
453,2013-03-20 10:30:00,0.07157622277736664,0.6730104684829712,2.0,0.731,0.0,0.136,1.850413308739662,-0.0
454,2013-03-20 11:00:00,0.13321152329444885,0.5973746180534363,2.0,0.831,0.0,0.056,2.0,-0.0
455,2013-03-20 11:30:00,0.0841619148850441,0.4439939558506012,2.0,1.094,0.0,0.079,2.0,-0.0
456,2013-03-20 12:00:00,0.08857689797878265,0.41555559635162354,2.0,1.481,0.0,0.142,2.0,-0.0
457,2013-03-20 12:30:00,0.08312232047319412,0.3113114535808563,2.0,0.906,0.0,0.378,2.0,-0.0
458,2013-03-20 13:00:00,0.11362097412347794,0.3764779567718506,2.0,0.988,0.0,0.171,2.0,-0.0
459,2013-03-20 13:30:00,0.11830674856901169,0.5213714838027954,2.0,0.894,0.0,0.138,2.0,-0.0
460,2013-03-20 14:00:00,0.04670461639761925,0.4222308099269867,1.974582552909851,0.956,0.0,0.326,2.0,-0.0
461,2013-03-20 14:30:00,0.050702836364507675,0.39082255959510803,1.999424695968628,0.738,0.0,0.23,2.0,-0.0
462,2013-03-20 15:00:00,0.07669324427843094,0.5663758516311646,1.946983814239502,0.506,0.0,0.45,1.4129309040904048,-0.0
463,2013-03-20 15:30:00,1.2854118347167969,0.7050760984420776,1.6291372776031494,0.381,0.0,0.7070000000000001,1.0000620933771127,-0.0
464,2013-03-20 16:00:00,1.3427919149398804,1.027517318725586,1.6551132202148438,0.55,0.0,0.624,1.2483584945201884,-0.0
465,2013-03-20 16:30:00,1.2508562803268433,0.618435263633728,1.7727243900299072,0.8690000000000001,0.0,0.645,1.4882062418460835,-0.0
466,2013-03-20 17:00:00,0.09371960908174515,0.5869857668876648,2.0,0.894,0.0,0.153,2.0,-0.0
467,2013-03-20 17:30:00,0.053104888647794724,0.7503131628036499,2.0,0.481,0.0,0.078,1.5995819485485552,-0.0
468,2013-03-20 18:00:00,0.8535219430923462,0.7086423635482788,1.9239517450332642,0.194,0.0,0.131,1.5731937393546112,-0.0
469,2013-03-20 18:30:00,0.43190059065818787,0.8336687684059143,2.0,0.1,0.0,1.031,0.7889437528848633,-0.0
470,2013-03-20 19:00:00,1.5499681234359741,1.7088788747787476,1.6874088048934937,0.019,0.0,0.314,2.0,-0.0
471,2013-03-20 19:30:00,0.46540313959121704,0.004561418667435646,2.0,0.0,0.0,0.16899999999999998,1.8264385813325643,-0.0
472,2013-03-20 20:00:00,0.03176292032003403,0.5103563070297241,2.0,0.0,0.0,0.177,1.6597665303051472,-0.0
473,2013-03-20 20:30:00,0.09273180365562439,0.71949303150177,1.9801445007324219,0.0,0.0,0.26,1.7009739078879356,-0.0
474,2013-03-20 21:00:00,0.27983468770980835,0.6450629830360413,1.9606709480285645,0.0,0.0,0.163,1.7899892011880874,-0.0
475,2013-03-20 21:30:00,0.055911581963300705,0.5322827100753784,2.0,0.0,0.0,0.307,1.580738887548447,-0.0
476,2013-03-20 22:00:00,0.44550856947898865,0.7500755190849304,1.9797399044036865,0.0,0.0,0.233,1.8554467058181756,-0.0
477,2013-03-20 22:30:00,0.07580891251564026,0.24869069457054138,1.9862619638442993,0.0,0.0,0.306,1.7344158937931073,-0.0
478,2013-03-20 23:00:00,0.015711495652794838,0.6479438543319702,2.0,0.0,0.0,0.821,1.0622243580818151,-0.0
479,2013-03-20 23:30:00,1.252718210220337,1.3929420709609985,1.4164345264434814,0.0,0.0,0.6629999999999999,1.819609212875371,-0.0
480,2013-03-21 00:00:00,0.9394225478172302,0.2686353325843811,1.5617892742156982,0.0,0.0,0.102,1.990146241664877,-0.0
481,2013-03-21 00:30:00,0.06665504723787308,0.150074303150177,2.0,0.0,0.0,0.146,1.7236332135200694,-0.0
482,2013-03-21 01:00:00,0.06725528091192245,0.6615195274353027,1.9617125988006592,0.0,1.075,0.142,0.6742140455245583,-0.0
483,2013-03-21 01:30:00,2.0,0.0,1.9194324016571045,0.0,1.231,0.172,0.5164324016571045,-0.0
484,2013-03-21 02:00:00,1.5331435203552246,0.0,2.0,0.0,1.256,0.115,0.629,-0.0
485,2013-03-21 02:30:00,1.6382383108139038,0.03210435062646866,2.0,0.0,0.831,0.544,0.5928956493735313,-0.0
486,2013-03-21 03:00:00,1.1688919067382812,0.027060801163315773,2.0,0.0,0.16899999999999998,0.207,1.5969391988366841,-0.0
487,2013-03-21 03:30:00,0.07883398234844208,0.7294329404830933,2.0,0.0,1.038,0.868,0.1706886618435387,-0.0
488,2013-03-21 04:00:00,1.9376556873321533,0.0,2.0,0.0,0.0,0.606,1.3940000000000001,-0.0
489,2013-03-21 04:30:00,0.4136296212673187,0.8660985827445984,1.885866641998291,0.0,0.0,0.096,2.0,-0.0
490,2013-03-21 05:00:00,0.0,0.0,2.0,0.0,0.6940000000000001,0.156,1.1500000000000001,-0.0
491,2013-03-21 05:30:00,1.3246279954910278,1.1578019857406616,1.7920091152191162,0.0,0.3,1.4480000000000002,0.7941980142593377,-0.0
492,2013-03-21 06:00:00,1.3379091024398804,1.7463161945343018,1.6576145887374878,0.0,0.0,1.264,1.4012877769470233,-0.0
493,2013-03-21 06:30:00,1.2546244859695435,0.9212496280670166,1.479921817779541,0.0,0.0,0.09,2.0,-0.0
494,2013-03-21 07:00:00,0.022107427939772606,0.0,2.0,0.0,0.0,0.099,1.901,-0.0
495,2013-03-21 07:30:00,0.0,0.13506174087524414,2.0,0.006,0.0,0.025,2.0,-0.0
496,2013-03-21 08:00:00,0.002623685635626316,0.03938359022140503,2.0,0.025,0.0,0.256,1.7269927241429686,-0.0
497,2013-03-21 08:30:00,0.04766952618956566,0.5800164341926575,2.0,0.044,0.0,0.28800000000000003,1.5899981175214055,-0.0
498,2013-03-21 09:00:00,0.42681998014450073,0.5928224921226501,1.9055581092834473,0.069,0.0,0.158,1.931181272834539,-0.0
499,2013-03-21 09:30:00,0.04675164446234703,0.01253712922334671,2.0,0.28800000000000003,0.0,0.059,2.0,-0.0
500,2013-03-21 10:00:00,0.012518422678112984,0.3396759629249573,2.0,0.463,0.0,0.067,2.0,-0.0
501,2013-03-21 10:30:00,0.023593157529830933,0.4772002696990967,2.0,0.713,0.0,0.105,2.0,-0.0
502,2013-03-21 11:00:00,0.10503053665161133,0.4658101201057434,2.0,0.8190000000000001,0.0,0.079,2.0,-0.0
503,2013-03-21 11:30:00,0.14472956955432892,0.4448970854282379,2.0,1.188,0.0,0.179,2.0,-0.0
504,2013-03-21 12:00:00,0.0929938554763794,0.24414846301078796,2.0,1.288,0.0,0.036000000000000004,2.0,-0.0
505,2013-03-21 12:30:00,0.08104344457387924,0.35695746541023254,2.0,1.544,0.0,0.101,2.0,-0.0
506,2013-03-21 13:00:00,0.04480399936437607,0.21122319996356964,2.0,1.575,0.0,0.056,2.0,-0.0
507,2013-03-21 13:30:00,0.0888688787817955,0.23207031190395355,2.0,1.288,0.0,0.069,2.0,-0.0
508,2013-03-21 14:00:00,0.09381242841482162,0.30291977524757385,2.0,1.281,0.0,0.156,2.0,-0.0
509,2013-03-21 14:30:00,0.11342622339725494,0.22561298310756683,2.0,1.081,0.0,0.127,2.0,-0.0
510,2013-03-21 15:00:00,0.07904931157827377,0.3215806782245636,1.9616414308547974,1.144,0.0,0.173,2.0,-0.0
511,2013-03-21 15:30:00,0.09957873076200485,0.2009248435497284,1.9411641359329224,0.913,0.0,0.14,2.0,-0.0
512,2013-03-21 16:00:00,0.10278027504682541,0.3296899199485779,1.988655686378479,0.431,0.0,0.162,1.8365298050045968,-0.0
513,2013-03-21 16:30:00,0.14418531954288483,0.6800087094306946,1.9714229106903076,0.35600000000000004,0.0,0.196,1.3743757219314572,-0.0
514,2013-03-21 17:00:00,1.6690478324890137,0.736063539981842,1.648551106452942,0.3,0.0,0.108,1.8071850161552434,-0.0
515,2013-03-21 17:30:00,0.10227803140878677,0.6140308976173401,2.0,0.263,0.0,0.202,1.5257649758458127,-0.0
516,2013-03-21 18:00:00,0.8722288012504578,0.6673222184181213,1.8129292726516724,0.1,0.0,0.055,2.0,-0.0
517,2013-03-21 18:30:00,0.020809924229979515,0.0,2.0,0.044,0.0,0.165,1.8581900757700205,-0.0
518,2013-03-21 19:00:00,0.0327582024037838,0.22649267315864563,2.0,0.019,0.0,0.183,1.836127175301314,-0.0
519,2013-03-21 19:30:00,0.0,0.274515837430954,2.0,0.0,0.0,0.195,1.8582298119664176,-0.0
520,2013-03-21 20:00:00,0.0,0.22806620597839355,2.0,0.0,0.0,0.16399999999999998,1.8914741700887718,-0.0
521,2013-03-21 20:30:00,0.0,0.10991724580526352,2.0,0.0,0.0,0.254,1.8531344140171924,-0.0
522,2013-03-21 21:00:00,0.0,0.16491559147834778,2.0,0.0,0.0,0.173,1.9558155804872674,-0.0
523,2013-03-21 21:30:00,0.0,0.06729273498058319,2.0,0.0,0.0,0.16,1.861076104044882,-0.0
524,2013-03-21 22:00:00,0.04347533360123634,0.20761820673942566,2.0,0.0,0.0,0.104,1.9662295851708107,-0.0
525,2013-03-21 22:30:00,0.09983327984809875,0.08217126876115799,2.0,0.0,0.0,0.156,1.8293695608972207,-0.0
526,2013-03-21 23:00:00,0.11494967341423035,0.25658467411994934,2.0,0.0,0.0,0.8079999999999999,1.276676204085609,-0.0
527,2013-03-21 23:30:00,1.0649170875549316,0.9577945470809937,1.584828495979309,0.0,0.0,0.598,1.8908530447477885,-0.0
528,2013-03-22 00:00:00,1.0650182962417603,0.0,2.0,0.0,0.0,0.156,1.844,-0.0
529,2013-03-22 00:30:00,0.03693690150976181,0.17517638206481934,2.0,0.0,0.0,0.067,2.0,-0.0
530,2013-03-22 01:00:00,0.028465593233704567,0.0204082690179348,2.0,0.0,1.081,0.058,0.8405917309820652,-0.0
531,2013-03-22 01:30:00,1.0448405742645264,0.0,2.0,0.0,1.25,0.107,0.643,-0.0
532,2013-03-22 02:00:00,1.828768014907837,0.022536732256412506,2.0,0.0,0.763,0.023,1.1914632677435877,-0.0
533,2013-03-22 02:30:00,1.4784643650054932,1.295214295387268,1.8935140371322632,0.0,0.131,0.128,2.0,-0.0
534,2013-03-22 03:00:00,1.6375983953475952,0.01355707086622715,2.0,0.0,1.0,0.139,0.8474429291337728,-0.0
535,2013-03-22 03:30:00,0.9521592259407043,0.1030273362994194,2.0,0.0,0.0,0.77,1.1269726637005806,-0.0
536,2013-03-22 04:00:00,1.2513768672943115,1.2325257062911987,1.5179550647735596,0.0,0.0,0.644,1.86952896630764,-0.0
537,2013-03-22 04:30:00,1.234580397605896,0.15546388924121857,1.8919035196304321,0.0,0.0,0.066,2.0,-0.0
538,2013-03-22 05:00:00,0.0,0.12325078248977661,1.9918341636657715,0.0,0.938,0.255,0.6837492175102234,-0.0
539,2013-03-22 05:30:00,0.7559306621551514,0.031828947365283966,2.0,0.0,0.0,0.8140000000000001,1.154171052634716,-0.0
540,2013-03-22 06:00:00,1.1543482542037964,1.1083937883377075,1.536407470703125,0.0,0.0,0.6990000000000001,1.8842641063928605,-0.0
541,2013-03-22 06:30:00,1.0696958303451538,0.02133014425635338,1.9115502834320068,0.0,0.0,0.049,1.8412201391756535,-0.0
542,2013-03-22 07:00:00,0.0,0.11804455518722534,2.0,0.0,0.0,0.107,1.7749554448127747,-0.0
543,2013-03-22 07:30:00,0.0,0.1542278230190277,2.0,0.006,0.0,0.097,1.754772176980972,-0.0
544,2013-03-22 08:00:00,0.009213810786604881,0.265423059463501,1.9977096319198608,0.05,0.0,0.174,2.0,-0.0
545,2013-03-22 08:30:00,0.04229912906885147,0.0,1.952120304107666,0.069,0.0,0.422,1.6047008709311485,-0.0
546,2013-03-22 09:00:00,0.08123131841421127,0.5628464221954346,1.950661540031433,0.075,0.0,0.04,2.0,-0.0
547,2013-03-22 09:30:00,0.10112077742815018,0.0,1.9774123430252075,0.3,0.0,0.126,2.0,-0.0
548,2013-03-22 10:00:00,0.1483277678489685,0.18365605175495148,1.9395438432693481,0.5,0.0,0.117,2.0,-0.0
549,2013-03-22 10:30:00,0.10096485912799835,0.3954100012779236,1.8955800533294678,0.669,0.0,0.024,2.0,-0.0
550,2013-03-22 11:00:00,0.0,0.4124448299407959,1.933427095413208,0.6559999999999999,0.0,0.123,2.0,-0.0
551,2013-03-22 11:30:00,0.0,0.4272643029689789,1.9595367908477783,1.038,0.0,0.059,2.0,-0.0
552,2013-03-22 12:00:00,0.0,0.2905248999595642,1.9754716157913208,1.45,0.0,0.067,2.0,-0.0
553,2013-03-22 12:30:00,0.0,0.1778421252965927,2.0,1.494,0.0,0.111,2.0,-0.0
554,2013-03-22 13:00:00,0.0,0.2240234613418579,2.0,1.175,0.0,0.032,2.0,-0.0
555,2013-03-22 13:30:00,0.0,0.419049471616745,2.0,0.9,0.0,0.353,2.0,-0.0
556,2013-03-22 14:00:00,0.0,0.291795551776886,2.0,0.906,0.0,0.179,2.0,-0.0
557,2013-03-22 14:30:00,0.0,0.4522527754306793,1.9672932624816895,0.613,0.0,0.06,2.0,-0.0
558,2013-03-22 15:00:00,0.0,0.6794453263282776,1.9342193603515625,0.6809999999999999,0.0,0.066,1.9355546736717224,-0.0
559,2013-03-22 15:30:00,0.0,0.6319917440414429,1.8965554237365723,0.644,0.0,0.134,2.0,-0.0
560,2013-03-22 16:00:00,0.0,0.592542827129364,1.930017352104187,0.319,0.0,0.158,1.568457172870636,-0.0
561,2013-03-22 16:30:00,0.9282113313674927,0.82120680809021,1.7682220935821533,0.094,0.0,0.244,1.609878846168518,-0.0
562,2013-03-22 17:00:00,0.7201131582260132,0.7568417191505432,1.7081276178359985,0.25,0.0,0.259,1.2644005885124208,-0.0
563,2013-03-22 17:30:00,1.3266072273254395,1.0201787948608398,1.4517983198165894,0.425,0.0,0.166,1.4350200281143186,-0.0
564,2013-03-22 18:00:00,1.6315059661865234,0.7734545469284058,1.477663278579712,0.2,0.0,0.16399999999999998,1.7925053968429572,-0.0
565,2013-03-22 18:30:00,0.0,0.6936932802200317,1.926265835762024,0.081,0.0,0.157,1.645295926094054,-0.0
566,2013-03-22 19:00:00,0.43811267614364624,0.809433102607727,1.8970363140106201,0.006,0.0,0.546,1.3419750452041648,-0.0
567,2013-03-22 19:30:00,0.9406118392944336,1.0666255950927734,1.4977772235870361,0.0,0.0,0.365,1.8844243144988972,-0.0
568,2013-03-22 20:00:00,0.5569975972175598,0.22005434334278107,1.9293694496154785,0.0,0.0,0.269,1.7420970276594243,-0.0
569,2013-03-22 20:30:00,0.0,0.6768606901168823,1.9165968894958496,0.0,0.0,0.182,1.656945254564269,-0.0
570,2013-03-22 21:00:00,0.43492478132247925,0.8432142734527588,1.8758676052093506,0.0,0.0,0.226,1.616895217418703,-0.0
571,2013-03-22 21:30:00,0.9808897376060486,0.8023789525032043,1.7997713088989258,0.0,0.0,0.249,1.7148306126593895,-0.0
572,2013-03-22 22:00:00,0.631503701210022,0.608946681022644,1.8597966432571411,0.0,0.0,0.096,1.8653920936585768,-0.0
573,2013-03-22 22:30:00,0.11869988590478897,0.4163394272327423,1.9174724817276,0.0,0.0,0.268,1.584876385450104,-0.0
574,2013-03-22 23:00:00,0.3358265161514282,0.7704252004623413,1.9304536581039429,0.0,0.0,0.899,1.1608220286374504,-0.0
575,2013-03-22 23:30:00,1.3065357208251953,1.3031880855560303,1.3139193058013916,0.0,0.0,0.713,1.6621678571690692,-0.0
576,2013-03-23 00:00:00,0.9239474534988403,0.5452922582626343,1.3329565525054932,0.0,0.0,0.132,1.9983720273992271,-0.0
577,2013-03-23 00:30:00,0.0659409761428833,0.06932660192251205,1.9496140480041504,0.0,0.0,0.211,1.7229293432790336,-0.0
578,2013-03-23 01:00:00,0.02746959961950779,0.5222280025482178,2.0,0.0,1.081,0.125,0.8259133108937153,-0.0
579,2013-03-23 01:30:00,1.8559341430664062,0.038100745528936386,1.947177767753601,0.0,1.256,0.163,0.49007702222466465,-0.0
580,2013-03-23 02:00:00,1.669054627418518,0.0,1.9904518127441406,0.0,1.156,0.207,0.6274518127441407,-0.0
581,2013-03-23 02:30:00,1.110997200012207,0.0,2.0,0.0,0.0,0.103,1.897,-0.0
582,2013-03-23 03:00:00,0.040845200419425964,0.10181654244661331,2.0,0.0,1.038,0.294,0.5661834575533866,-0.0
583,2013-03-23 03:30:00,0.9775172472000122,0.0,2.0,0.0,0.125,0.853,1.022,-0.0
584,2013-03-23 04:00:00,1.4862651824951172,1.1882436275482178,1.3937851190567017,0.0,0.0,0.624,2.0,-0.0
585,2013-03-23 04:30:00,0.15790142118930817,0.0,2.0,0.0,0.0,0.14400000000000002,1.8559999999999999,-0.0
586,2013-03-23 05:00:00,0.030237892642617226,0.0911819338798523,2.0,0.0,0.956,0.16399999999999998,0.7888180661201478,-0.0
587,2013-03-23 05:30:00,0.48362112045288086,0.0,1.99653160572052,0.0,0.0,0.7859999999999999,1.21053160572052,-0.0
588,2013-03-23 06:00:00,1.0755431652069092,0.9055665731430054,1.6195722818374634,0.0,0.0,0.6859999999999999,1.9873702154159547,-0.0
589,2013-03-23 06:30:00,0.1290581375360489,0.0,2.0,0.0,0.0,0.139,1.861,-0.0
590,2013-03-23 07:00:00,0.016116302460432053,0.1876758635044098,2.0,0.0,0.0,0.15,1.9403241364955908,-0.0
591,2013-03-23 07:30:00,0.0,0.04696059972047806,2.0,0.013,0.0,0.061,1.905039400279522,-0.0
592,2013-03-23 08:00:00,0.0,0.14529195427894592,2.0,0.044,0.0,0.878,1.2106292451620102,-0.0
593,2013-03-23 08:30:00,1.1889992952346802,0.9645194411277771,1.5538783073425293,0.063,0.0,0.7559999999999999,1.7322220685482024,-0.0
594,2013-03-23 09:00:00,0.6191758513450623,0.29844117164611816,1.7172287702560425,0.175,0.0,0.392,1.495114691257477,-0.0
595,2013-03-23 09:30:00,0.0980684906244278,0.6674297451972961,2.0,0.281,0.0,0.07400000000000001,2.0,-0.0
596,2013-03-23 10:00:00,0.0,0.3819325268268585,2.0,0.344,0.0,0.133,1.8290674731731413,-0.0
597,2013-03-23 10:30:00,0.06192963942885399,0.529064953327179,2.0,0.5,0.0,0.038,2.0,-0.0
598,2013-03-23 11:00:00,0.07826529443264008,0.4977584481239319,2.0,0.8059999999999999,0.0,0.115,2.0,-0.0
599,2013-03-23 11:30:00,0.06407444179058075,0.4385663866996765,2.0,1.15,0.0,0.392,2.0,-0.0
600,2013-03-23 12:00:00,0.08752407878637314,0.37003254890441895,2.0,1.444,0.0,0.334,2.0,-0.0
601,2013-03-23 12:30:00,0.028165316209197044,0.599157452583313,2.0,1.45,0.0,0.138,2.0,-0.0
602,2013-03-23 13:00:00,0.06077474355697632,0.6780520677566528,2.0,1.3630000000000002,0.0,0.107,2.0,-0.0
603,2013-03-23 13:30:00,0.02476545050740242,0.6477433443069458,2.0,1.5,0.0,0.476,2.0,-0.0
604,2013-03-23 14:00:00,0.023682821542024612,0.5993854403495789,2.0,0.406,0.0,0.389,1.3939317381083967,-0.0
605,2013-03-23 14:30:00,1.2792659997940063,0.6098981499671936,1.6701794862747192,1.219,0.0,0.123,1.8731701119244095,-0.0
606,2013-03-23 15:00:00,0.0,1.0651994943618774,2.0,1.144,0.0,0.034,2.0,-0.0
607,2013-03-23 15:30:00,0.0,0.6409261226654053,2.0,0.513,0.0,0.136,1.7360738773345945,-0.0
608,2013-03-23 16:00:00,0.0,0.7585525512695312,1.9926542043685913,0.344,0.0,0.204,1.9092996940612796,-0.0
609,2013-03-23 16:30:00,0.0,0.3761230707168579,1.9512542486190796,0.894,0.0,0.199,2.0,-0.0
610,2013-03-23 17:00:00,0.0,0.5724567174911499,1.907656192779541,0.363,0.0,0.258,1.53254328250885,-0.0
611,2013-03-23 17:30:00,0.9475655555725098,0.6085605621337891,1.6276832818984985,0.28800000000000003,0.0,0.303,1.4473528728485108,-0.0
612,2013-03-23 18:00:00,1.0783427953720093,0.6783574819564819,1.6509170532226562,0.213,0.0,0.184,1.8169367723464964,-0.0
613,2013-03-23 18:30:00,0.0,0.430637389421463,1.9382268190383911,0.05,0.0,0.14,1.8454890658855443,-0.0
614,2013-03-23 19:00:00,0.0,0.224971204996109,1.9863179922103882,0.006,0.0,0.147,1.9430506632328022,-0.0
615,2013-03-23 19:30:00,0.0,0.06219484657049179,1.9828730821609497,0.0,0.0,0.242,1.8097038269639034,-0.0
616,2013-03-23 20:00:00,0.0,0.2310739904642105,2.0,0.0,0.0,0.25,1.8995183556079827,-0.0
617,2013-03-23 20:30:00,0.0,0.10538322478532791,2.0,0.0,0.0,0.266,1.8295800639987068,-0.0
618,2013-03-23 21:00:00,0.008554220199584961,0.2731272876262665,2.0,0.0,0.0,0.255,1.81271258437632,-0.0
619,2013-03-23 21:30:00,0.0,0.32449641823768616,1.9991896152496338,0.0,0.0,0.162,1.8880784130096737,-0.0
620,2013-03-23 22:00:00,0.0,0.21747338771820068,2.0,0.0,0.0,0.185,1.8213697862624518,-0.0
621,2013-03-23 22:30:00,0.017540795728564262,0.27338045835494995,1.9809931516647339,0.0,0.0,0.26,1.8238799691201464,-0.0
622,2013-03-23 23:00:00,0.008884912356734276,0.32811713218688965,1.9848237037658691,0.0,0.0,0.725,1.299122929572817,-0.0
623,2013-03-23 23:30:00,1.0647478103637695,1.0227994918823242,1.470726728439331,0.0,0.0,0.701,1.6779546489720416,-0.0
624,2013-03-24 00:00:00,0.9645805954933167,0.4515189230442047,1.4252386093139648,0.0,0.0,0.145,2.0,-0.0
625,2013-03-24 00:30:00,0.1649821549654007,0.13077573478221893,2.0,0.0,0.0,0.045,1.8242242652177811,-0.0
626,2013-03-24 01:00:00,0.16563746333122253,0.30751198530197144,1.991762638092041,0.0,1.075,0.139,0.8300394842624663,-0.0
627,2013-03-24 01:30:00,1.6604501008987427,0.005694347899407148,1.9324321746826172,0.0,1.25,0.107,0.56973782678321,-0.0
628,2013-03-24 02:00:00,1.8544061183929443,0.0,1.9971215724945068,0.0,0.919,0.045,1.0331215724945069,-0.0
629,2013-03-24 02:30:00,1.5788233280181885,1.2658665180206299,1.734057903289795,0.0,0.0,0.146,2.0,-0.0
630,2013-03-24 03:00:00,0.0702671930193901,0.0,1.9867192506790161,0.0,1.125,0.172,0.7030000000000001,-0.0
631,2013-03-24 03:30:00,1.1494289636611938,0.0,2.0,0.0,0.0,0.758,1.242,-0.0
632,2013-03-24 04:00:00,1.015689492225647,0.9683644771575928,1.6126947402954102,0.0,0.0,0.705,1.8426355228424072,-0.0
633,2013-03-24 04:30:00,0.671936571598053,0.13736595213413239,1.6851699352264404,0.0,0.0,0.034,1.8086355228424071,-0.0
634,2013-03-24 05:00:00,0.1098305881023407,0.30046546459198,2.0,0.0,0.963,0.222,0.8972634897232057,-0.0
635,2013-03-24 05:30:00,1.0317587852478027,1.2293851375579834,1.6263031959533691,0.0,0.0,0.7659999999999999,2.0,-0.0
636,2013-03-24 06:00:00,0.6631844639778137,0.0,1.9566437005996704,0.0,0.0,0.625,1.375,-0.0
637,2013-03-24 06:30:00,0.6613360643386841,0.8553782105445862,1.8516765832901,0.0,0.0,0.152,2.0,-0.0
638,2013-03-24 07:00:00,0.08479177206754684,0.010612327605485916,2.0,0.0,0.0,0.054000000000000006,1.935387672394514,-0.0
639,2013-03-24 07:30:00,0.05980769172310829,0.1902051419019699,2.0,0.006,0.0,0.119,1.808019513309002,-0.0
640,2013-03-24 08:00:00,0.0,0.3985052704811096,2.0,0.063,0.0,0.095,1.9534557029008865,-0.0
641,2013-03-24 08:30:00,0.025774307548999786,0.213445782661438,2.0,0.069,0.0,0.151,1.7203198888897897,-0.0
642,2013-03-24 09:00:00,0.008771687746047974,0.649110734462738,2.0,0.081,0.0,0.474,1.4909344245195386,-0.0
643,2013-03-24 09:30:00,1.0283842086791992,0.8772996664047241,1.7041927576065063,0.306,0.0,0.224,1.3048314845561986,-0.0
644,2013-03-24 10:00:00,1.7885903120040894,0.858616292476654,1.711582899093628,0.45,0.0,0.15,1.481720738410949,-0.0
645,2013-03-24 10:30:00,1.7528730630874634,0.7171069979667664,1.6985200643539429,0.669,0.0,0.142,1.6591722636222848,-0.0
646,2013-03-24 11:00:00,0.05366089195013046,0.6486376523971558,2.0,0.825,0.0,0.049,2.0,-0.0
647,2013-03-24 11:30:00,0.0740031749010086,0.5273746848106384,1.923875331878662,1.138,0.0,0.201,2.0,-0.0
648,2013-03-24 12:00:00,0.050119686871767044,0.4609440565109253,1.9020076990127563,1.406,0.0,0.413,2.0,-0.0
649,2013-03-24 12:30:00,0.059957511723041534,0.36175230145454407,1.881874918937683,1.525,0.0,0.085,2.0,-0.0
650,2013-03-24 13:00:00,0.08288747817277908,0.38406044244766235,1.910712718963623,1.556,0.0,0.52,2.0,-0.0
651,2013-03-24 13:30:00,0.07917847484350204,0.2514638304710388,1.9797735214233398,1.5630000000000002,0.0,0.076,2.0,-0.0
652,2013-03-24 14:00:00,0.11308727413415909,0.3459630012512207,1.9698269367218018,1.531,0.0,0.134,2.0,-0.0
653,2013-03-24 14:30:00,0.12045150250196457,0.2844173312187195,1.9098811149597168,1.475,0.0,0.344,2.0,-0.0
654,2013-03-24 15:00:00,0.13756197690963745,0.24442505836486816,1.9529798030853271,1.406,0.0,0.213,2.0,-0.0
655,2013-03-24 15:30:00,0.10590441524982452,0.32216528058052063,1.9809486865997314,1.3,0.0,0.275,2.0,-0.0
656,2013-03-24 16:00:00,0.10086297988891602,0.2557778060436249,1.835093379020691,1.175,0.0,0.295,2.0,-0.0
657,2013-03-24 16:30:00,0.07634657621383667,0.24352696537971497,1.849872350692749,1.013,0.0,0.138,2.0,-0.0
658,2013-03-24 17:00:00,0.12364882230758667,0.23028564453125,1.8909193277359009,0.7879999999999999,0.0,0.23,2.0,-0.0
659,2013-03-24 17:30:00,0.07906752079725266,0.3200301229953766,1.9045575857162476,0.5379999999999999,0.0,0.189,1.9499023562073705,-0.0
660,2013-03-24 18:00:00,0.06466469168663025,0.5439902544021606,1.9328645467758179,0.188,0.0,0.13,1.5495403414964684,-0.0
661,2013-03-24 18:30:00,1.8145339488983154,0.8696293830871582,1.7717041969299316,0.044,0.0,0.361,1.582289933919905,-0.0
662,2013-03-24 19:00:00,1.0861729383468628,0.836650013923645,1.859909176826477,0.019,0.0,0.489,1.4717701182365452,-0.0
663,2013-03-24 19:30:00,1.1663103103637695,0.9192526340484619,1.8187166452407837,0.0,0.0,0.135,2.0,-0.0
664,2013-03-24 20:00:00,1.0060714483261108,0.08859273791313171,2.0,0.0,0.0,0.155,1.7564072620868683,-0.0
665,2013-03-24 20:30:00,0.015946436673402786,0.28828316926956177,2.0,0.0,0.0,0.259,1.9399023065567023,-0.0
666,2013-03-24 21:00:00,0.01682809740304947,0.00866425596177578,2.0,0.0,0.0,0.215,1.7763357440382241,-0.0
667,2013-03-24 21:30:00,0.0,0.23893509805202484,2.0,0.0,0.0,0.139,2.0,-0.0
668,2013-03-24 22:00:00,0.0,0.02012728713452816,2.0,0.0,0.0,0.249,1.7308727128654717,-0.0
669,2013-03-24 22:30:00,0.0,0.30309996008872986,2.0,0.0,0.0,0.329,1.9061546141803267,-0.0
670,2013-03-24 23:00:00,0.0,0.04175342246890068,2.0,0.0,0.0,0.936,1.0222465775310994,-0.0
671,2013-03-24 23:30:00,1.4569472074508667,1.4143866300582886,1.4057018756866455,0.0,0.0,0.8220000000000001,1.7191202148795126,-0.0
672,2013-03-25 00:00:00,0.9471014738082886,0.38529613614082336,1.439238429069519,0.0,0.0,0.121,2.0,-0.0
673,2013-03-25 00:30:00,0.0,0.052914097905159,2.0,0.0,0.0,0.21600000000000005,1.731085902094841,-0.0
674,2013-03-25 01:00:00,0.0,0.294232040643692,2.0,0.0,1.063,0.219,0.9615961551666262,-0.0
675,2013-03-25 01:30:00,1.0509151220321655,1.5529381036758423,1.7616312503814697,0.0,1.238,0.139,1.146869585990905,-0.0
676,2013-03-25 02:00:00,1.932395339012146,1.54355788230896,2.0,0.0,0.394,0.252,1.5167029457092298,-0.0
677,2013-03-25 02:30:00,1.3813806772232056,0.8731392621994019,1.9978792667388916,0.0,0.413,0.173,1.5074548463821387,-0.0
678,2013-03-25 03:00:00,1.1877460479736328,0.8504211902618408,1.8579728603363037,0.0,0.725,0.298,1.1116691169738817,-0.0
679,2013-03-25 03:30:00,1.0575579404830933,1.3272819519042969,1.8536839485168457,0.0,0.0,0.843,1.6063798141479397,-0.0
680,2013-03-25 04:00:00,0.8640270233154297,0.5381854772567749,1.4953639507293701,0.0,0.0,0.598,1.6510548944473458,-0.0
681,2013-03-25 04:30:00,0.5335532426834106,0.4457934498786926,1.8030345439910889,0.0,0.644,0.131,1.4770967612266157,-0.0
682,2013-03-25 05:00:00,1.2131502628326416,0.8441836833953857,1.8041298389434814,0.0,0.331,0.15,1.7206227941513832,-0.0
683,2013-03-25 05:30:00,0.8326917886734009,0.3724370002746582,1.9539716243743896,0.0,0.0,0.807,1.379317411422575,-0.0
684,2013-03-25 06:00:00,0.8947398662567139,0.8967059254646301,1.5874336957931519,0.0,0.0,0.7070000000000001,1.6376592516902198,-0.0
685,2013-03-25 06:30:00,0.7367227077484131,0.4309961497783661,1.6418516635894775,0.0,0.0,0.071,2.0,-0.0
686,2013-03-25 07:00:00,0.0,0.0,2.0,0.0,0.0,0.133,1.867,-0.0
687,2013-03-25 07:30:00,0.011237469501793385,0.16152603924274445,2.0,0.013,0.0,0.026,2.0,-0.0
688,2013-03-25 08:00:00,0.037038180977106094,0.10868468135595322,2.0,0.038,0.0,0.17800000000000002,1.7142771376669406,-0.0
689,2013-03-25 08:30:00,0.0001731096999719739,0.5576218962669373,2.0,0.056,0.0,0.127,1.9423044992992657,-0.0
690,2013-03-25 09:00:00,0.041105516254901886,0.13164880871772766,2.0,0.08800000000000001,0.0,0.513,1.435425643919035,-0.0
691,2013-03-25 09:30:00,0.6902359127998352,0.7684991955757141,1.9053263664245605,0.331,0.0,0.106,1.592649516586216,-0.0
692,2013-03-25 10:00:00,0.7320630550384521,0.7833439111709595,1.9746062755584717,0.45,0.0,0.024,1.6000065722428243,-0.0
693,2013-03-25 10:30:00,1.612879991531372,0.7420638203620911,1.8535295724868774,0.706,0.0,0.161,1.4969296073950846,-0.0
694,2013-03-25 11:00:00,0.0,0.7045160531997681,1.981476902961731,0.813,0.0,0.077,2.0,-0.0
695,2013-03-25 11:30:00,0.0,0.8092504143714905,2.0,1.131,0.0,0.278,2.0,-0.0
696,2013-03-25 12:00:00,0.0,0.5147306323051453,2.0,1.388,0.0,0.228,2.0,-0.0
697,2013-03-25 12:30:00,0.019309604540467262,0.6273574233055115,2.0,1.4880000000000002,0.0,0.037000000000000005,2.0,-0.0
698,2013-03-25 13:00:00,0.0,0.6919282674789429,2.0,1.394,0.0,0.187,2.0,-0.0
699,2013-03-25 13:30:00,0.04778141528367996,0.5821263194084167,2.0,1.588,0.0,0.284,2.0,-0.0
700,2013-03-25 14:00:00,0.10290496796369553,0.4613039493560791,2.0,1.256,0.0,0.19,2.0,-0.0
701,2013-03-25 14:30:00,0.0012716174824163318,0.5513953566551208,1.9844342470169067,1.481,0.0,0.204,2.0,-0.0
702,2013-03-25 15:00:00,0.0,0.46701353788375854,1.9548680782318115,1.431,0.0,0.231,2.0,-0.0
703,2013-03-25 15:30:00,0.0,0.3990783095359802,1.9477519989013672,1.306,0.0,0.401,2.0,-0.0
704,2013-03-25 16:00:00,0.0,0.29374441504478455,1.9758203029632568,1.169,0.0,0.281,2.0,-0.0
705,2013-03-25 16:30:00,0.0,0.3496900796890259,1.93862783908844,1.0,0.0,0.206,2.0,-0.0
706,2013-03-25 17:00:00,0.0,0.424594521522522,2.0,0.8059999999999999,0.0,0.282,2.0,-0.0
707,2013-03-25 17:30:00,0.0,0.39177969098091125,2.0,0.55,0.0,0.066,2.0,-0.0
708,2013-03-25 18:00:00,0.0,0.4862503409385681,2.0,0.175,0.0,0.11,1.5787496590614316,-0.0
709,2013-03-25 18:30:00,0.1602950394153595,0.7325022220611572,2.0,0.038,0.0,0.483,1.5509984598159794,-0.0
710,2013-03-25 19:00:00,0.5955625176429749,0.6534963250160217,1.9322537183761597,0.006,0.0,0.5660000000000001,1.6665067553520199,-0.0
711,2013-03-25 19:30:00,0.45700567960739136,0.4247486889362335,2.0,0.0,0.0,0.121,2.0,-0.0
712,2013-03-25 20:00:00,0.0,0.12083420902490616,2.0,0.0,0.0,0.245,1.6341657909750937,-0.0
713,2013-03-25 20:30:00,0.0,0.6549434065818787,2.0,0.0,0.0,0.21600000000000005,1.860725011467934,-0.0
714,2013-03-25 21:00:00,0.0,0.12456250190734863,2.0,0.0,0.0,0.16699999999999998,1.7084374980926513,-0.0
715,2013-03-25 21:30:00,0.0,0.4382480978965759,2.0,0.0,0.0,0.245,1.8998769059181209,-0.0
716,2013-03-25 22:00:00,0.0,0.08549503982067108,2.0,0.0,0.0,0.102,1.8125049601793288,-0.0
717,2013-03-25 22:30:00,0.0,0.33772099018096924,2.0,0.0,0.0,0.2,1.8372690894603736,-0.0
718,2013-03-25 23:00:00,0.0,0.21080461144447327,2.0,0.0,0.0,0.812,1.30265720963478,-0.0
719,2013-03-25 23:30:00,0.8985281586647034,1.0149147510528564,1.7094917297363281,0.0,0.0,0.599,1.7807708296775842,-0.0
720,2013-03-26 00:00:00,0.4611171782016754,0.330568790435791,2.0,0.0,0.0,0.156,1.9518895502090412,-0.0
721,2013-03-26 00:30:00,0.0,0.24323996901512146,2.0,0.0,0.0,0.066,1.7869809305667959,-0.0
722,2013-03-26 01:00:00,0.0,0.5433692932128906,2.0,0.0,1.069,0.066,0.7476688456535177,-0.0
723,2013-03-26 01:30:00,1.7093585729599,0.15066222846508026,2.0,0.0,1.238,0.115,0.49633777153491976,-0.0
724,2013-03-26 02:00:00,1.9155374765396118,0.1235385462641716,2.0,0.0,1.256,0.025,0.5954614537358284,-0.0
725,2013-03-26 02:30:00,1.9099164009094238,0.10666956752538681,2.0,0.0,0.013,0.175,1.7053304324746132,-0.0
726,2013-03-26 03:00:00,0.0,0.7009199261665344,2.0,0.0,0.913,0.201,0.7744192088842388,-0.0
727,2013-03-26 03:30:00,1.3798528909683228,1.844041109085083,1.968519926071167,0.0,0.263,0.8240000000000001,1.5201204731464395,-0.0
728,2013-03-26 04:00:00,1.1556848287582397,0.8978816866874695,1.686143159866333,0.0,0.0,0.68,1.3818773670196514,-0.0
729,2013-03-26 04:30:00,1.0429433584213257,1.0442489385604858,1.5159242153167725,0.0,0.025,0.032,2.0,-0.0
730,2013-03-26 05:00:00,0.010621995665133,0.11529986560344696,1.980848789215088,0.0,0.944,0.243,0.6977001343965531,-0.0
731,2013-03-26 05:30:00,1.1820979118347168,1.7811965942382812,1.387836217880249,0.0,0.0,1.346,1.4774031369686123,-0.0
732,2013-03-26 06:00:00,1.4838886260986328,0.9471190571784973,1.4614754915237427,0.0,0.0,1.266,0.8320746688842782,-0.0
733,2013-03-26 06:30:00,1.6424548625946045,1.6590807437896729,1.4908846616744995,0.0,0.0,0.078,2.0,-0.0
734,2013-03-26 07:00:00,0.08008380234241486,0.16483385860919952,2.0,0.0,0.0,0.061,1.7741661413908005,-0.0
735,2013-03-26 07:30:00,0.0,0.6025456190109253,2.0,0.013,0.0,0.393,1.4691220982074735,-0.0
736,2013-03-26 08:00:00,0.86433345079422,0.9055096507072449,1.7961571216583252,0.094,0.0,0.38,1.588246152877808,-0.0
737,2013-03-26 08:30:00,0.7940520644187927,0.8131830096244812,1.9065816402435303,0.106,0.0,0.457,1.3413246846199027,-0.0
738,2013-03-26 09:00:00,1.1747077703475952,0.9869651794433594,1.710058331489563,0.163,0.0,0.4270000000000001,1.5773854513168353,-0.0
739,2013-03-26 09:30:00,0.857374906539917,0.7857272028923035,1.8827852010726929,0.4,0.0,0.024,1.2355018944740257,-0.0
740,2013-03-26 10:00:00,1.674389123916626,0.83596271276474,1.9131325483322144,0.431,0.0,0.119,1.7120334982872085,-0.0
741,2013-03-26 10:30:00,0.05650569126009941,0.6722089052200317,2.0,0.513,0.0,0.07,2.0,-0.0
742,2013-03-26 11:00:00,0.04650114104151726,0.41114282608032227,2.0,0.481,0.0,0.108,1.9153560328781603,-0.0
743,2013-03-26 11:30:00,0.06934790313243866,0.5629094839096069,1.9769827127456665,0.575,0.0,0.272,1.7013347409367563,-0.0
744,2013-03-26 12:00:00,0.0976790115237236,0.6388214230537415,1.9554274082183838,0.944,0.0,0.273,2.0,-0.0
745,2013-03-26 12:30:00,0.07108955830335617,0.3011569678783417,1.945389747619629,1.113,0.0,0.145,2.0,-0.0
746,2013-03-26 13:00:00,0.05040562152862549,0.37887224555015564,1.8965126276016235,1.3630000000000002,0.0,0.062,2.0,-0.0
747,2013-03-26 13:30:00,0.03175739943981171,0.2833729684352875,1.9128056764602661,1.356,0.0,0.141,2.0,-0.0
748,2013-03-26 14:00:00,0.024231117218732834,0.39204320311546326,1.8925870656967163,1.006,0.0,0.329,2.0,-0.0
749,2013-03-26 14:30:00,0.00971114169806242,0.28169530630111694,1.9340858459472656,0.919,0.0,0.07400000000000001,2.0,-0.0
750,2013-03-26 15:00:00,0.003033742308616638,0.48796528577804565,2.0,0.888,0.0,0.16,2.0,-0.0
751,2013-03-26 15:30:00,0.0,0.4413798153400421,2.0,0.8059999999999999,0.0,0.474,1.890620184659958,-0.0
752,2013-03-26 16:00:00,0.0,0.280998170375824,2.0,0.4,0.0,0.377,1.96076146030426,-0.0
753,2013-03-26 16:30:00,0.0,0.2943226397037506,2.0,0.45,0.0,0.254,1.980154439687729,-0.0
754,2013-03-26 17:00:00,0.0,0.33292120695114136,1.9376957416534424,0.569,0.0,0.187,2.0,-0.0
755,2013-03-26 17:30:00,0.0,0.4143129289150238,1.9674973487854004,0.181,0.0,0.145,1.6216870710849762,-0.0
756,2013-03-26 18:00:00,0.252864271402359,0.6827649474143982,1.9491572380065918,0.113,0.0,0.139,1.7088609104156494,-0.0
757,2013-03-26 18:30:00,0.0860651507973671,0.5573275685310364,2.0,0.081,0.0,0.131,1.7319506106376648,-0.0
758,2013-03-26 19:00:00,0.0,0.5162143707275391,1.9966524839401245,0.025,0.0,0.303,1.7418844079971314,-0.0
759,2013-03-26 19:30:00,0.044275954365730286,0.46989572048187256,2.0,0.0,0.0,0.193,1.8533354635238646,-0.0
760,2013-03-26 20:00:00,0.0,0.26679322123527527,1.9995146989822388,0.0,0.0,0.257,1.7695358517169955,-0.0
761,2013-03-26 20:30:00,0.0,0.40263795852661133,2.0,0.0,0.0,0.154,1.9042903380393978,-0.0
762,2013-03-26 21:00:00,0.0,0.22869311273097992,1.960362434387207,0.0,0.0,0.224,1.7387262111902244,-0.0
763,2013-03-26 21:30:00,0.0,0.4689522087574005,1.911331057548523,0.0,0.0,0.234,1.819595368862151,-0.0
764,2013-03-26 22:00:00,0.008015340194106102,0.2905723750591278,1.9012974500656128,0.0,0.0,0.147,1.9232368872165702,-0.0
765,2013-03-26 22:30:00,0.0,0.1538505256175995,1.9284193515777588,0.0,0.0,0.339,1.6606756999492602,-0.0
766,2013-03-26 23:00:00,0.053588610142469406,0.576898455619812,1.87623131275177,0.0,0.0,0.78,1.3217501444816675,-0.0
767,2013-03-26 23:30:00,1.0206539630889893,0.9959614872932434,1.4799741506576538,0.0,0.0,0.622,1.7385382237434217,-0.0
768,2013-03-27 00:00:00,0.6338267922401428,0.34942352771759033,1.5964983701705933,0.0,0.0,0.126,2.0,-0.0
769,2013-03-27 00:30:00,0.0,0.0273755956441164,1.9053304195404053,0.0,0.0,0.12,1.8526244043558835,-0.0
770,2013-03-27 01:00:00,0.0,0.2639220654964447,1.9012712240219116,0.0,1.069,0.16,0.8018291257917883,-0.0
771,2013-03-27 01:30:00,0.9739280939102173,1.634326457977295,1.6160762310028076,0.0,1.238,0.473,1.0510152904391288,-0.0
772,2013-03-27 02:00:00,0.9889225363731384,1.5678966045379639,1.9069126844406128,0.0,1.256,0.495,0.5790728145837786,-0.0
773,2013-03-27 02:30:00,1.7343443632125854,0.06585612148046494,1.8592370748519897,0.0,1.1,0.269,0.4243809533715247,-0.0
774,2013-03-27 03:00:00,0.937961220741272,0.10557937622070312,1.861770749092102,0.0,0.0,0.245,1.5111913728713988,-0.0
775,2013-03-27 03:30:00,0.0,0.7432683706283569,1.8513970375061035,0.0,1.181,0.741,0.3123488836288454,-0.0
776,2013-03-27 04:00:00,1.7991485595703125,0.05232412368059158,1.859527587890625,0.0,0.35600000000000004,0.6920000000000001,0.7592034642100333,-0.0
777,2013-03-27 04:30:00,1.4150910377502441,1.7205414772033691,1.091901183128357,0.0,0.0,0.024,2.0,-0.0
778,2013-03-27 05:00:00,0.0,0.08854611963033676,1.8510308265686035,0.0,0.0,0.219,1.6924538803696632,-0.0
779,2013-03-27 05:30:00,0.0,0.4856657087802887,1.8619797229766846,0.0,0.456,0.736,0.9374265304803853,-0.0
780,2013-03-27 06:00:00,1.1274837255477905,1.455405592918396,1.2002696990966797,0.0,0.481,0.627,1.5617413461208336,-0.0
781,2013-03-27 06:30:00,0.7608997225761414,0.6812723278999329,1.6771926879882812,0.0,0.0,0.181,2.0,-0.0
782,2013-03-27 07:00:00,0.0,0.0,1.939767837524414,0.0,0.0,0.121,1.879,-0.0
783,2013-03-27 07:30:00,0.0,0.1367081105709076,1.9331583976745605,0.006,0.0,0.136,1.975291889429092,-0.0
784,2013-03-27 08:00:00,0.0,0.029464200139045715,1.9556010961532593,0.025,0.0,0.261,1.78395202100277,-0.0
785,2013-03-27 08:30:00,0.0,0.3224649429321289,1.9001257419586182,0.05,0.0,0.311,1.848631015062331,-0.0
786,2013-03-27 09:00:00,0.0,0.1777849793434143,1.9114389419555664,0.08800000000000001,0.0,0.126,2.0,-0.0
787,2013-03-27 09:30:00,0.0,0.07184300571680069,2.0,0.325,0.0,0.11,2.0,-0.0
788,2013-03-27 10:00:00,0.0,0.2449391484260559,2.0,0.438,0.0,0.529,1.6640608515739443,-0.0
789,2013-03-27 10:30:00,0.474358469247818,0.47314998507499695,1.9195276498794556,0.6559999999999999,0.0,0.494,1.886369842529296,-0.0
790,2013-03-27 11:00:00,0.0,0.16899193823337555,2.0,0.775,0.0,0.825,2.0,-0.0
791,2013-03-27 11:30:00,0.0,0.0,2.0,1.05,0.0,0.049,2.0,-0.0
792,2013-03-27 12:00:00,0.00921748299151659,0.2752344310283661,2.0,1.338,0.0,0.113,2.0,-0.0
793,2013-03-27 12:30:00,0.0,0.11377385258674622,2.0,1.413,0.0,0.094,2.0,-0.0
794,2013-03-27 13:00:00,0.06081109866499901,0.11406032741069794,2.0,1.506,0.0,0.039,2.0,-0.0
795,2013-03-27 13:30:00,0.04433915764093399,0.1403702050447464,2.0,1.5,0.0,0.138,2.0,-0.0
796,2013-03-27 14:00:00,0.03026018850505352,0.06311187148094177,2.0,1.4880000000000002,0.0,0.044,2.0,-0.0
797,2013-03-27 14:30:00,0.046588242053985596,0.09942543506622314,2.0,1.425,0.0,0.08900000000000001,2.0,-0.0
798,2013-03-27 15:00:00,0.01761494390666485,0.061680667102336884,2.0,1.338,0.0,0.118,2.0,-0.0
799,2013-03-27 15:30:00,0.0,0.10040910542011261,2.0,1.256,0.0,0.025,2.0,-0.0
800,2013-03-27 16:00:00,0.0,0.12522181868553162,2.0,1.119,0.0,0.136,2.0,-0.0
801,2013-03-27 16:30:00,0.0,0.2875714898109436,2.0,0.969,0.0,0.114,2.0,-0.0
802,2013-03-27 17:00:00,0.0,0.3361567258834839,2.0,0.7879999999999999,0.0,0.135,2.0,-0.0
803,2013-03-27 17:30:00,0.0,0.44339171051979065,1.9493815898895264,0.5,0.0,0.314,1.7426082894802093,-0.0
804,2013-03-27 18:00:00,0.08525170385837555,0.521612286567688,1.9149249792099,0.163,0.0,0.219,1.6814160228967665,-0.0
805,2013-03-27 18:30:00,0.4025159180164337,0.6005763411521912,1.9532808065414429,0.038,0.0,0.083,1.8775916130542758,-0.0
806,2013-03-27 19:00:00,0.04707237333059311,0.20642486214637756,2.0,0.006,0.0,0.161,1.8653919117450708,-0.0
807,2013-03-27 19:30:00,0.043731097131967545,0.26073959469795227,2.0,0.0,0.0,0.197,1.811476581811906,-0.0
808,2013-03-27 20:00:00,0.05557076260447502,0.40037932991981506,2.0,0.0,0.0,0.183,1.7936675064563727,-0.0
809,2013-03-27 20:30:00,0.02307891845703125,0.4505510628223419,2.0,0.0,0.0,0.293,1.6691139242649125,-0.0
810,2013-03-27 21:00:00,0.4667923152446747,0.6354420781135559,2.0,0.0,0.0,0.233,1.793330073356619,-0.0
811,2013-03-27 21:30:00,0.21277941763401031,0.4598712921142578,2.0,0.0,0.0,0.242,1.711468561172504,-0.0
812,2013-03-27 22:00:00,0.21655529737472534,0.590904712677002,1.9948738813400269,0.0,0.0,0.156,1.83015816497799,-0.0
813,2013-03-27 22:30:00,0.08696521818637848,0.4198955297470093,2.0,0.0,0.0,0.154,1.7657881402970104,-0.0
814,2013-03-27 23:00:00,0.056175053119659424,0.5005270838737488,2.0,0.0,0.0,0.802,1.1658966355322307,-0.0
815,2013-03-27 23:30:00,1.3581289052963257,1.130712866783142,1.5495997667312622,0.0,0.0,0.66,1.8774938621523969,-0.0
816,2013-03-28 00:00:00,0.7261011600494385,0.12379306554794312,1.7787986993789673,0.0,0.0,0.119,2.0,-0.0
817,2013-03-28 00:30:00,0.0,0.0,2.0,0.0,0.0,0.213,1.787,-0.0
818,2013-03-28 01:00:00,0.006329321768134832,0.29968976974487305,2.0,0.0,1.069,0.113,0.9443102302551272,-0.0
819,2013-03-28 01:30:00,1.3081657886505127,1.4108341932296753,1.683273434638977,0.0,1.188,0.17800000000000002,1.3345453462600705,-0.0
820,2013-03-28 02:00:00,1.5765610933303833,1.0006715059280396,2.0,0.0,0.0,0.16399999999999998,2.0,-0.0
821,2013-03-28 02:30:00,0.17225341498851776,0.0,2.0,0.0,0.519,0.102,1.3789999999999998,-0.0
822,2013-03-28 03:00:00,1.4265817403793335,0.7796555757522583,1.8342198133468628,0.0,0.563,0.243,1.6563444242477425,-0.0
823,2013-03-28 03:30:00,0.843316912651062,0.5522252917289734,1.8653576374053955,0.0,0.0,0.7140000000000001,1.4210858597755416,-0.0
824,2013-03-28 04:00:00,1.0633240938186646,0.7245171070098877,1.6816893815994263,0.0,0.0,0.679,1.754311173439029,-0.0
825,2013-03-28 04:30:00,0.7303826212882996,0.1829911172389984,1.7681314945220947,0.0,0.0,0.071,1.6833111734390291,-0.0
826,2013-03-28 05:00:00,0.054758716374635696,0.3812389373779297,2.0,0.0,0.544,0.168,1.540138715744012,-0.0
827,2013-03-28 05:30:00,1.0501182079315186,0.6198738813400269,1.781153917312622,0.0,0.406,0.7879999999999999,1.105848687171949,-0.0
828,2013-03-28 06:00:00,1.3366488218307495,1.0766096115112305,1.541334867477417,0.0,0.0,0.591,2.0,-0.0
829,2013-03-28 06:30:00,1.0320292711257935,0.0,2.0,0.0,0.0,0.129,1.871,-0.0
830,2013-03-28 07:00:00,0.08308582007884979,0.07897736132144928,1.9678515195846558,0.0,0.0,0.057,1.8318741582632065,-0.0
831,2013-03-28 07:30:00,0.07146015018224716,0.1027410700917244,2.0,0.0,0.0,0.117,1.7802589299082756,-0.0
832,2013-03-28 08:00:00,0.10600149631500244,0.13069847226142883,1.928632140159607,0.025,0.0,0.273,1.5322589299082754,-0.0
833,2013-03-28 08:30:00,0.1813986897468567,0.5593260526657104,1.8981683254241943,0.044,0.0,0.061,2.0,-0.0
834,2013-03-28 09:00:00,0.0635857880115509,0.0,1.9221282005310059,0.069,0.0,0.099,1.906414211988449,-0.0
835,2013-03-28 09:30:00,0.03140376880764961,0.0,1.8811482191085815,0.319,0.0,0.09,2.0,-0.0
836,2013-03-28 10:00:00,0.007675073109567165,0.022000759840011597,1.8897273540496826,0.425,0.0,0.04,2.0,-0.0
837,2013-03-28 10:30:00,0.0,0.1475178748369217,1.9444411993026733,0.65,0.0,0.13699999999999998,2.0,-0.0
838,2013-03-28 11:00:00,0.0,0.36380940675735474,1.9896416664123535,0.775,0.0,0.133,2.0,-0.0
839,2013-03-28 11:30:00,0.0,0.3638533353805542,1.9538230895996094,1.031,0.0,0.421,2.0,-0.0
840,2013-03-28 12:00:00,0.0,0.0,2.0,1.35,0.0,0.14,2.0,-0.0
841,2013-03-28 12:30:00,0.0,0.3107032775878906,2.0,1.444,0.0,0.134,2.0,-0.0
842,2013-03-28 13:00:00,0.0,0.2624346911907196,2.0,1.525,0.0,0.025,2.0,-0.0
843,2013-03-28 13:30:00,0.0,0.35454028844833374,2.0,1.494,0.0,0.113,2.0,-0.0
844,2013-03-28 14:00:00,0.008244645781815052,0.373792439699173,2.0,1.506,0.0,0.106,2.0,-0.0
845,2013-03-28 14:30:00,0.0,0.45493924617767334,2.0,0.619,0.0,0.058,2.0,-0.0
846,2013-03-28 15:00:00,0.0,0.5974425077438354,2.0,0.35,0.0,0.152,1.6005574922561647,-0.0
847,2013-03-28 15:30:00,1.2696750164031982,0.6088090538978577,1.6732416152954102,0.325,0.0,0.149,1.391075961589813,-0.0
848,2013-03-28 16:00:00,1.4723179340362549,0.6842308044433594,1.6194183826446533,0.488,0.0,0.06,1.4976172723770147,-0.0
849,2013-03-28 16:30:00,1.1950234174728394,0.6360631585121155,1.8066400289535522,0.85,0.0,0.079,1.7873195691108699,-0.0
850,2013-03-28 17:00:00,0.0,0.7168333530426025,1.9550731182098389,0.394,0.0,0.142,1.9605275087356575,-0.0
851,2013-03-28 17:30:00,0.0,0.4248405694961548,1.9780094623565674,0.106,0.0,0.139,1.62110441303253,-0.0
852,2013-03-28 18:00:00,0.6427680253982544,0.7115432620048523,1.929457426071167,0.025,0.0,0.081,1.9152479119300876,-0.0
853,2013-03-28 18:30:00,0.1840706765651703,0.13562381267547607,2.0,0.019,0.0,0.165,1.830880363464349,-0.0
854,2013-03-28 19:00:00,0.05777379497885704,0.3929787874221802,2.0,0.0,0.0,0.268,1.677260485649122,-0.0
855,2013-03-28 19:30:00,0.29444366693496704,0.5803013443946838,1.9606186151504517,0.0,0.0,0.247,1.8181776843070718,-0.0
856,2013-03-28 20:00:00,0.24916478991508484,0.25272971391677856,1.9644830226898193,0.0,0.0,0.161,1.9499149174690777,-0.0
857,2013-03-28 20:30:00,0.0,0.010694369673728943,1.942550778388977,0.0,0.0,0.228,1.7219149174690778,-0.0
858,2013-03-28 21:00:00,0.02196825109422207,0.48202744126319885,1.914839267730713,0.0,0.0,0.21600000000000005,1.8581427237986459,-0.0
859,2013-03-28 21:30:00,0.05095600336790085,0.14993298053741455,1.901140809059143,0.0,0.0,0.119,2.0,-0.0
860,2013-03-28 22:00:00,0.00531129352748394,0.04313517361879349,1.9469380378723145,0.0,0.0,0.152,1.8048648263812066,-0.0
861,2013-03-28 22:30:00,0.0048811594024300575,0.3635620176792145,1.9416097402572632,0.0,0.0,0.281,1.7457083295583726,-0.0
862,2013-03-28 23:00:00,0.02240893803536892,0.4359586536884308,1.8906030654907227,0.0,0.0,0.797,1.2756246871948238,-0.0
863,2013-03-28 23:30:00,1.206263780593872,1.0694303512573242,1.4242841005325317,0.0,0.0,0.705,1.674320274353028,-0.0
864,2013-03-29 00:00:00,0.8318148851394653,0.38226819038391113,1.53380286693573,0.0,0.0,0.135,2.0,-0.0
865,2013-03-29 00:30:00,0.041965264827013016,0.0,1.9378774166107178,0.0,0.0,0.023,1.977,-0.0
866,2013-03-29 01:00:00,0.0,0.047511179000139236,1.9673209190368652,0.0,1.081,0.123,0.7944888209998606,-0.0
867,2013-03-29 01:30:00,1.0857418775558472,1.5965445041656494,1.5222949981689453,0.0,1.256,0.077,1.4814778538346296,-0.0
868,2013-03-29 02:00:00,1.7053953409194946,0.873444676399231,1.9012830257415771,0.0,0.713,0.054000000000000006,1.3965996159315097,-0.0
869,2013-03-29 02:30:00,1.2195199728012085,0.915579617023468,1.7223505973815918,0.0,0.331,0.133,1.8272211511135128,-0.0
870,2013-03-29 03:00:00,0.6860690712928772,0.03830447047948837,1.8509323596954346,0.0,0.925,0.134,0.7682211511135127,-0.0
871,2013-03-29 03:30:00,1.1095057725906372,1.67290461063385,1.3835147619247437,0.0,0.0,0.7929999999999999,1.9976530871391243,-0.0
872,2013-03-29 04:00:00,1.2054920196533203,0.006028416566550732,1.8711992502212524,0.0,0.15,0.639,1.2096654091552008,-0.0
873,2013-03-29 04:30:00,1.0788191556930542,1.1391762495040894,1.417312741279602,0.0,0.8690000000000001,0.061,1.5114929321855093,-0.0
874,2013-03-29 05:00:00,1.1078203916549683,1.0022777318954468,1.875212550163269,0.0,0.0,0.214,1.7607364037335347,-0.0
875,2013-03-29 05:30:00,0.36875399947166443,0.3312332332134247,1.9242349863052368,0.0,0.0,0.703,1.444293959319506,-0.0
876,2013-03-29 06:00:00,0.8330313563346863,0.8865631222724915,1.581815481185913,0.0,0.0,0.7,1.5248489590884964,-0.0
877,2013-03-29 06:30:00,0.8998178243637085,0.7356765270233154,1.602168083190918,0.0,0.0,0.026,2.0,-0.0
878,2013-03-29 07:00:00,0.0,0.16064365208148956,1.9384100437164307,0.0,0.513,0.153,1.1733563479185105,-0.0
879,2013-03-29 07:30:00,1.2637183666229248,1.2151985168457031,1.658183217048645,0.0,0.163,0.161,2.0,-0.0
880,2013-03-29 08:00:00,0.5061841607093811,0.05190044268965721,1.9592525959014893,0.025,0.0,0.105,1.8430995573103428,-0.0
881,2013-03-29 08:30:00,0.0,0.37082359194755554,1.985112190246582,0.038,0.0,0.41,1.5709772934317587,-0.0
882,2013-03-29 09:00:00,0.3933439552783966,0.6776890754699707,1.9337196350097656,0.08800000000000001,0.0,0.024,1.9803563376665114,-0.0
883,2013-03-29 09:30:00,0.0,0.0213906392455101,2.0,0.338,0.0,0.105,2.0,-0.0
884,2013-03-29 10:00:00,0.0,0.40169569849967957,2.0,0.456,0.0,0.049,2.0,-0.0
885,2013-03-29 10:30:00,0.0,0.43719860911369324,2.0,0.6940000000000001,0.0,0.078,2.0,-0.0
886,2013-03-29 11:00:00,0.0,0.6255415081977844,2.0,0.7809999999999999,0.0,0.141,2.0,-0.0
887,2013-03-29 11:30:00,0.0,0.39749184250831604,1.9993984699249268,1.075,0.0,0.026,2.0,-0.0
888,2013-03-29 12:00:00,0.0,0.6792369484901428,2.0,0.6940000000000001,0.0,0.122,1.8927630515098572,-0.0
889,2013-03-29 12:30:00,0.0,0.6576476693153381,2.0,0.7190000000000001,0.0,0.099,2.0,-0.0
890,2013-03-29 13:00:00,0.0,0.7133969664573669,1.9915311336517334,0.563,0.0,0.033,1.8166030335426329,-0.0
891,2013-03-29 13:30:00,0.0,0.8000805377960205,2.0,1.094,0.0,0.219,2.0,-0.0
892,2013-03-29 14:00:00,0.0,0.5905495882034302,2.0,1.431,0.0,0.394,2.0,-0.0
893,2013-03-29 14:30:00,0.0,0.4285987615585327,2.0,1.306,0.0,0.141,2.0,-0.0
894,2013-03-29 15:00:00,0.0,0.8467552065849304,2.0,1.056,0.0,0.284,1.9252447934150696,-0.0
895,2013-03-29 15:30:00,0.0,0.5321537852287292,1.9523371458053589,1.269,0.0,0.279,2.0,-0.0
896,2013-03-29 16:00:00,0.0,0.7364555597305298,1.9416515827178955,1.138,0.0,0.204,2.0,-0.0
897,2013-03-29 16:30:00,0.0,0.5612092018127441,1.943893313407898,0.95,0.0,0.313,2.0,-0.0
898,2013-03-29 17:00:00,0.0,0.6005180478096008,1.9900821447372437,0.888,0.0,0.174,2.0,-0.0
899,2013-03-29 17:30:00,0.0,0.7405846118927002,2.0,0.556,0.0,0.083,1.7324153881073,-0.0
900,2013-03-29 18:00:00,0.0,0.6936218738555908,1.9759145975112915,0.163,0.0,0.097,1.9075473499298095,-0.0
901,2013-03-29 18:30:00,0.0,0.39704734086990356,1.9119634628295898,0.063,0.0,0.052000000000000005,1.7988579592704774,-0.0
902,2013-03-29 19:00:00,0.0,0.5702494382858276,1.877871036529541,0.006,0.0,0.199,1.6390346431732175,-0.0
903,2013-03-29 19:30:00,0.2391595095396042,0.6538548469543457,1.8538717031478882,0.0,0.0,0.17800000000000002,1.8900758666992195,-0.0
904,2013-03-29 20:00:00,9.821727871894836e-06,0.09278979152441025,1.8797293901443481,0.0,0.0,0.182,1.7080758666992195,-0.0
905,2013-03-29 20:30:00,0.01451823115348816,0.49698615074157715,1.9074691534042358,0.0,0.0,0.25,1.8368621158599838,-0.0
906,2013-03-29 21:00:00,0.01177188940346241,0.13395830988883972,1.9419113397598267,0.0,0.0,0.153,1.6838621158599838,-0.0
907,2013-03-29 21:30:00,0.0,0.44850778579711914,1.9483706951141357,0.0,0.0,0.234,1.9497679824829133,-0.0
908,2013-03-29 22:00:00,0.0,0.0,1.9169352054595947,0.0,0.0,0.135,1.8147679824829133,-0.0
909,2013-03-29 22:30:00,0.0,0.18792203068733215,1.8550397157669067,0.0,0.0,0.243,1.939542004346841,-0.0
910,2013-03-29 23:00:00,0.0,0.08535291254520416,1.9213178157806396,0.0,0.0,0.767,1.268563078761114,-0.0
911,2013-03-29 23:30:00,1.153846263885498,1.0093657970428467,1.5415465831756592,0.0,0.0,0.63,1.8235080454349255,-0.0
912,2013-03-30 00:00:00,0.8633865714073181,0.10582523047924042,1.7632962465286255,0.0,0.0,0.59,1.2335080454349256,-0.0
913,2013-03-30 00:30:00,1.1628082990646362,0.967766523361206,1.5254093408584595,0.0,0.0,0.035,2.0,-0.0
914,2013-03-30 01:00:00,0.07466070353984833,0.0,2.0,0.0,1.081,0.119,0.8,-0.0
915,2013-03-30 01:30:00,1.4567575454711914,1.5956202745437622,1.6749037504196167,0.0,1.238,0.066,1.5003797254562379,-0.0
916,2013-03-30 02:00:00,1.9895631074905396,0.6569213271141052,2.0,0.0,1.025,0.07400000000000001,1.243319221973419,-0.0
917,2013-03-30 02:30:00,1.6881076097488403,1.1530978679656982,1.7906177043914795,0.0,0.0,0.09,2.0,-0.0
918,2013-03-30 03:00:00,0.304275780916214,0.027261151000857353,1.953386902809143,0.0,1.138,0.14400000000000002,0.6907388489991427,-0.0
919,2013-03-30 03:30:00,1.288539171218872,1.7843505144119263,1.507360816001892,0.0,0.056,0.855,1.9231717875897885,-0.0
920,2013-03-30 04:00:00,1.203023076057434,0.19249626994132996,1.562990427017212,0.0,0.0,0.682,1.2791601548790932,-0.0
921,2013-03-30 04:30:00,1.4160428047180176,1.167191982269287,1.5565985441207886,0.0,0.65,0.14,1.4844877079725265,-0.0
922,2013-03-30 05:00:00,1.7039316892623901,1.1403253078460693,1.9647421836853027,0.0,0.325,0.179,1.3866992762088777,-0.0
923,2013-03-30 05:30:00,1.5366158485412598,1.2705968618392944,1.9071128368377686,0.0,0.0,1.4409999999999998,0.5150045857429504,-0.0
924,2013-03-30 06:00:00,1.5734443664550781,1.8848925828933716,1.9834926128387451,0.0,0.0,1.297,1.7880982456207277,-0.0
925,2013-03-30 06:30:00,1.4562524557113647,0.6074933409690857,1.5954238176345825,0.0,0.0,0.046,1.7703101677894588,-0.0
926,2013-03-30 07:00:00,0.15901917219161987,0.7969407439231873,2.0,0.0,0.0,0.128,1.534438920497895,-0.0
927,2013-03-30 07:30:00,1.2811200618743896,0.9461682438850403,1.7677727937698364,0.006,0.0,0.379,1.59395391511917,-0.0
928,2013-03-30 08:00:00,0.9048002362251282,0.7624868750572205,1.648647665977478,0.025,0.0,0.417,1.5826052947044396,-0.0
929,2013-03-30 08:30:00,0.8492540121078491,0.7627757787704468,1.5961097478866577,0.044,0.0,0.35100000000000003,1.633013631820674,-0.0
930,2013-03-30 09:00:00,0.7760009169578552,0.7251847386360168,1.6580133438110352,0.08800000000000001,0.0,0.06,1.7727879977226348,-0.0
931,2013-03-30 09:30:00,0.18306875228881836,0.6248747706413269,1.8969573974609375,0.344,0.0,0.087,1.5373429770469482,-0.0
932,2013-03-30 10:00:00,1.6780643463134766,0.6376700401306152,1.6564196348190308,0.45,0.0,0.035,1.3526440057754885,-0.0
933,2013-03-30 10:30:00,1.8835562467575073,0.68241947889328,1.6164090633392334,0.6809999999999999,0.0,0.106,1.8589365153312316,-0.0
934,2013-03-30 11:00:00,0.14995145797729492,0.20252197980880737,1.9870246648788452,0.8059999999999999,0.0,0.17800000000000002,2.0,-0.0
935,2013-03-30 11:30:00,0.11969991028308868,0.11708439886569977,2.0,1.056,0.0,0.188,2.0,-0.0
936,2013-03-30 12:00:00,0.08789391070604324,0.037745848298072815,2.0,1.419,0.0,0.175,2.0,-0.0
937,2013-03-30 12:30:00,0.11632883548736572,0.0,2.0,1.475,0.0,0.152,2.0,-0.0
938,2013-03-30 13:00:00,0.085213802754879,0.0,1.997972846031189,1.5630000000000002,0.0,0.045,2.0,-0.0
939,2013-03-30 13:30:00,0.10189376026391983,0.0,2.0,1.581,0.0,0.232,2.0,-0.0
940,2013-03-30 14:00:00,0.08805340528488159,0.0,2.0,1.55,0.0,0.3,2.0,-0.0
941,2013-03-30 14:30:00,0.05541151389479637,0.0,2.0,1.444,0.0,0.207,2.0,-0.0
942,2013-03-30 15:00:00,0.029352320358157158,0.06089167669415474,1.9807991981506348,1.294,0.0,0.233,2.0,-0.0
943,2013-03-30 15:30:00,0.03184656426310539,0.06725867092609406,2.0,1.338,0.0,0.215,2.0,-0.0
944,2013-03-30 16:00:00,0.07888790965080261,0.0799272209405899,2.0,1.2,0.0,0.111,2.0,-0.0
945,2013-03-30 16:30:00,0.05181769281625748,0.07403887063264847,2.0,1.019,0.0,0.113,2.0,-0.0
946,2013-03-30 17:00:00,0.08782060444355011,0.07926427572965622,2.0,0.6559999999999999,0.0,0.139,2.0,-0.0
947,2013-03-30 17:30:00,0.004572242498397827,0.08227041363716125,1.995238184928894,0.231,0.0,0.058,2.0,-0.0
948,2013-03-30 18:00:00,0.02615770883858204,0.03609105572104454,2.0,0.194,0.0,0.066,2.0,-0.0
949,2013-03-30 18:30:00,0.027022862806916237,0.04239407926797867,1.9568482637405396,0.038,0.0,0.349,1.6195830579251052,-0.0
950,2013-03-30 19:00:00,0.0,0.6316508650779724,1.9517930746078491,0.006,0.0,0.173,1.9621830190718175,-0.0
951,2013-03-30 19:30:00,0.0,0.09051846712827682,1.9798818826675415,0.0,0.0,0.344,1.6411154947280884,-0.0
952,2013-03-30 20:00:00,0.0,0.6497431397438049,1.9753315448760986,0.0,0.0,0.255,1.8130258708000184,-0.0
953,2013-03-30 20:30:00,0.09058568626642227,0.2424149215221405,1.9065498113632202,0.0,0.0,0.219,1.9125333368778226,-0.0
954,2013-03-30 21:00:00,0.07573171705007553,0.08901046961545944,1.987997055053711,0.0,0.0,0.179,1.9069228566288958,-0.0
955,2013-03-30 21:30:00,0.09558828175067902,0.13347434997558594,1.972548246383667,0.0,0.0,0.366,1.6866799367666228,-0.0
956,2013-03-30 22:00:00,0.10943599790334702,0.45692408084869385,1.9235035181045532,0.0,0.0,0.1,2.0,-0.0
957,2013-03-30 22:30:00,0.11847960948944092,0.0,1.9860025644302368,0.0,0.0,0.431,1.569,-0.0
958,2013-03-30 23:00:00,0.2638244330883026,0.6674493551254272,1.916214108467102,0.0,0.0,1.2919999999999998,0.902550644874573,-0.0
959,2013-03-30 23:30:00,1.6825934648513794,1.6454472541809082,1.5863577127456665,0.0,0.0,0.795,1.7544514560699458,-0.0
960,2013-03-31 00:00:00,1.1189631223678589,0.49547284841537476,1.512671947479248,0.0,0.0,0.175,1.8206242394447336,-0.0
961,2013-03-31 00:30:00,0.04117746278643608,0.21019800007343292,1.9462871551513672,0.0,0.0,0.532,1.6165535210370994,-0.0
962,2013-03-31 01:00:00,0.4458790719509125,0.5941283106803894,1.9486865997314453,0.0,1.081,0.28300000000000003,0.8087646472454119,-0.0
963,2013-03-31 01:30:00,0.9341456294059753,1.5457162857055664,1.7457866668701172,0.0,1.25,0.104,1.4827544198036096,-0.0
964,2013-03-31 02:00:00,2.0,0.9700268507003784,2.0,0.0,1.038,0.025,1.0014643096924025,-0.0
965,2013-03-31 02:30:00,1.717942237854004,1.3757754564285278,1.9879472255706787,0.0,0.0,0.132,2.0,-0.0
966,2013-03-31 03:00:00,0.1816447675228119,0.0,2.0,0.0,1.188,0.14300000000000002,0.669,-0.0
967,2013-03-31 03:30:00,1.0366098880767822,1.715556025505066,1.5626859664916992,0.0,0.0,0.782,2.0,-0.0
968,2013-03-31 04:00:00,1.5426092147827148,0.07474371045827866,1.8316152095794678,0.0,0.0,0.634,1.2912562895417214,-0.0
969,2013-03-31 04:30:00,1.2498247623443604,1.015247106552124,1.5761942863464355,0.0,0.394,0.063,1.945240314364433,-0.0
970,2013-03-31 05:00:00,1.4860727787017822,0.04101058840751648,1.9936707019805908,0.0,0.563,0.207,1.1826601135730743,-0.0
971,2013-03-31 05:30:00,1.525360107421875,1.2535183429718018,1.7122665643692017,0.0,0.0,1.368,1.0131614298820495,-0.0
972,2013-03-31 06:00:00,1.5991367101669312,1.4847532510757446,1.5760470628738403,0.0,0.0,1.3,1.1889238891601568,-0.0
973,2013-03-31 06:30:00,1.4436390399932861,1.3329218626022339,1.5973401069641113,0.0,0.0,0.028,2.0,-0.0
974,2013-03-31 07:00:00,0.24323509633541107,0.09784520417451859,1.9185926914215088,0.0,0.0,0.121,1.7811547958254814,-0.0
975,2013-03-31 07:30:00,0.11718224734067917,0.37346121668815613,1.9297598600387573,0.0,0.0,0.069,1.995229191660881,-0.0
976,2013-03-31 08:00:00,0.09757854789495468,0.1356199085712433,1.9186564683914185,0.013,0.0,0.157,1.7121508997678756,-0.0
977,2013-03-31 08:30:00,0.07378027588129044,0.5906493067741394,2.0,0.031,0.0,0.175,1.7480488936901097,-0.0
978,2013-03-31 09:00:00,0.10802603513002396,0.54886794090271,2.0,0.044,0.0,0.411,1.4560342717170704,-0.0
979,2013-03-31 09:30:00,1.045752763748169,0.8791978359222412,1.7097729444503784,0.125,0.0,0.141,1.8177336206436179,-0.0
980,2013-03-31 10:00:00,0.1820184290409088,0.43825575709342957,1.9732803106307983,0.219,0.0,0.058,1.541221714496608,-0.0
981,2013-03-31 10:30:00,0.4964246451854706,0.7377824187278748,1.8717893362045288,0.463,0.0,0.526,1.1949958667755174,-0.0
982,2013-03-31 11:00:00,1.249228596687317,0.7691155672073364,1.5317050218582153,0.6940000000000001,0.0,0.116,1.3368926992416283,-0.0
983,2013-03-31 11:30:00,0.26567357778549194,0.563753604888916,1.7743748426437378,0.506,0.0,0.153,2.0,-0.0
984,2013-03-31 12:00:00,0.11737525463104248,0.22669747471809387,1.950486183166504,0.713,0.0,0.373,1.9959272706508637,-0.0
985,2013-03-31 12:30:00,0.13111111521720886,0.07712667435407639,1.8913295269012451,0.725,0.0,0.108,2.0,-0.0
986,2013-03-31 13:00:00,0.11640842258930206,0.14901185035705566,1.903689980506897,0.638,0.0,0.268,2.0,-0.0
987,2013-03-31 13:30:00,0.028803328052163124,0.13721685111522675,1.9428815841674805,0.838,0.0,0.26,2.0,-0.0
988,2013-03-31 14:00:00,0.04305030778050423,0.10655614733695984,2.0,0.763,0.0,0.131,2.0,-0.0
989,2013-03-31 14:30:00,0.0,0.15586048364639282,2.0,0.769,0.0,0.29100000000000004,2.0,-0.0
990,2013-03-31 15:00:00,0.03236673027276993,0.10899574309587479,2.0,0.813,0.0,0.684,1.9876375266313548,-0.0
991,2013-03-31 15:30:00,0.07986417412757874,0.08737664669752121,2.0,0.85,0.0,0.473,2.0,-0.0
992,2013-03-31 16:00:00,0.07704057544469833,0.0939100906252861,2.0,0.7879999999999999,0.0,0.271,2.0,-0.0
993,2013-03-31 16:30:00,0.07525823265314102,0.05268564820289612,2.0,0.638,0.0,0.084,2.0,-0.0
994,2013-03-31 17:00:00,0.09695698320865631,0.16203299164772034,2.0,0.469,0.0,0.179,2.0,-0.0
995,2013-03-31 17:30:00,0.05887746810913086,0.14953257143497467,2.0,0.338,0.0,0.174,1.9555899604558946,-0.0
996,2013-03-31 18:00:00,0.0,0.15285645425319672,2.0,0.1,0.0,0.17600000000000002,1.8599636248350142,-0.0
997,2013-03-31 18:30:00,0.0,0.2911284565925598,2.0,0.019,0.0,0.34,1.6679442937374114,-0.0
998,2013-03-31 19:00:00,0.060920946300029755,0.5594043731689453,2.0,0.0,0.0,0.241,1.8637070393562314,-0.0
999,2013-03-31 19:30:00,0.03730872645974159,0.17771458625793457,2.0,0.0,0.0,0.5,1.5948713350296027,-0.0
1000,2013-03-31 20:00:00,0.20666317641735077,0.7463030219078064,2.0,0.0,0.0,0.262,1.8019543080329883,-0.0
1001,2013-03-31 20:30:00,0.12373946607112885,0.3789084553718567,2.0,0.0,0.0,0.21600000000000005,1.8011829285621668,-0.0
1002,2013-03-31 21:00:00,0.10657475143671036,0.3825072944164276,2.0,0.0,0.0,0.188,1.8271268484592393,-0.0
1003,2013-03-31 21:30:00,0.11980468034744263,0.3522181808948517,2.0,0.0,0.0,0.263,1.7305281221866693,-0.0
1004,2013-03-31 22:00:00,0.13498803973197937,0.5269857048988342,2.0,0.0,0.0,0.14,1.871958050727827,-0.0
1005,2013-03-31 22:30:00,0.12057137489318848,0.28521043062210083,2.0,0.0,0.0,0.244,1.726873467922245,-0.0
1006,2013-03-31 23:00:00,0.11158881336450577,0.5419849753379822,2.0,0.0,0.0,0.7709999999999999,1.2332680888175274,-0.0
1007,2013-03-31 23:30:00,1.3904653787612915,1.136398434638977,1.666238784790039,0.0,0.0,0.593,1.8040653877259683,-0.0
1008,2013-04-15 00:00:00,0.8832006454467773,0.3935990333557129,1.7372357845306396,0.0,1.106,0.102,0.7902701911923505,-0.0
1009,2013-04-15 00:30:00,1.5308711528778076,1.6214436292648315,1.7176220417022705,0.0,1.263,0.105,1.4300159883504677,-0.0
1010,2013-04-15 01:00:00,1.9449552297592163,0.9919038414955139,2.0,0.0,0.431,0.043,1.6740641818035507,-0.0
1011,2013-04-15 01:30:00,1.5979137420654297,0.6465193033218384,1.9809809923171997,0.0,0.425,0.105,1.4753523330710605,-0.0
1012,2013-04-15 02:00:00,1.579403042793274,0.7835607528686523,1.8877801895141602,0.0,0.7190000000000001,0.043,1.5037345809892266,-0.0
1013,2013-04-15 02:30:00,1.6778981685638428,0.7814924716949463,1.8641141653060913,0.0,0.0,0.102,2.0,-0.0
1014,2013-04-15 03:00:00,0.0,0.018792886286973953,2.0,0.0,0.0,0.041,1.9402071137130261,-0.0
1015,2013-04-15 03:30:00,0.0,0.019686445593833923,2.0,0.0,0.544,0.787,0.649313554406166,-0.0
1016,2013-04-15 04:00:00,1.401018738746643,1.5809555053710938,1.4497658014297485,0.0,0.438,0.037000000000000005,2.0,-0.0
1017,2013-04-15 04:30:00,0.34533268213272095,0.0,2.0,0.0,0.0,0.11,1.89,-0.0
1018,2013-04-15 05:00:00,0.0,0.10937957465648651,2.0,0.0,0.0,0.028,1.8626204253435135,-0.0
1019,2013-04-15 05:30:00,0.0,0.14420443773269653,2.0,0.0,0.0,0.7809999999999999,1.3495547115802766,-0.0
1020,2013-04-15 06:00:00,0.9556488990783691,0.7855719327926636,1.5317482948303223,0.0,0.0,0.028,2.0,-0.0
1021,2013-04-15 06:30:00,0.0,0.0,1.9174797534942627,0.0,0.0,0.108,1.892,-0.0
1022,2013-04-15 07:00:00,0.011526021175086498,0.11015229672193527,1.9956215620040894,0.025,0.0,0.029,2.0,-0.0
1023,2013-04-15 07:30:00,0.0,0.01963716745376587,2.0,0.08800000000000001,0.0,0.627,1.4413628325462342,-0.0
1024,2013-04-15 08:00:00,0.6213548183441162,0.6715238094329834,1.6743273735046387,0.156,0.0,0.441,1.6927505254745483,-0.0
1025,2013-04-15 08:30:00,0.4884966015815735,0.4709100127220154,1.6995816230773926,0.28800000000000003,0.0,0.203,1.364588936328888,-0.0
1026,2013-04-15 09:00:00,1.164003610610962,0.695199191570282,1.580057978630066,0.363,0.0,0.035,1.8146229357719423,-0.0
1027,2013-04-15 09:30:00,0.0,0.3580791652202606,1.9445512294769287,0.463,0.0,0.177,2.0,-0.0
1028,2013-04-15 10:00:00,0.013606732711195946,0.21190673112869263,2.0,0.481,0.0,0.11,2.0,-0.0
1029,2013-04-15 10:30:00,0.04256540909409523,0.25072091817855835,2.0,0.431,0.0,0.4,1.7377136727273466,-0.0
1030,2013-04-15 11:00:00,0.10296811908483505,0.2955540418624878,2.0,0.594,0.0,0.212,2.0,-0.0
1031,2013-04-15 11:30:00,0.023242847993969917,0.030560612678527832,1.9929319620132446,1.281,0.0,0.484,2.0,-0.0
1032,2013-04-15 12:00:00,0.0,0.0,1.9935879707336426,1.281,0.0,0.127,2.0,-0.0
1033,2013-04-15 12:30:00,0.0,0.0,1.9585521221160889,1.3,0.0,0.16699999999999998,2.0,-0.0
1034,2013-04-15 13:00:00,0.0,0.0,1.9080463647842407,1.088,0.0,0.328,2.0,-0.0
1035,2013-04-15 13:30:00,0.0,0.0,1.8665868043899536,0.8059999999999999,0.0,0.047,2.0,-0.0
1036,2013-04-15 14:00:00,0.0,0.0981161817908287,1.8275128602981567,1.138,0.0,0.342,2.0,-0.0
1037,2013-04-15 14:30:00,0.0,0.053225744515657425,1.8875871896743774,1.188,0.0,0.276,2.0,-0.0
1038,2013-04-15 15:00:00,0.0,0.090535469353199,1.983000636100769,1.0,0.0,0.394,2.0,-0.0
1039,2013-04-15 15:30:00,0.009939598850905895,0.08785668760538101,2.0,0.856,0.0,0.365,2.0,-0.0
1040,2013-04-15 16:00:00,0.034710824489593506,0.12695935368537903,2.0,0.6,0.0,0.401,2.0,-0.0
1041,2013-04-15 16:30:00,0.08039107918739319,0.10446079075336456,2.0,0.106,0.0,0.297,1.6241481300592422,-0.0
1042,2013-04-15 17:00:00,0.08440469950437546,0.7188858985900879,2.0,0.05,0.0,0.108,1.8248178412914275,-0.0
1043,2013-04-15 17:30:00,0.09839288890361786,0.5055211782455444,2.0,0.006,0.0,0.158,1.6748431391716008,-0.0
1044,2013-04-15 18:00:00,0.22650332748889923,0.6809326410293579,2.0,0.0,0.0,0.13,1.8393810806274407,-0.0
1045,2013-04-15 18:30:00,0.04355061799287796,0.3825453817844391,2.0,0.0,0.0,0.246,1.6926924569606796,-0.0
1046,2013-04-15 19:00:00,0.16878846287727356,0.6135897636413574,2.0,0.0,0.0,0.13699999999999998,1.8640253224372834,-0.0
1047,2013-04-15 19:30:00,0.036115698516368866,0.2808281183242798,2.0,0.0,0.0,0.153,1.8381212368011535,-0.0
1048,2013-04-15 20:00:00,0.0,0.24139124155044556,2.0,0.0,0.0,0.107,1.9753662848472475,-0.0
1049,2013-04-15 20:30:00,0.0,0.03807053714990616,2.0,0.0,0.0,0.231,1.7801968931555991,-0.0
1050,2013-04-15 21:00:00,0.01307234913110733,0.3262462019920349,1.9451626539230347,0.0,0.0,0.218,1.8953600116967664,-0.0
1051,2013-04-15 21:30:00,0.04964900761842728,0.11507253348827362,1.8508862257003784,0.0,0.0,0.232,1.8622074431181936,-0.0
1052,2013-04-15 22:00:00,0.027465274557471275,0.17160427570343018,1.8980462551116943,0.0,0.0,0.13,1.973980838060183,-0.0
1053,2013-04-15 22:30:00,0.015687476843595505,0.01424814946949482,1.9165124893188477,0.0,0.0,0.079,1.8949808380601831,-0.0
1054,2013-04-15 23:00:00,0.00658746063709259,0.09556206315755844,1.9004769325256348,0.0,0.0,0.102,1.792980838060183,-0.0
1055,2013-04-15 23:30:00,0.047756899148225784,0.15468648076057434,1.931968092918396,0.0,0.0,0.73,1.062980838060183,-0.0
1056,2013-04-16 00:00:00,1.4904040098190308,1.1033310890197754,1.345557689666748,0.0,1.1,0.104,1.5667072348598583,-0.0
1057,2013-04-16 00:30:00,1.8527690172195435,0.7135988473892212,1.8687719106674194,0.0,1.275,0.044,0.8339866828910623,-0.0
1058,2013-04-16 01:00:00,1.7346391677856445,1.6287853717803955,1.9360779523849487,0.0,0.6940000000000001,0.109,1.90024126243748,-0.0
1059,2013-04-16 01:30:00,2.0,0.0,2.0,0.0,0.0,0.036000000000000004,1.964,-0.0
1060,2013-04-16 02:00:00,0.15110667049884796,0.0,2.0,0.0,1.131,0.113,0.756,-0.0
1061,2013-04-16 02:30:00,1.321291208267212,1.4788085222244263,1.768108606338501,0.0,0.0,0.033,2.0,-0.0
1062,2013-04-16 03:00:00,0.17600898444652557,0.0,2.0,0.0,0.0,0.116,1.884,-0.0
1063,2013-04-16 03:30:00,0.08972930908203125,0.0,2.0,0.0,0.0,0.7140000000000001,1.286,-0.0
1064,2013-04-16 04:00:00,1.3224613666534424,0.8745958805084229,1.6140323877334595,0.0,0.8809999999999999,0.116,1.5564041194915772,-0.0
1065,2013-04-16 04:30:00,1.5148088932037354,0.6864331960678101,1.9654083251953125,0.0,0.081,0.029,2.0,-0.0
1066,2013-04-16 05:00:00,0.2031179964542389,0.0,2.0,0.0,0.0,0.115,1.885,-0.0
1067,2013-04-16 05:30:00,0.060871925204992294,0.0,2.0,0.0,0.0,1.372,0.6279999999999999,-0.0
1068,2013-04-16 06:00:00,1.7450584173202515,1.8631285429000854,2.0,0.0,0.0,0.5379999999999999,2.0,-0.0
1069,2013-04-16 06:30:00,1.7072081565856934,0.0,2.0,0.0,0.0,0.247,1.7530000000000001,-0.0
1070,2013-04-16 07:00:00,0.018166035413742065,0.2542593777179718,1.9708815813064575,0.0,0.0,0.112,2.0,-0.0
1071,2013-04-16 07:30:00,0.0,0.0,1.9613062143325806,0.0,0.0,0.159,1.841,-0.0
1072,2013-04-16 08:00:00,0.0,0.0727161169052124,1.9789892435073853,0.0,0.0,0.442,1.464273126602173,-0.0
1073,2013-04-16 08:30:00,0.6473078727722168,0.6242702007293701,1.8671783208847046,0.0,0.0,0.14800000000000002,2.0,-0.0
1074,2013-04-16 09:00:00,0.03980729356408119,0.0,2.0,0.0,0.0,0.149,1.851,-0.0
1075,2013-04-16 09:30:00,0.0,0.06531538814306259,2.0,0.0,0.0,0.118,1.8166846118569375,-0.0
1076,2013-04-16 10:00:00,0.033966198563575745,0.11370973289012909,2.0,0.0,0.0,0.061,1.825290267109871,-0.0
1077,2013-04-16 10:30:00,0.02959873154759407,0.08611870557069778,2.0,0.0,0.0,0.188,1.7258812944293023,-0.0
1078,2013-04-16 11:00:00,0.03764040768146515,0.2949545085430145,2.0,0.0,0.0,0.189,2.0,-0.0
1079,2013-04-16 11:30:00,0.05537675693631172,0.0,2.0,0.0,0.0,0.229,1.771,-0.0
1080,2013-04-16 12:00:00,0.10138732194900513,0.2773023545742035,2.0,0.0,0.0,0.032,2.0,-0.0
1081,2013-04-16 12:30:00,0.06799717247486115,0.0,1.9955195188522339,0.581,0.0,0.113,2.0,-0.0
1082,2013-04-16 13:00:00,0.06580916047096252,0.29256922006607056,1.9855931997299194,0.6809999999999999,0.0,0.046,2.0,-0.0
1083,2013-04-16 13:30:00,0.06045665964484215,0.27494728565216064,2.0,0.856,0.0,0.311,2.0,-0.0
1084,2013-04-16 14:00:00,0.10559168457984924,0.033378660678863525,2.0,0.7440000000000001,0.0,0.17,2.0,-0.0
1085,2013-04-16 14:30:00,0.1350659877061844,0.25721025466918945,1.985388994216919,0.8190000000000001,0.0,0.046,2.0,-0.0
1086,2013-04-16 15:00:00,0.12754282355308533,0.25281569361686707,2.0,0.494,0.0,0.14300000000000002,1.9706414828300474,-0.0
1087,2013-04-16 15:30:00,0.04246873781085014,0.2829039692878723,1.9640475511550903,0.263,0.0,0.174,1.8223443272411828,-0.0
1088,2013-04-16 16:00:00,0.04377184808254242,0.4209609627723694,2.0,0.138,0.0,0.294,1.6470348384976377,-0.0
1089,2013-04-16 16:30:00,0.5867745876312256,0.5545669198036194,1.802091360092163,0.063,0.0,0.188,1.8373634032011052,-0.0
1090,2013-04-16 17:00:00,0.15349449217319489,0.3122570216655731,1.9996235370635986,0.05,0.0,0.157,1.7560161719322165,-0.0
1091,2013-04-16 17:30:00,0.030185643583536148,0.5167542695999146,1.964310884475708,0.006,0.0,0.052000000000000005,1.9072133865356524,-0.0
1092,2013-04-16 18:00:00,0.0008116252720355988,0.20061257481575012,1.946614146232605,0.0,0.0,0.23,1.754960652112945,-0.0
1093,2013-04-16 18:30:00,0.0,0.46528828144073486,1.8928428888320923,0.0,0.0,0.345,1.679790414333375,-0.0
1094,2013-04-16 19:00:00,0.4519575834274292,0.5933766961097717,1.7769635915756226,0.0,0.0,0.526,1.521042475223478,-0.0
1095,2013-04-16 19:30:00,0.8608610033988953,0.7134997248649597,1.6380529403686523,0.0,0.0,0.285,1.9594153246880845,-0.0
1096,2013-04-16 20:00:00,0.44427648186683655,0.0515187568962574,1.8673492670059204,0.0,0.0,0.196,1.8336505937275736,-0.0
1097,2013-04-16 20:30:00,0.03451921045780182,0.3361685872077942,1.9365487098693848,0.0,0.0,0.248,1.748530225337059,-0.0
1098,2013-04-16 21:00:00,0.17739641666412354,0.5134750008583069,1.9858287572860718,0.0,0.0,0.206,1.7834645484675753,-0.0
1099,2013-04-16 21:30:00,0.3957548141479492,0.4852014183998108,1.9627199172973633,0.0,0.0,0.17800000000000002,1.7698694846650387,-0.0
1100,2013-04-16 22:00:00,0.27491945028305054,0.466469943523407,2.0,0.0,0.0,0.112,1.8817910871465156,-0.0
1101,2013-04-16 22:30:00,0.12605196237564087,0.28945910930633545,1.9877045154571533,0.0,0.0,0.071,1.8759587164006335,-0.0
1102,2013-04-16 23:00:00,0.13564884662628174,0.25875797867774963,2.0,0.0,0.0,0.105,1.8843245885209832,-0.0
1103,2013-04-16 23:30:00,0.0763915404677391,0.2357563078403473,2.0,0.0,0.0,0.7140000000000001,1.281594515117686,-0.0
1104,2013-04-17 00:00:00,1.2991951704025269,0.9593594670295715,1.6793121099472046,0.0,1.088,0.042,1.3474515027350564,-0.0
1105,2013-04-17 00:30:00,1.9215641021728516,0.9602019190788269,2.0,0.0,1.263,0.031,1.0508950754510602,-0.0
1106,2013-04-17 01:00:00,1.8774281740188599,1.3832602500915527,2.0,0.0,1.263,0.162,1.089949599006327,-0.0
1107,2013-04-17 01:30:00,1.815274715423584,1.2944467067718506,2.0,0.0,0.975,0.146,1.4046540952154953,-0.0
1108,2013-04-17 02:00:00,1.870402455329895,0.8405449986457825,2.0,0.0,0.094,0.139,2.0,-0.0
1109,2013-04-17 02:30:00,0.6980323195457458,0.0,2.0,0.0,1.15,0.032,0.8180000000000001,-0.0
1110,2013-04-17 03:00:00,1.619607925415039,1.5107699632644653,1.6112759113311768,0.0,0.0,0.112,2.0,-0.0
1111,2013-04-17 03:30:00,0.684414267539978,0.0,1.9386810064315796,0.0,0.0,0.711,1.2890000000000001,-0.0
1112,2013-04-17 04:00:00,1.2018935680389404,0.9024953842163086,1.452167272567749,0.0,0.963,0.106,1.4505046157836912,-0.0
1113,2013-04-17 04:30:00,1.7078864574432373,0.7687897086143494,1.8216723203659058,0.0,0.0,0.028,2.0,-0.0
1114,2013-04-17 05:00:00,0.04876403883099556,0.025835052132606506,1.919347882270813,0.0,0.0,0.105,1.8691649478673935,-0.0
1115,2013-04-17 05:30:00,0.021340500563383102,0.0,1.9846081733703613,0.0,0.0,0.698,1.2866081733703614,-0.0
1116,2013-04-17 06:00:00,1.106414556503296,0.8233978152275085,1.560410499572754,0.0,0.0,0.1,2.0,-0.0
1117,2013-04-17 06:30:00,0.07348881661891937,0.0,2.0,0.0,0.0,0.028,1.972,-0.0
1118,2013-04-17 07:00:00,0.00993738230317831,0.0,2.0,0.006,0.0,0.103,1.897,-0.0
1119,2013-04-17 07:30:00,0.03195219486951828,0.0,2.0,0.031,0.0,0.245,1.755,-0.0
1120,2013-04-17 08:00:00,0.0,0.1580224186182022,2.0,0.044,0.0,0.644,1.2419775813817977,-0.0
1121,2013-04-17 08:30:00,1.1322282552719116,0.9255396127700806,1.6443208456039429,0.2,0.0,0.304,1.8865052244663243,-0.0
1122,2013-04-17 09:00:00,0.8149399757385254,0.0,2.0,0.419,0.0,0.13,1.9834947755336758,-0.0
1123,2013-04-17 09:30:00,0.005353245884180069,0.1134578213095665,2.0,0.5379999999999999,0.0,0.058,2.0,-0.0
1124,2013-04-17 10:00:00,0.0,0.08827447891235352,1.979183554649353,0.7440000000000001,0.0,0.35100000000000003,2.0,-0.0
1125,2013-04-17 10:30:00,0.0,0.0,1.9440408945083618,0.9,0.0,0.102,2.0,-0.0
1126,2013-04-17 11:00:00,0.0,0.03046758472919464,1.9171615839004517,0.938,0.0,0.122,2.0,-0.0
1127,2013-04-17 11:30:00,0.0,0.0,1.9217820167541504,1.081,0.0,0.362,2.0,-0.0
1128,2013-04-17 12:00:00,0.0,0.0,1.938258409500122,0.638,0.0,0.21600000000000005,2.0,-0.0
1129,2013-04-17 12:30:00,0.0,0.2014690339565277,1.9088746309280396,1.444,0.0,0.233,2.0,-0.0
1130,2013-04-17 13:00:00,0.0,0.0030128583312034607,1.9766815900802612,1.556,0.0,0.189,2.0,-0.0
1131,2013-04-17 13:30:00,0.0,0.0,2.0,1.3130000000000002,0.0,0.036000000000000004,2.0,-0.0
1132,2013-04-17 14:00:00,0.0,0.02635020762681961,2.0,0.494,0.0,0.179,2.0,-0.0
1133,2013-04-17 14:30:00,0.0,0.3528069853782654,2.0,0.731,0.0,0.109,2.0,-0.0
1134,2013-04-17 15:00:00,0.030420981347560883,0.2845692038536072,2.0,0.269,0.0,0.155,1.799009814798832,-0.0
1135,2013-04-17 15:30:00,0.07618872821331024,0.536828339099884,2.0,0.463,0.0,0.081,2.0,-0.0
1136,2013-04-17 16:00:00,0.06636856496334076,0.35324957966804504,2.0,0.4,0.0,0.109,1.8713818553686141,-0.0
1137,2013-04-17 16:30:00,0.0,0.4610555171966553,2.0,0.131,0.0,0.191,1.7361807720661162,-0.0
1138,2013-04-17 17:00:00,0.5349517464637756,0.5593787431716919,1.992358684539795,0.05,0.0,0.161,1.7072597126960756,-0.0
1139,2013-04-17 17:30:00,0.68243408203125,0.5450489521026611,1.9954265356063843,0.006,0.0,0.155,1.8734316225051881,-0.0
1140,2013-04-17 18:00:00,0.35589414834976196,0.24828721582889557,1.9488106966018677,0.0,0.0,0.21,1.7948495391607284,-0.0
1141,2013-04-17 18:30:00,0.13603535294532776,0.3624892830848694,2.0,0.0,0.0,0.093,1.9548116385936734,-0.0
1142,2013-04-17 19:00:00,0.05492185801267624,0.11345309019088745,1.9578042030334473,0.0,0.0,0.118,1.858923632621766,-0.0
1143,2013-04-17 19:30:00,0.07058236747980118,0.24869093298912048,2.0,0.0,0.0,0.196,1.8374618017673476,-0.0
1144,2013-04-17 20:00:00,0.11906284093856812,0.2587825357913971,2.0,0.0,0.0,0.191,1.8752938606739071,-0.0
1145,2013-04-17 20:30:00,0.14216271042823792,0.19618666172027588,2.0,0.0,0.0,0.27,1.7832256169319094,-0.0
1146,2013-04-17 21:00:00,0.21403264999389648,0.28387343883514404,2.0,0.0,0.0,0.175,1.9746753273010371,-0.0
1147,2013-04-17 21:30:00,0.09935043752193451,0.017241328954696655,2.0,0.0,0.0,0.259,1.7237586710453034,-0.0
1148,2013-04-17 22:00:00,0.019832342863082886,0.34907054901123047,2.0,0.0,0.0,0.172,2.0,-0.0
1149,2013-04-17 22:30:00,0.04622060805559158,0.0,2.0,0.0,0.0,0.19,1.81,-0.0
1150,2013-04-17 23:00:00,0.0,0.1877952218055725,2.0,0.0,0.0,0.037000000000000005,1.7752047781944276,-0.0
1151,2013-04-17 23:30:00,0.0,0.23479336500167847,2.0,0.0,0.0,0.79,1.4247970786094664,-0.0
1152,2013-04-18 00:00:00,0.9496462345123291,0.8162109851837158,1.6326199769973755,0.0,1.081,0.06,1.1931948575973514,-0.0
1153,2013-04-18 00:30:00,1.7412551641464233,0.9286445379257202,1.9497953653335571,0.0,1.263,0.105,1.316965746879577,-0.0
1154,2013-04-18 01:00:00,1.6749286651611328,0.8846954703330994,1.9807757139205933,0.0,1.263,0.052000000000000005,1.1663730359077467,-0.0
1155,2013-04-18 01:30:00,1.6723268032073975,1.1568933725357056,1.894141674041748,0.0,0.494,0.319,1.6973605556488012,-0.0
1156,2013-04-18 02:00:00,1.1820929050445557,0.3796432912349701,1.8271589279174805,0.0,0.556,0.544,1.1256355974674273,-0.0
1157,2013-04-18 02:30:00,1.1273493766784668,1.1464043855667114,1.4330894947052002,0.0,0.6629999999999999,0.57,1.369324419498434,-0.0
1158,2013-04-18 03:00:00,1.0396124124526978,0.8955163359642029,1.7631635665893555,0.0,0.0,0.5489999999999999,1.8168348250389292,-0.0
1159,2013-04-18 03:30:00,1.0597175359725952,0.19298121333122253,1.8144330978393555,0.0,0.031,0.956,1.1863491365909191,-0.0
1160,2013-04-18 04:00:00,1.4552218914031982,1.3056448698043823,1.3531955480575562,0.0,0.975,0.303,1.0436568570137799,-0.0
1161,2013-04-18 04:30:00,1.1041216850280762,1.5769524574279785,1.8490149974822998,0.0,0.0,0.07,2.0,-0.0
1162,2013-04-18 05:00:00,1.2153252363204956,0.10592874139547348,1.9514222145080566,0.0,0.0,0.083,1.8110712586045266,-0.0
1163,2013-04-18 05:30:00,0.06306126713752747,0.3965092599391937,1.991443157196045,0.0,0.0,0.73,1.2513482228517534,-0.0
1164,2013-04-18 06:00:00,1.2747645378112793,1.2835984230041504,1.3687896728515625,0.0,0.0,0.091,2.0,-0.0
1165,2013-04-18 06:30:00,0.9674252867698669,0.07917849719524384,1.9913980960845947,0.0,0.0,0.056,1.8648215028047561,-0.0
1166,2013-04-18 07:00:00,0.03258825093507767,0.37797391414642334,1.9729055166244507,0.006,0.0,0.094,1.7863830802440641,-0.0
1167,2013-04-18 07:30:00,0.12227033078670502,0.4693489074707031,1.9897422790527344,0.044,0.0,0.095,1.7748849320411686,-0.0
1168,2013-04-18 08:00:00,0.16080068051815033,0.5670619010925293,1.9153143167495728,0.056,0.0,0.202,1.5691682348251332,-0.0
1169,2013-04-18 08:30:00,0.9905284643173218,0.9283684492111206,1.7910150289535522,0.163,0.0,0.389,1.2182950811386128,-0.0
1170,2013-04-18 09:00:00,1.1378140449523926,1.4621281623840332,1.667041301727295,0.406,0.0,0.076,1.2132816753387412,-0.0
1171,2013-04-18 09:30:00,1.7207012176513672,1.3075129985809326,1.7900748252868652,0.525,0.0,0.076,1.139923650741585,-0.0
1172,2013-04-18 10:00:00,1.748631477355957,1.1871885061264038,1.7199076414108276,0.731,0.0,0.078,0.9929641923904263,-0.0
1173,2013-04-18 10:30:00,0.45240190625190735,1.0089988708496094,1.748143196105957,0.8059999999999999,0.0,0.114,2.0,-0.0
1174,2013-04-18 11:00:00,0.06129613146185875,0.25448521971702576,1.9757367372512817,0.769,0.0,0.466,1.9872186488211157,-0.0
1175,2013-04-18 11:30:00,0.05302810296416283,0.0475054606795311,1.9684637784957886,1.025,0.0,0.6759999999999999,2.0,-0.0
1176,2013-04-18 12:00:00,0.0,0.0,1.9188588857650757,1.206,0.0,1.047,2.0,-0.0
1177,2013-04-18 12:30:00,0.0,0.01783263310790062,1.9318177700042725,1.044,0.0,0.214,2.0,-0.0
1178,2013-04-18 13:00:00,0.019725365564227104,0.0005511492490768433,1.9256463050842285,1.163,0.0,0.194,2.0,-0.0
1179,2013-04-18 13:30:00,0.0,0.0,1.9417093992233276,1.356,0.0,0.277,2.0,-0.0
1180,2013-04-18 14:00:00,0.0,0.0,1.913179874420166,0.981,0.0,0.13699999999999998,2.0,-0.0
1181,2013-04-18 14:30:00,0.0,0.0,1.9274786710739136,0.25,0.0,0.225,2.0,-0.0
1182,2013-04-18 15:00:00,0.0,0.0,1.8590741157531738,0.625,0.0,0.242,2.0,-0.0
1183,2013-04-18 15:30:00,0.0,0.07662339508533478,1.807634711265564,0.825,0.0,0.303,2.0,-0.0
1184,2013-04-18 16:00:00,0.0,0.03399816155433655,1.7994539737701416,0.6,0.0,0.239,2.0,-0.0
1185,2013-04-18 16:30:00,0.0,0.0533876046538353,1.8642038106918335,0.263,0.0,0.274,1.9356123953461646,-0.0
1186,2013-04-18 17:00:00,0.0,0.12185615301132202,1.8710501194000244,0.056,0.0,0.519,1.5439190562963487,-0.0
1187,2013-04-18 17:30:00,0.42198097705841064,0.6892669200897217,1.7918530702590942,0.013,0.0,0.101,2.0,-0.0
1188,2013-04-18 18:00:00,0.0,0.015044698491692543,1.9419276714324951,0.0,0.0,0.361,1.6239553015083075,-0.0
1189,2013-04-18 18:30:00,0.04863942787051201,0.5344567894935608,1.9465094804763794,0.0,0.0,0.785,1.4326326074898237,-0.0
1190,2013-04-18 19:00:00,1.078418493270874,0.8307963013648987,1.545833706855774,0.0,0.0,0.341,1.962938483655454,-0.0
1191,2013-04-18 19:30:00,0.4536746144294739,0.019769705832004547,2.0,0.0,0.0,0.172,1.8082302941679955,-0.0
1192,2013-04-18 20:00:00,0.0,0.2672480344772339,2.0,0.0,0.0,0.255,1.8612913771867747,-0.0
1193,2013-04-18 20:30:00,0.0,0.08410520106554031,2.0,0.0,0.0,0.214,1.7018947989344597,-0.0
1194,2013-04-18 21:00:00,0.0,0.4407672584056854,2.0,0.0,0.0,0.224,1.9314431437253952,-0.0
1195,2013-04-18 21:30:00,0.0,0.05964354798197746,2.0,0.0,0.0,0.226,1.7143564520180226,-0.0
1196,2013-04-18 22:00:00,0.0,0.5303165912628174,2.0,0.0,0.0,0.126,1.9149705047011376,-0.0
1197,2013-04-18 22:30:00,0.0,0.11051143705844879,2.0,0.0,0.0,0.085,1.974547553539276,-0.0
1198,2013-04-18 23:00:00,0.0,0.08536697179079056,2.0,0.0,0.0,0.063,1.9025379211306575,-0.0
1199,2013-04-18 23:30:00,0.0,0.05464610457420349,2.0,0.0,0.0,0.752,1.1933538954257965,-0.0
1200,2013-04-19 00:00:00,1.3865021467208862,1.0188050270080566,1.5186996459960938,0.0,1.075,0.589,0.9304871821403502,-0.0
1201,2013-04-19 00:30:00,0.9208413362503052,1.3196498155593872,1.8194419145584106,0.0,1.238,0.07400000000000001,1.5073758201599123,-0.0
1202,2013-04-19 01:00:00,1.678242802619934,0.8787227869033813,1.9580049514770508,0.0,1.256,0.062,0.7885255727767941,-0.0
1203,2013-04-19 01:30:00,0.8402381539344788,1.7838308811187744,1.9148563146591187,0.0,0.256,0.071,2.0,-0.0
1204,2013-04-19 02:00:00,1.0982182025909424,0.0,1.9380147457122803,0.0,0.6559999999999999,0.065,1.2790000000000001,-0.0
1205,2013-04-19 02:30:00,1.485624074935913,1.1719220876693726,1.7743113040924072,0.0,0.55,0.065,1.6550779123306274,-0.0
1206,2013-04-19 03:00:00,1.1492071151733398,0.6597660183906555,1.8286564350128174,0.0,0.0,0.075,1.9550781569480897,-0.0
1207,2013-04-19 03:30:00,0.10757453739643097,0.005491577088832855,1.9867116212844849,0.0,0.0,0.731,1.2502200441956521,-0.0
1208,2013-04-19 04:00:00,1.0634655952453613,1.0436599254608154,1.7042206525802612,0.0,0.975,0.079,1.4018999861478803,-0.0
1209,2013-04-19 04:30:00,1.3525161743164062,1.172806739807129,2.0,0.0,0.013,0.05,1.9603932878971106,-0.0
1210,2013-04-19 05:00:00,0.40971362590789795,0.12829723954200745,2.0,0.0,0.0,0.08900000000000001,1.8619161846637715,-0.0
1211,2013-04-19 05:30:00,0.07490625232458115,0.3193912208080292,2.0,0.0,0.0,0.7090000000000001,1.247776409864428,-0.0
1212,2013-04-19 06:00:00,1.1320879459381104,1.1689921617507935,1.6274306774139404,0.0,0.0,0.096,2.0,-0.0
1213,2013-04-19 06:30:00,0.19851148128509521,0.06646966934204102,2.0,0.0,0.0,0.03,1.903530330657959,-0.0
1214,2013-04-19 07:00:00,0.039108507335186005,0.17573443055152893,2.0,0.013,0.0,0.1,1.8912049081325535,-0.0
1215,2013-04-19 07:30:00,0.021193938329815865,0.11236640810966492,2.0,0.044,0.0,0.092,1.9936419606357805,-0.0
1216,2013-04-19 08:00:00,0.0,0.0,2.0,0.044,0.0,0.21,1.834,-0.0
1217,2013-04-19 08:30:00,0.0,0.21711668372154236,2.0,0.16899999999999998,0.0,0.362,1.9218833162784574,-0.0
1218,2013-04-19 09:00:00,0.0,0.06791634857654572,2.0,0.406,0.0,0.094,2.0,-0.0
1219,2013-04-19 09:30:00,0.0,0.07070869207382202,2.0,0.575,0.0,0.17,2.0,-0.0
1220,2013-04-19 10:00:00,0.0,0.06377463042736053,2.0,0.763,0.0,0.31,2.0,-0.0
1221,2013-04-19 10:30:00,0.0,0.0,2.0,0.875,0.0,0.355,2.0,-0.0
1222,2013-04-19 11:00:00,0.00036085545434616506,0.027852028608322144,2.0,0.938,0.0,0.394,2.0,-0.0
1223,2013-04-19 11:30:00,0.0,0.0,2.0,1.131,0.0,0.495,2.0,-0.0
1224,2013-04-19 12:00:00,0.0,0.0,2.0,1.231,0.0,0.415,2.0,-0.0
1225,2013-04-19 12:30:00,0.0,0.0,2.0,0.931,0.0,0.799,2.0,-0.0
1226,2013-04-19 13:00:00,0.016283933073282242,0.0,1.9731383323669434,0.75,0.0,0.603,2.0,-0.0
1227,2013-04-19 13:30:00,0.09510145336389542,0.028991129249334335,1.910838007926941,0.7,0.0,0.375,2.0,-0.0
1228,2013-04-19 14:00:00,0.06645887345075607,0.06854289025068283,1.9021118879318237,0.506,0.0,0.044,2.0,-0.0
1229,2013-04-19 14:30:00,0.021654874086380005,0.16049005091190338,1.883849859237671,0.7440000000000001,0.0,0.999,1.5628550750017167,-0.0
1230,2013-04-19 15:00:00,0.02980596385896206,0.15503047406673431,1.8644189834594727,0.888,0.0,1.528,1.0395825455337762,-0.0
1231,2013-04-19 15:30:00,0.021764488890767097,0.22603431344032288,1.884554386138916,0.438,0.0,1.262,0.8127555838078262,-0.0
1232,2013-04-19 16:00:00,1.1929932832717896,1.3661749362945557,1.9127006530761719,0.613,0.0,0.968,0.814313896089792,-0.0
1233,2013-04-19 16:30:00,0.3446013927459717,0.46435874700546265,1.879754662513733,0.269,0.0,1.162,0.25339591550827034,-0.0
1234,2013-04-19 17:00:00,0.1256638765335083,0.0,1.9711508750915527,0.056,0.0,0.96,1.0111508750915528,-0.0
1235,2013-04-19 17:30:00,1.4158744812011719,1.2654701471328735,1.4946990013122559,0.006,0.0,0.154,2.0,-0.0
1236,2013-04-19 18:00:00,0.12125091999769211,0.0,1.940588116645813,0.0,0.0,0.369,1.631,-0.0
1237,2013-04-19 18:30:00,0.1807544082403183,0.546333909034729,1.9465099573135376,0.0,0.0,0.779,1.4126660909652706,-0.0
1238,2013-04-19 19:00:00,1.004535436630249,0.8447626829147339,1.6051383018493652,0.0,0.0,0.19,2.0,-0.0
1239,2013-04-19 19:30:00,0.12152451276779175,0.0374625064432621,2.0,0.0,0.0,0.223,1.7395374935567378,-0.0
1240,2013-04-19 20:00:00,0.07016640901565552,0.36615777015686035,2.0,0.0,0.0,0.247,1.9077672427296637,-0.0
1241,2013-04-19 20:30:00,0.13913989067077637,0.03873330354690552,2.0,0.0,0.0,0.192,1.7692666964530945,-0.0
1242,2013-04-19 21:00:00,0.13387061655521393,0.26074913144111633,1.9590181112289429,0.0,0.0,0.222,1.978717475652695,-0.0
1243,2013-04-19 21:30:00,0.11496331542730331,0.04609740525484085,1.9151685237884521,0.0,0.0,0.053,1.943467643439769,-0.0
1244,2013-04-19 22:00:00,0.08004264533519745,0.03060734272003174,1.982431411743164,0.0,0.0,0.128,1.8238240690231322,-0.0
1245,2013-04-19 22:30:00,0.06025633215904236,0.17076079547405243,1.961430311203003,0.0,0.0,0.035,1.7888240690231323,-0.0
1246,2013-04-19 23:00:00,0.05461297184228897,0.21902740001678467,1.9166115522384644,0.0,0.0,0.342,1.8613244619369511,-0.0
1247,2013-04-19 23:30:00,0.09383111447095871,0.1381874829530716,1.955909252166748,0.0,0.0,1.186,0.6753244619369512,-0.0
1248,2013-04-20 00:00:00,1.766587495803833,1.8046642541885376,1.565301775932312,0.0,1.081,0.121,1.64268682193756,-0.0
1249,2013-04-20 00:30:00,1.9144182205200195,0.5114368200302124,1.9073458909988403,0.0,1.256,0.518,0.42918953609466737,-0.0
1250,2013-04-20 01:00:00,1.28964102268219,2.0,1.588383436203003,0.0,1.25,0.578,1.3136209278106654,-0.0
1251,2013-04-20 01:30:00,1.339483618736267,1.065112829208374,1.9578381776809692,0.0,0.138,0.523,1.646645315170295,-0.0
1252,2013-04-20 02:00:00,0.7719566822052002,0.5633109211921692,1.6155041456222534,0.0,0.813,0.568,0.7623984484672407,-0.0
1253,2013-04-20 02:30:00,1.1704018115997314,1.482323408126831,1.3308225870132446,0.0,0.413,0.529,2.0,-0.0
1254,2013-04-20 03:00:00,1.1535927057266235,0.02111908793449402,1.9367053508758545,0.0,0.0,0.5589999999999999,1.419880912065506,-0.0
1255,2013-04-20 03:30:00,0.5120037794113159,0.8474189639091492,1.7775799036026,0.0,0.0,1.217,1.0958192119598391,-0.0
1256,2013-04-20 04:00:00,1.4211794137954712,1.333978533744812,1.5272952318191528,0.0,0.919,0.248,1.3073830423355097,-0.0
1257,2013-04-20 04:30:00,1.325411319732666,1.105679988861084,1.8733599185943604,0.0,0.08800000000000001,0.114,2.0,-0.0
1258,2013-04-20 05:00:00,0.19024266302585602,0.09730251133441925,1.9531432390213013,0.0,0.0,0.117,1.7856974886655808,-0.0
1259,2013-04-20 05:30:00,0.017823874950408936,0.4583515226840973,1.9437918663024902,0.0,0.0,0.812,1.1582534999847411,-0.0
1260,2013-04-20 06:00:00,1.2837390899658203,1.1910771131515503,1.4490636587142944,0.0,0.0,0.062,2.0,-0.0
1261,2013-04-20 06:30:00,0.0,0.023429730907082558,2.0,0.0,0.0,0.07200000000000001,1.9045702690929174,-0.0
1262,2013-04-20 07:00:00,0.001055019674822688,0.2173011302947998,2.0,0.0,0.0,0.068,1.9055583315193654,-0.0
1263,2013-04-20 07:30:00,0.011423771269619465,0.16144652664661407,1.9924871921539307,0.0,0.0,0.181,1.8464368103146551,-0.0
1264,2013-04-20 08:00:00,0.0,0.20688419044017792,2.0,0.0,0.0,0.145,1.9552421889305118,-0.0
1265,2013-04-20 08:30:00,0.0,0.016533803194761276,2.0,0.0,0.0,0.34700000000000003,1.6364661968052387,-0.0
1266,2013-04-20 09:00:00,0.012866044417023659,0.6666414737701416,2.0,0.0,0.0,0.109,1.951426132619381,-0.0
1267,2013-04-20 09:30:00,0.0,0.0,2.0,0.0,0.0,0.084,1.916,-0.0
1268,2013-04-20 10:00:00,0.0,0.0,2.0,0.0,0.0,0.375,1.625,-0.0
1269,2013-04-20 10:30:00,0.042778048664331436,0.5971657037734985,2.0,0.0,0.0,0.404,1.7488342962265016,-0.0
1270,2013-04-20 11:00:00,0.4100731611251831,0.3268822431564331,1.9852632284164429,0.0,0.0,0.344,1.831449164390564,-0.0
1271,2013-04-20 11:30:00,0.0426642969250679,0.10115368664264679,2.0,0.0,0.0,0.31,1.5888463133573532,-0.0
1272,2013-04-20 12:00:00,0.007369503378868103,0.667263388633728,2.0,0.0,0.0,0.342,1.8130439846515656,-0.0
1273,2013-04-20 12:30:00,0.24813222885131836,0.11142146587371826,2.0,0.0,0.0,0.841,1.0475785341262818,-0.0
1274,2013-04-20 13:00:00,1.3005952835083008,1.310093641281128,1.527971625328064,0.0,0.0,0.303,2.0,-0.0
1275,2013-04-20 13:30:00,0.5387254357337952,0.0,2.0,0.0,0.0,0.147,1.853,-0.0
1276,2013-04-20 14:00:00,0.0,0.07844755053520203,2.0,0.0,0.0,1.23,0.691552449464798,-0.0
1277,2013-04-20 14:30:00,1.7331974506378174,1.7622451782226562,1.747161626815796,0.0,0.0,1.64,1.2146499228477479,-0.0
1278,2013-04-20 15:00:00,1.6194428205490112,1.223555088043213,1.6991734504699707,0.0,0.0,1.72,0.627145066261291,-0.0
1279,2013-04-20 15:30:00,1.812575340270996,1.859803318977356,1.9273475408554077,0.0,0.0,1.641,1.2449065485000617,-0.0
1280,2013-04-20 16:00:00,1.700039029121399,1.2520142793655396,1.7441991567611694,0.138,0.0,0.642,1.3401726236343374,-0.0
1281,2013-04-20 16:30:00,1.1150527000427246,0.9070318937301636,1.6812500953674316,0.225,0.0,0.069,1.8936228590011615,-0.0
1282,2013-04-20 17:00:00,0.09119268506765366,0.09688640385866165,2.0,0.08800000000000001,0.0,0.112,1.8278678781390152,-0.0
1283,2013-04-20 17:30:00,0.026211820542812347,0.2646998465061188,2.0,0.019,0.0,0.053,1.9885643972158507,-0.0
1284,2013-04-20 18:00:00,0.0,0.023120706900954247,2.0,0.0,0.0,0.508,1.4917504986673444,-0.0
1285,2013-04-20 18:30:00,0.211668461561203,0.8111536502838135,2.0,0.0,0.0,0.202,2.0,-0.0
1286,2013-04-20 19:00:00,0.030721507966518402,0.06089610606431961,2.0,0.0,0.0,0.197,1.7421038939356803,-0.0
1287,2013-04-20 19:30:00,0.0,0.5555887222290039,2.0,0.0,0.0,0.257,1.7032034898996353,-0.0
1288,2013-04-20 20:00:00,0.07184789329767227,0.6647659540176392,1.926201343536377,0.0,0.0,0.173,1.7558270661830901,-0.0
1289,2013-04-20 20:30:00,0.07584571093320847,0.5071357488632202,1.8616570234298706,0.0,0.0,0.263,1.7182101187705996,-0.0
1290,2013-04-20 21:00:00,0.12656065821647644,0.5840792655944824,1.8456348180770874,0.0,0.0,0.171,1.8085004968643184,-0.0
1291,2013-04-20 21:30:00,0.04517257958650589,0.44130122661590576,1.8533549308776855,0.0,0.0,0.15,1.7916977796554578,-0.0
1292,2013-04-20 22:00:00,0.0,0.5385833382606506,1.939551830291748,0.0,0.0,0.057,1.821021102428434,-0.0
1293,2013-04-20 22:30:00,0.0,0.41729408502578735,1.983104944229126,0.0,0.0,0.124,1.816663710117345,-0.0
1294,2013-04-20 23:00:00,0.0,0.419226735830307,1.9443036317825317,0.0,0.0,0.032,1.9154458439350028,-0.0
1295,2013-04-20 23:30:00,0.0,0.19995684921741486,1.926472544670105,0.0,0.0,0.825,1.1441514629125795,-0.0
1296,2013-04-21 00:00:00,1.295228362083435,1.2676652669906616,1.3411611318588257,0.0,1.081,0.593,0.7700318071841796,-0.0
1297,2013-04-21 00:30:00,0.8915006518363953,1.655997395515442,1.7565547227859497,0.0,1.263,0.139,1.4019389901161992,-0.0
1298,2013-04-21 01:00:00,1.6431618928909302,1.0681506395339966,1.818687081336975,0.0,1.231,0.044,0.852971380233605,-0.0
1299,2013-04-21 01:30:00,1.2152681350708008,1.843230962753296,1.7808377742767334,0.0,0.7190000000000001,0.09,1.6418262767794942,-0.0
1300,2013-04-21 02:00:00,1.5291776657104492,0.8588210344314575,1.8189663887023926,0.0,0.131,0.043,1.6835264120095539,-0.0
1301,2013-04-21 02:30:00,0.22702443599700928,0.7594923973083496,1.8141416311264038,0.0,1.075,0.093,0.7054547786725425,-0.0
1302,2013-04-21 03:00:00,0.9731420278549194,1.8000179529190063,1.73710298538208,0.0,0.0,0.039,2.0,-0.0
1303,2013-04-21 03:30:00,0.0,0.16534537076950073,1.8692525625228882,0.0,0.0,0.768,1.0666546292304993,-0.0
1304,2013-04-21 04:00:00,1.3582510948181152,1.3667025566101074,1.3505957126617432,0.0,0.406,0.028,2.0,-0.0
1305,2013-04-21 04:30:00,0.3853989243507385,0.13836662471294403,1.8916268348693848,0.0,0.613,0.095,1.153633375287056,-0.0
1306,2013-04-21 05:00:00,1.3021392822265625,1.328715443611145,1.6981964111328125,0.0,0.0,0.5820000000000001,1.7820178058147433,-0.0
1307,2013-04-21 05:30:00,0.6788482666015625,0.35965874791145325,1.5348308086395264,0.0,0.0,1.166,0.9103056404590602,-0.0
1308,2013-04-21 06:00:00,1.5225176811218262,1.4726295471191406,1.3170502185821533,0.0,0.0,0.579,2.0,-0.0
1309,2013-04-21 06:30:00,0.6221539378166199,0.00879180058836937,1.8792146444320679,0.0,0.0,0.094,1.8972081994116305,-0.0
1310,2013-04-21 07:00:00,0.0,0.13831491768360138,1.9586530923843384,0.006,0.0,0.043,2.0,-0.0
1311,2013-04-21 07:30:00,0.007694703061133623,0.06034008786082268,2.0,0.025,0.0,0.08199999999999999,1.8749652090780435,-0.0
1312,2013-04-21 08:00:00,0.01496412605047226,0.11456729471683502,2.0,0.038,0.0,0.107,2.0,-0.0
1313,2013-04-21 08:30:00,0.05665218085050583,0.04942451789975166,2.0,0.056,0.0,0.418,1.5325754821002484,-0.0
1314,2013-04-21 09:00:00,0.12765538692474365,0.7452000975608826,2.0,0.35,0.0,0.133,2.0,-0.0
1315,2013-04-21 09:30:00,0.007420442532747984,0.012719730846583843,2.0,0.525,0.0,0.066,2.0,-0.0
1316,2013-04-21 10:00:00,0.00022787762281950563,0.00592595711350441,2.0,0.75,0.0,0.562,2.0,-0.0
1317,2013-04-21 10:30:00,0.0,0.0,2.0,0.8440000000000001,0.0,0.067,2.0,-0.0
1318,2013-04-21 11:00:00,0.03077925182878971,0.0,2.0,0.994,0.0,0.122,2.0,-0.0
1319,2013-04-21 11:30:00,0.0,0.0,2.0,1.075,0.0,0.09,2.0,-0.0
1320,2013-04-21 12:00:00,0.0,0.0,1.951640009880066,1.331,0.0,0.117,2.0,-0.0
1321,2013-04-21 12:30:00,0.0,0.0,1.97830331325531,1.094,0.0,0.033,2.0,-0.0
1322,2013-04-21 13:00:00,0.049956876784563065,0.0,2.0,0.688,0.0,0.106,2.0,-0.0
1323,2013-04-21 13:30:00,0.07410896569490433,0.0,2.0,0.8690000000000001,0.0,0.035,2.0,-0.0
1324,2013-04-21 14:00:00,0.07670573890209198,0.0,2.0,0.794,0.0,0.105,2.0,-0.0
1325,2013-04-21 14:30:00,0.09287820756435394,0.0,1.9462759494781494,1.138,0.0,0.034,2.0,-0.0
1326,2013-04-21 15:00:00,0.06372310221195221,0.0,1.9460177421569824,1.106,0.0,0.107,2.0,-0.0
1327,2013-04-21 15:30:00,0.00914069451391697,0.0,1.9558873176574707,0.7190000000000001,0.0,0.041,2.0,-0.0
1328,2013-04-21 16:00:00,0.06838635355234146,0.0,1.9753998517990112,0.319,0.0,0.1,2.0,-0.0
1329,2013-04-21 16:30:00,0.06091108173131943,0.0,2.0,0.131,0.0,0.059,2.0,-0.0
1330,2013-04-21 17:00:00,0.041226599365472794,0.0,2.0,0.05,0.0,0.165,1.843773400634527,-0.0
1331,2013-04-21 17:30:00,0.04997570440173149,0.05346972495317459,2.0,0.006,0.0,0.124,1.8225302750468253,-0.0
1332,2013-04-21 18:00:00,0.04552500322461128,0.11438320577144623,2.0,0.0,0.0,0.16699999999999998,1.7186167942285537,-0.0
1333,2013-04-21 18:30:00,0.002735644578933716,0.3520648777484894,2.0,0.0,0.0,0.451,1.7597015337944026,-0.0
1334,2013-04-21 19:00:00,0.07452179491519928,0.1979948878288269,2.0,0.0,0.0,0.16399999999999998,1.6380051121711732,-0.0
1335,2013-04-21 19:30:00,0.08544574677944183,0.591934859752655,2.0,0.0,0.0,0.35700000000000004,1.7750549159049982,-0.0
1336,2013-04-21 20:00:00,0.23622000217437744,0.33786770701408386,2.0,0.0,0.0,0.27,1.8420224611759202,-0.0
1337,2013-04-21 20:30:00,0.12125202268362045,0.13380911946296692,2.0,0.0,0.0,0.303,1.5631908805370331,-0.0
1338,2013-04-21 21:00:00,0.21980296075344086,0.6764261722564697,2.0,0.0,0.0,0.234,1.963192066669464,-0.0
1339,2013-04-21 21:30:00,0.1552218198776245,0.06541562080383301,2.0,0.0,0.0,0.2,1.808200245857239,-0.0
1340,2013-04-21 22:00:00,0.12582659721374512,0.3154090940952301,2.0,0.0,0.0,0.163,1.9051904141902922,-0.0
1341,2013-04-21 22:30:00,0.10021373629570007,0.16936269402503967,2.0,0.0,0.0,0.046,1.9742564775943763,-0.0
1342,2013-04-21 23:00:00,0.10381621867418289,0.09704941511154175,2.0,0.0,0.0,0.397,1.557437629699706,-0.0
1343,2013-04-21 23:30:00,0.20803703367710114,0.7220918536186218,2.0,0.0,0.0,1.181,0.9820328869819663,-0.0
1344,2013-05-13 00:00:00,1.666190266609192,1.4844937324523926,1.5487066507339478,0.0,1.063,0.11,1.3784404935836747,-0.0
1345,2013-05-13 00:30:00,1.7266286611557007,0.9335939288139343,2.0,0.0,1.219,0.146,0.9445250840187162,-0.0
1346,2013-05-13 01:00:00,1.3769917488098145,1.375893235206604,1.9469817876815796,0.0,0.838,0.129,1.7680565967559638,-0.0
1347,2013-05-13 01:30:00,1.4452409744262695,0.30574139952659607,2.0,0.0,0.825,0.5429999999999999,0.7901454069614764,-0.0
1348,2013-05-13 02:00:00,1.1376879215240479,1.4405189752578735,1.518039584159851,0.0,0.6,0.534,1.8451902108191736,-0.0
1349,2013-05-13 02:30:00,1.160815954208374,0.1394558697938919,1.8837776184082031,0.0,0.6629999999999999,0.584,0.5981902108191738,-0.0
1350,2013-05-13 03:00:00,1.3053981065750122,1.6637241840362549,1.3118045330047607,0.0,0.606,0.542,1.9918953943253974,-0.0
1351,2013-05-13 03:30:00,1.4968225955963135,0.0022758236154913902,2.0,0.0,0.381,1.219,0.3977241763845085,-0.0
1352,2013-05-13 04:00:00,1.4576222896575928,2.0,1.9720646142959595,0.0,0.325,0.073,2.0,-0.0
1353,2013-05-13 04:30:00,0.8040132522583008,0.04228507727384567,2.0,0.0,0.231,0.09,1.6367149227261544,-0.0
1354,2013-05-13 05:00:00,0.09088359773159027,0.6029772162437439,2.0,0.0,0.313,0.056,1.7545929383039471,-0.0
1355,2013-05-13 05:30:00,0.29028934240341187,0.45622262358665466,1.9485061168670654,0.0,0.063,1.449,0.522591499805451,-0.0
1356,2013-05-13 06:00:00,1.745559811592102,1.8623270988464355,1.8660180568695068,0.0,0.238,0.6890000000000001,2.0,-0.0
1357,2013-05-13 06:30:00,1.323218822479248,0.0,1.9019699096679688,0.0,0.0,0.095,1.905,-0.0
1358,2013-05-13 07:00:00,0.0,0.05757579579949379,1.9930486679077148,0.0,0.0,0.031,1.9044728721082211,-0.0
1359,2013-05-13 07:30:00,0.0,0.11093568801879883,1.9546589851379395,0.056,0.0,0.095,2.0,-0.0
1360,2013-05-13 08:00:00,0.0,0.019079728052020073,1.957173466682434,0.094,0.0,0.166,1.9089202719479799,-0.0
1361,2013-05-13 08:30:00,0.0,0.06568604707717896,1.9582500457763672,0.106,0.0,0.391,1.6239202719479797,-0.0
1362,2013-05-13 09:00:00,0.03864761069417,0.6581319570541382,2.0,0.188,0.0,0.113,2.0,-0.0
1363,2013-05-13 09:30:00,0.0,0.11240094900131226,2.0,0.338,0.0,0.094,2.0,-0.0
1364,2013-05-13 10:00:00,0.0,0.09685938060283661,2.0,0.375,0.0,0.128,2.0,-0.0
1365,2013-05-13 10:30:00,0.0,0.05387004464864731,2.0,0.519,0.0,0.079,2.0,-0.0
1366,2013-05-13 11:00:00,0.0,0.15142136812210083,2.0,0.581,0.0,0.111,2.0,-0.0
1367,2013-05-13 11:30:00,0.0,0.2138330638408661,2.0,0.606,0.0,0.239,2.0,-0.0
1368,2013-05-13 12:00:00,0.0,0.15106861293315887,2.0,0.688,0.0,0.192,2.0,-0.0
1369,2013-05-13 12:30:00,0.0,0.20838183164596558,2.0,0.8,0.0,0.052000000000000005,2.0,-0.0
1370,2013-05-13 13:00:00,0.0,0.15338686108589172,2.0,0.644,0.0,0.09,2.0,-0.0
1371,2013-05-13 13:30:00,0.02040271833539009,0.22616524994373322,1.9805136919021606,0.269,0.0,0.086,1.9364320317208767,-0.0
1372,2013-05-13 14:00:00,0.0,0.14167113602161407,1.996849775314331,0.25,0.0,0.109,2.0,-0.0
1373,2013-05-13 14:30:00,0.010048894211649895,0.04284773766994476,2.0,0.225,0.0,0.078,2.0,-0.0
1374,2013-05-13 15:00:00,0.08614891022443771,0.05646279826760292,2.0,0.306,0.0,0.14,2.0,-0.0
1375,2013-05-13 15:30:00,0.0874929204583168,0.02537965402007103,1.9726660251617432,0.225,0.0,0.063,2.0,-0.0
1376,2013-05-13 16:00:00,0.030646229162812233,0.08218756318092346,1.9331097602844238,0.163,0.0,0.255,1.7951662076562642,-0.0
1377,2013-05-13 16:30:00,0.05281306058168411,0.4516357183456421,1.8529341220855713,0.05,0.0,0.18,1.6780318663418292,-0.0
1378,2013-05-13 17:00:00,0.11330258846282959,0.570890486240387,1.9059860706329346,0.006,0.0,0.16399999999999998,1.8970457810759545,-0.0
1379,2013-05-13 17:30:00,0.0785030722618103,0.08108150213956833,1.904888391494751,0.0,0.0,0.141,1.7560457810759544,-0.0
1380,2013-05-13 18:00:00,0.023920400068163872,0.3955783247947693,2.0,0.0,0.0,0.185,1.9073301130533218,-0.0
1381,2013-05-13 18:30:00,0.00951020885258913,0.08061280846595764,1.9947402477264404,0.0,0.0,0.204,1.7101274392604828,-0.0
1382,2013-05-13 19:00:00,0.0,0.5254926085472107,1.98909330368042,0.0,0.0,0.664,1.390252512931823,-0.0
1383,2013-05-13 19:30:00,0.9776290059089661,0.8696497082710266,1.5853828191757202,0.0,0.0,0.292,2.0,-0.0
1384,2013-05-13 20:00:00,0.007625676691532135,0.03990573436021805,2.0,0.0,0.0,0.28300000000000003,1.677094265639782,-0.0
1385,2013-05-13 20:30:00,0.0,0.5863988995552063,2.0,0.0,0.0,0.269,1.7904125691652295,-0.0
1386,2013-05-13 21:00:00,0.06660118699073792,0.3521376848220825,2.0,0.0,0.0,0.181,1.8860371768474584,-0.0
1387,2013-05-13 21:30:00,0.027401287108659744,0.09968708455562592,2.0,0.0,0.0,0.223,1.677312915444374,-0.0
1388,2013-05-13 22:00:00,0.08945216238498688,0.5836451649665833,2.0,0.0,0.0,0.129,1.9327290041446683,-0.0
1389,2013-05-13 22:30:00,0.11274535953998566,0.10023586452007294,2.0,0.0,0.0,0.061,1.9733061271905905,-0.0
1390,2013-05-13 23:00:00,0.11691076308488846,0.1423318088054657,2.0,0.0,0.0,0.12,1.7910559368133532,-0.0
1391,2013-05-13 23:30:00,0.09106165915727615,0.4016945958137512,2.0,0.0,0.0,0.679,1.3371935305595424,-0.0
1392,2013-05-14 00:00:00,1.0602771043777466,1.041645884513855,1.6796902418136597,0.0,1.063,0.092,1.1289670543670605,-0.0
1393,2013-05-14 00:30:00,1.4841192960739136,1.248653531074524,2.0,0.0,1.219,0.029,1.2454123601913552,-0.0
1394,2013-05-14 01:00:00,1.5964689254760742,1.1537818908691406,1.9853745698928833,0.0,1.138,0.115,1.1023933887481494,-0.0
1395,2013-05-14 01:30:00,1.502129316329956,1.335683822631836,1.938003420829773,0.0,0.631,0.029,1.7995293998718653,-0.0
1396,2013-05-14 02:00:00,1.3850904703140259,0.5258334279060364,2.0,0.0,0.456,0.113,1.3061077723502332,-0.0
1397,2013-05-14 02:30:00,1.4899017810821533,1.1786463260650635,1.8434749841690063,0.0,0.456,0.028,1.7251381292344699,-0.0
1398,2013-05-14 03:00:00,1.1783642768859863,0.7176603078842163,1.923146367073059,0.0,0.338,0.131,1.3630634336468441,-0.0
1399,2013-05-14 03:30:00,1.3612868785858154,1.0507701635360718,1.7950717210769653,0.0,0.35600000000000004,0.672,1.19510296917024,-0.0
1400,2013-05-14 04:00:00,1.1016253232955933,1.1508437395095825,1.5324347019195557,0.0,0.281,0.101,2.0,-0.0
1401,2013-05-14 04:30:00,0.2559219002723694,0.06350572407245636,2.0,0.0,0.306,0.037000000000000005,1.5934942759275437,-0.0
1402,2013-05-14 05:00:00,0.11281611025333405,0.7008845210075378,2.0,0.0,0.319,0.117,1.6761269271373749,-0.0
1403,2013-05-14 05:30:00,0.5628445744514465,0.6837671399116516,1.9699573516845703,0.0,0.188,1.3869999999999998,0.3889790058135989,-0.0
1404,2013-05-14 06:00:00,1.4899852275848389,2.0,1.9393798112869263,0.0,0.05,0.738,2.0,-0.0
1405,2013-05-14 06:30:00,0.8835016489028931,0.044040579348802567,1.676677942276001,0.0,0.0,0.05,1.9059594206511974,-0.0
1406,2013-05-14 07:00:00,0.16330347955226898,0.13948626816272736,1.9463998079299927,0.0,0.0,0.111,1.9375948905348777,-0.0
1407,2013-05-14 07:30:00,0.09437041729688644,0.0219956636428833,1.9557595252990723,0.019,0.0,0.043,1.9135948905348776,-0.0
1408,2013-05-14 08:00:00,0.05684807896614075,0.06743402034044266,1.9418190717697144,0.063,0.0,0.154,1.8438319616913799,-0.0
1409,2013-05-14 08:30:00,0.08127061277627945,0.1575925499200821,1.8877619504928589,0.081,0.0,0.396,1.5967435266971584,-0.0
1410,2013-05-14 09:00:00,0.15313753485679626,0.5775911808013916,1.850921630859375,0.119,0.0,0.15,1.8409217658042916,-0.0
1411,2013-05-14 09:30:00,0.008585894480347633,0.24321532249450684,1.8568110466003418,0.188,0.0,0.104,2.0,-0.0
1412,2013-05-14 10:00:00,0.0,0.0665150135755539,1.8345004320144653,0.431,0.0,0.059,2.0,-0.0
1413,2013-05-14 10:30:00,0.013138627633452415,0.09531374275684357,1.7481528520584106,0.669,0.0,0.184,2.0,-0.0
1414,2013-05-14 11:00:00,0.01086196955293417,0.1498628854751587,1.8114361763000488,0.8190000000000001,0.0,0.442,2.0,-0.0
1415,2013-05-14 11:30:00,0.024918774142861366,0.0,1.797296404838562,0.8809999999999999,0.0,0.317,2.0,-0.0
1416,2013-05-14 12:00:00,0.012390433810651302,0.10562390089035034,1.8417497873306274,0.919,0.0,0.24,2.0,-0.0
1417,2013-05-14 12:30:00,0.0,0.16018925607204437,1.9121462106704712,1.144,0.0,0.155,2.0,-0.0
1418,2013-05-14 13:00:00,0.0,0.1426975131034851,1.9592608213424683,1.225,0.0,0.032,2.0,-0.0
1419,2013-05-14 13:30:00,0.0,0.18263961374759674,1.9002255201339722,1.238,0.0,0.119,2.0,-0.0
1420,2013-05-14 14:00:00,0.0,0.0834820345044136,1.9460924863815308,1.194,0.0,0.045,2.0,-0.0
1421,2013-05-14 14:30:00,0.0,0.15614815056324005,1.9220702648162842,1.063,0.0,0.439,2.0,-0.0
1422,2013-05-14 15:00:00,0.002232837723568082,0.010573634877800941,1.921453595161438,0.925,0.0,0.1,2.0,-0.0
1423,2013-05-14 15:30:00,0.01800009422004223,0.2773926258087158,1.937106728553772,0.706,0.0,0.18600000000000005,2.0,-0.0
1424,2013-05-14 16:00:00,0.029366599395871162,0.2247992753982544,1.9185220003128052,0.381,0.0,0.303,1.8238341252058747,-0.0
1425,2013-05-14 16:30:00,0.08129066228866577,0.29869431257247925,2.0,0.106,0.0,0.327,1.5887654501497739,-0.0
1426,2013-05-14 17:00:00,0.5996739268302917,0.6114652156829834,1.8678137063980103,0.006,0.0,0.908,1.2910038840174685,-0.0
1427,2013-05-14 17:30:00,1.459989070892334,1.035509467124939,1.5943301916122437,0.0,0.0,0.192,2.0,-0.0
1428,2013-05-14 18:00:00,0.6132775545120239,0.0,1.9730702638626099,0.0,0.0,0.149,1.851,-0.0
1429,2013-05-14 18:30:00,0.1452469527721405,0.10356604307889938,1.9521136283874512,0.0,0.0,0.5920000000000001,1.259,-0.0
1430,2013-05-14 19:00:00,1.4460264444351196,0.9272169470787048,1.645046591758728,0.0,0.0,0.21,2.0,-0.0
1431,2013-05-14 19:30:00,0.306507408618927,0.0,2.0,0.0,0.0,0.184,1.816,-0.0
1432,2013-05-14 20:00:00,0.06804899871349335,0.20183084905147552,2.0,0.0,0.0,0.268,1.8981691509485248,-0.0
1433,2013-05-14 20:30:00,0.0,0.16789960861206055,2.0,0.0,0.0,0.181,1.8547620894908894,-0.0
1434,2013-05-14 21:00:00,0.0,0.20677077770233154,2.0,0.0,0.0,0.269,1.8147050433158896,-0.0
1435,2013-05-14 21:30:00,0.0026861950755119324,0.2745792269706726,2.0,0.0,0.0,0.157,1.9390106863975483,-0.0
1436,2013-05-14 22:00:00,0.0,0.1297169029712677,2.0,0.0,0.0,0.205,1.7872617242336357,-0.0
1437,2013-05-14 22:30:00,0.0303652286529541,0.3708173632621765,2.0,0.0,0.0,0.049,2.0,-0.0
1438,2013-05-14 23:00:00,0.011640848591923714,0.16880953311920166,2.0,0.0,0.0,0.126,1.7051904668807984,-0.0
1439,2013-05-14 23:30:00,0.05727978050708771,0.6301038861274719,2.0,0.0,0.0,0.687,1.2725151801109311,-0.0
1440,2013-05-15 00:00:00,1.0799919366836548,1.1698720455169678,1.736751914024353,0.0,1.063,0.068,1.1540975942611702,-0.0
1441,2013-05-15 00:30:00,1.6845371723175049,1.4630928039550781,2.0,0.0,1.225,0.039,0.9647120075225813,-0.0
1442,2013-05-15 01:00:00,1.6504305601119995,1.7491848468780518,2.0,0.0,1.225,0.557,0.5393911380767856,-0.0
1443,2013-05-15 01:30:00,0.5430883169174194,2.0,1.991974949836731,0.0,1.031,0.848,1.0422177238464285,-0.0
1444,2013-05-15 02:00:00,0.9627586603164673,1.4434534311294556,2.0,0.0,0.569,0.894,1.0091111211776873,-0.0
1445,2013-05-15 02:30:00,1.1377156972885132,1.3588979244232178,1.8708299398422241,0.0,0.6,0.573,1.4498798332214076,-0.0
1446,2013-05-15 03:00:00,0.9158025979995728,0.8605191111564636,1.9193311929702759,0.0,0.6629999999999999,0.605,0.9717212224007215,-0.0
1447,2013-05-15 03:30:00,1.0761067867279053,1.435582160949707,1.6508620977401733,0.0,0.469,1.158,0.9939753942488503,-0.0
1448,2013-05-15 04:00:00,1.3232154846191406,1.294260025024414,1.710722804069519,0.0,0.35,0.578,1.7897891864778854,-0.0
1449,2013-05-15 04:30:00,0.8399294018745422,0.3072667717933655,1.7033759355545044,0.0,0.369,0.219,1.5251548552508636,-0.0
1450,2013-05-15 05:00:00,0.8916581273078918,0.7469885945320129,1.7990843057632446,0.0,0.338,0.112,1.7527016949662597,-0.0
1451,2013-05-15 05:30:00,0.8032259941101074,0.57330721616745,1.896501898765564,0.0,0.3,0.662,0.9592893939000305,-0.0
1452,2013-05-15 06:00:00,1.2518073320388794,1.285911202430725,1.4757144451141357,0.0,0.119,0.087,2.0,-0.0
1453,2013-05-15 06:30:00,0.2538493275642395,0.09407160431146622,1.9809788465499878,0.0,0.16899999999999998,0.027000000000000003,1.7099283956885338,-0.0
1454,2013-05-15 07:00:00,0.10129043459892273,0.5010966062545776,1.922789454460144,0.0,0.0,0.08900000000000001,1.9900466023683543,-0.0
1455,2013-05-15 07:30:00,0.019017154350876808,0.04191691428422928,1.9412524700164795,0.013,0.0,0.026,1.9420364833474164,-0.0
1456,2013-05-15 08:00:00,0.02246100828051567,0.12368638813495636,1.8511525392532349,0.025,0.0,0.233,1.7168576203286636,-0.0
1457,2013-05-15 08:30:00,0.037866052240133286,0.5399331450462341,1.8957109451293945,0.031,0.0,0.07200000000000001,1.8923516142964385,-0.0
1458,2013-05-15 09:00:00,0.04140505939722061,0.18779918551445007,1.976279377937317,0.05,0.0,0.369,1.5842824077010111,-0.0
1459,2013-05-15 09:30:00,0.29962754249572754,0.6006700992584229,1.9297419786453247,0.344,0.0,0.133,1.542882457852372,-0.0
1460,2013-05-15 10:00:00,1.100216269493103,0.5639404058456421,1.8923941850662231,0.588,0.0,0.152,1.741177136301986,-0.0
1461,2013-05-15 10:30:00,0.12686115503311157,0.6744292974472046,1.986972451210022,0.75,0.0,0.1,2.0,-0.0
1462,2013-05-15 11:00:00,0.021481774747371674,0.7299261689186096,2.0,0.813,0.0,0.275,1.7865920563340185,-0.0
1463,2013-05-15 11:30:00,0.04188518598675728,0.6813488006591797,1.9870455265045166,0.875,0.0,0.222,2.0,-0.0
1464,2013-05-15 12:00:00,0.023254187777638435,0.773807942867279,2.0,0.963,0.0,0.5329999999999999,1.6329378693550827,-0.0
1465,2013-05-15 12:30:00,0.0,0.48713845014572144,1.9957891702651978,1.131,0.0,0.228,2.0,-0.0
1466,2013-05-15 13:00:00,0.0,1.0243079662322998,2.0,1.206,0.0,0.146,2.0,-0.0
1467,2013-05-15 13:30:00,0.0,0.9780505299568176,2.0,1.269,0.0,0.183,2.0,-0.0
1468,2013-05-15 14:00:00,0.0,1.1207735538482666,1.9517242908477783,1.213,0.0,0.111,1.9812264461517335,-0.0
1469,2013-05-15 14:30:00,0.0,1.1094059944152832,1.9392528533935547,1.15,0.0,0.273,1.8051411132812496,-0.0
1470,2013-05-15 15:00:00,0.0,1.043519139289856,1.858458161354065,0.95,0.0,0.285,2.0,-0.0
1471,2013-05-15 15:30:00,0.0,0.895146906375885,1.8473669290542603,0.7809999999999999,0.0,0.322,1.5638530936241146,-0.0
1472,2013-05-15 16:00:00,0.0,0.7638984322547913,1.804678201675415,0.413,0.0,0.297,2.0,-0.0
1473,2013-05-15 16:30:00,0.0,0.22001901268959045,1.9699419736862183,0.081,0.0,0.584,1.2769809873104094,-0.0
1474,2013-05-15 17:00:00,1.1129064559936523,1.1687647104263306,1.5332112312316895,0.006,0.0,0.35100000000000003,1.9142733149528504,-0.0
1475,2013-05-15 17:30:00,1.0828593969345093,0.10990811139345169,2.0,0.0,0.0,0.215,1.846545258700848,-0.0
1476,2013-05-15 18:00:00,0.0,0.20406359434127808,2.0,0.0,0.0,0.362,1.7408458882570255,-0.0
1477,2013-05-15 18:30:00,0.0,0.34501928091049194,2.0,0.0,0.0,0.278,1.895288942575457,-0.0
1478,2013-05-15 19:00:00,0.0,0.008832044899463654,2.0,0.0,0.0,0.07400000000000001,1.9171679551005363,-0.0
1479,2013-05-15 19:30:00,0.0,0.03938358277082443,2.0,0.0,0.0,0.159,1.8016164172291755,-0.0
1480,2013-05-15 20:00:00,0.0,0.02390877902507782,2.0,0.0,0.0,0.077,1.8990912209749222,-0.0
1481,2013-05-15 20:30:00,0.0,0.0,2.0,0.0,0.0,0.202,1.798,-0.0
1482,2013-05-15 21:00:00,0.0,0.017341889441013336,2.0,0.0,0.0,0.188,1.7946581105589867,-0.0
1483,2013-05-15 21:30:00,0.0,0.04247205704450607,2.0,0.0,0.0,0.26,1.697527942955494,-0.0
1484,2013-05-15 22:00:00,0.0,0.2640461027622223,2.0,0.0,0.0,0.202,1.5339538972377778,-0.0
1485,2013-05-15 22:30:00,0.24081489443778992,0.7371510863304138,2.0,0.0,0.0,0.171,2.0,-0.0
1486,2013-05-15 23:00:00,0.6726749539375305,0.0,2.0,0.0,0.0,0.103,1.897,-0.0
1487,2013-05-15 23:30:00,0.0,0.034019049257040024,2.0,0.0,0.0,0.7040000000000001,1.2619809507429598,-0.0
1488,2013-05-16 00:00:00,1.1858750581741333,1.0345381498336792,1.7862660884857178,0.0,1.05,0.162,1.2294999486804012,-0.0
1489,2013-05-16 00:30:00,1.4052345752716064,1.1991081237792969,2.0,0.0,1.238,0.053,1.0508919788599005,-0.0
1490,2013-05-16 01:00:00,1.6237149238586426,1.4164257049560547,2.0,0.0,1.238,0.078,1.165790337324144,-0.0
1491,2013-05-16 01:30:00,1.708163857460022,1.2472728490829468,2.0,0.0,0.863,0.043,1.5151464762687652,-0.0
1492,2013-05-16 02:00:00,1.799370527267456,0.9109269380569458,2.0,0.0,0.506,0.086,1.4667801094055235,-0.0
1493,2013-05-16 02:30:00,1.5335582494735718,0.8896849751472473,1.967020869255066,0.0,0.388,0.032,1.7567548060417053,-0.0
1494,2013-05-16 03:00:00,1.4906623363494873,0.38571086525917053,1.9529045820236206,0.0,0.6,0.117,1.3837795226574188,-0.0
1495,2013-05-16 03:30:00,1.4628983736038208,0.9925165176391602,1.8561030626296997,0.0,0.444,0.664,1.1319244370460022,-0.0
1496,2013-05-16 04:00:00,1.2198057174682617,1.1366825103759766,1.7575539350509644,0.0,0.35,0.099,2.0,-0.0
1497,2013-05-16 04:30:00,1.5391955375671387,0.0991184413433075,2.0,0.0,0.038,0.026,1.8368815586566924,-0.0
1498,2013-05-16 05:00:00,0.08467020094394684,0.35213008522987366,1.996718406677246,0.0,0.25,0.12,1.6041067974567413,-0.0
1499,2013-05-16 05:30:00,0.7025320529937744,0.8128017783164978,1.963733434677124,0.0,0.306,0.66,1.0129846267700193,-0.0
1500,2013-05-16 06:00:00,1.1760667562484741,1.3797614574432373,1.6741373538970947,0.0,0.263,0.095,2.0,-0.0
1501,2013-05-16 06:30:00,1.454303503036499,0.16949200630187988,2.0,0.0,0.013,0.027000000000000003,1.7905079936981203,-0.0
1502,2013-05-16 07:00:00,0.0,0.7214220762252808,2.0,0.0,0.0,0.096,1.6015619363784788,-0.0
1503,2013-05-16 07:30:00,0.7925984859466553,0.9236339330673218,2.0,0.006,0.0,0.035,1.8262421941757208,-0.0
1504,2013-05-16 08:00:00,0.4617902636528015,0.6737584471702576,2.0,0.025,0.0,0.307,1.316757164478301,-0.0
1505,2013-05-16 08:30:00,1.1973000764846802,1.0821009874343872,1.818864345550537,0.031,0.0,0.428,1.7943846836090112,-0.0
1506,2013-05-16 09:00:00,0.7728947997093201,0.522820770740509,1.690644383430481,0.044,0.0,0.153,1.6474098620414686,-0.0
1507,2013-05-16 09:30:00,0.44623038172721863,0.8573964834213257,1.9408899545669556,0.338,0.0,0.294,0.877783792495737,-0.0
1508,2013-05-16 10:00:00,1.1274596452713013,1.4199224710464478,1.6254388093948364,0.575,0.0,0.626,1.0485099439620784,-0.0
1509,2013-05-16 10:30:00,1.213773488998413,0.7109918594360352,1.8372310400009155,0.738,0.0,0.748,0.967988252639808,-0.0
1510,2013-05-16 11:00:00,0.13241282105445862,0.5218292474746704,2.0,0.8059999999999999,0.0,0.081,2.0,-0.0
1511,2013-05-16 11:30:00,0.0,0.4182295799255371,2.0,0.6,0.0,0.08800000000000001,2.0,-0.0
1512,2013-05-16 12:00:00,0.0,0.3320561647415161,2.0,0.419,0.0,0.057,2.0,-0.0
1513,2013-05-16 12:30:00,0.052088722586631775,0.1942603439092636,1.9393393993377686,0.456,0.0,0.098,2.0,-0.0
1514,2013-05-16 13:00:00,0.02295595034956932,0.18399478495121002,1.9314707517623901,0.581,0.0,0.077,2.0,-0.0
1515,2013-05-16 13:30:00,0.00981318298727274,0.26346245408058167,1.8653661012649536,0.8809999999999999,0.0,0.118,2.0,-0.0
1516,2013-05-16 14:00:00,0.08733324706554413,0.1498294323682785,1.8630597591400146,0.525,0.0,0.333,1.9548373205661773,-0.0
1517,2013-05-16 14:30:00,0.02579529955983162,0.17913952469825745,1.7964699268341064,0.256,0.0,0.313,1.7767999354898931,-0.0
1518,2013-05-16 15:00:00,0.041598446667194366,0.4275602698326111,1.7310264110565186,0.4,0.0,0.909,1.3850445191860195,-0.0
1519,2013-05-16 15:30:00,1.1902439594268799,0.7155325412750244,1.5827137231826782,0.7190000000000001,0.0,0.809,1.0904229395389562,-0.0
1520,2013-05-16 16:00:00,0.1092836931347847,0.44619497656822205,1.7375924587249756,0.35600000000000004,0.0,0.992,0.5461137890219689,-0.0
1521,2013-05-16 16:30:00,0.7582982182502747,1.7555700540542603,1.7629059553146362,0.08800000000000001,0.0,0.648,2.0,-0.0
1522,2013-05-16 17:00:00,1.34600031375885,0.017970798537135124,1.7966344356536865,0.006,0.0,0.107,1.875029201462865,-0.0
1523,2013-05-16 17:30:00,0.0,0.0490727573633194,1.8705158233642578,0.0,0.0,0.222,1.653029201462865,-0.0
1524,2013-05-16 18:00:00,0.020345136523246765,0.4676447808742523,1.9445757865905762,0.0,0.0,0.257,1.9692968162000173,-0.0
1525,2013-05-16 18:30:00,0.01492078322917223,0.05923767387866974,2.0,0.0,0.0,0.486,1.5161686937212957,-0.0
1526,2013-05-16 19:00:00,0.23875093460083008,0.6780106425285339,1.939943552017212,0.0,0.0,0.403,1.8866519700288742,-0.0
1527,2013-05-16 19:30:00,0.2475905418395996,0.02813017927110195,2.0,0.0,0.0,0.207,1.764869820728898,-0.0
1528,2013-05-16 20:00:00,0.0,0.29728469252586365,1.9688198566436768,0.0,0.0,0.24,1.93297566601634,-0.0
1529,2013-05-16 20:30:00,0.008084156550467014,0.007501289248466492,1.9853012561798096,0.0,0.0,0.248,1.729799966931343,-0.0
1530,2013-05-16 21:00:00,0.056458648294210434,0.324562132358551,2.0,0.0,0.0,0.182,2.0,-0.0
1531,2013-05-16 21:30:00,0.09117656946182251,0.0,2.0,0.0,0.0,0.284,1.716,-0.0
1532,2013-05-16 22:00:00,0.069633848965168,0.45657020807266235,2.0,0.0,0.0,0.091,2.0,-0.0
1533,2013-05-16 22:30:00,0.1396513283252716,0.0,2.0,0.0,0.0,0.109,1.891,-0.0
1534,2013-05-16 23:00:00,0.12964342534542084,0.15090519189834595,2.0,0.0,0.0,0.103,1.964094808101654,-0.0
1535,2013-05-16 23:30:00,0.0904095396399498,0.0,1.9512486457824707,0.0,0.0,0.7,1.264094808101654,-0.0
1536,2013-05-17 00:00:00,1.1874362230300903,1.069845199584961,1.6338329315185547,0.0,1.056,0.607,0.7389651842117309,-0.0
1537,2013-05-17 00:30:00,1.086235761642456,1.7187714576721191,1.6351039409637451,0.0,1.231,0.15,1.4222981739044194,-0.0
1538,2013-05-17 01:00:00,1.8470920324325562,1.048195481300354,1.9419220685958862,0.0,1.244,0.126,0.7372081708908073,-0.0
1539,2013-05-17 01:30:00,1.2191895246505737,1.8619219064712524,1.7915968894958496,0.0,1.238,0.035,1.3906617517471334,-0.0
1540,2013-05-17 02:00:00,1.889889121055603,1.066196084022522,1.8813927173614502,0.0,0.706,0.121,1.3254804124832111,-0.0
1541,2013-05-17 02:30:00,1.5376571416854858,1.0565485954284668,1.7780308723449707,0.0,0.481,0.034,1.777490579605111,-0.0
1542,2013-05-17 03:00:00,1.3926600217819214,0.3718055188655853,1.9182215929031372,0.0,0.6,0.14,1.3332133219241928,-0.0
1543,2013-05-17 03:30:00,1.4860646724700928,0.9566870927810669,1.8064216375350952,0.0,0.513,0.674,1.1898862633705476,-0.0
1544,2013-05-17 04:00:00,1.23395574092865,1.137362003326416,1.6884808540344238,0.0,0.319,0.107,2.0,-0.0
1545,2013-05-17 04:30:00,0.853395938873291,0.005254828371107578,1.9303218126296997,0.0,0.344,0.037000000000000005,1.6137451716288926,-0.0
1546,2013-05-17 05:00:00,0.08045926690101624,0.6791185736656189,1.8819096088409424,0.0,0.563,0.129,1.4013910830765959,-0.0
1547,2013-05-17 05:30:00,1.4322909116744995,0.9052006602287292,1.7524441480636597,0.0,0.0,0.6709999999999999,1.6210171736180796,-0.0
1548,2013-05-17 06:00:00,0.7847819924354553,0.637427568435669,1.6158488988876343,0.0,0.0,0.099,2.0,-0.0
1549,2013-05-17 06:30:00,0.0,0.0,1.9032998085021973,0.0,0.0,0.038,1.962,-0.0
1550,2013-05-17 07:00:00,0.0,0.021777356043457985,1.9758296012878418,0.0,0.0,0.091,1.871,-0.0
1551,2013-05-17 07:30:00,0.0,0.2160821110010147,2.0,0.013,0.0,0.332,1.7229178889989851,-0.0
1552,2013-05-17 08:00:00,0.012317027896642685,0.534430205821991,1.9666205644607544,0.025,0.0,0.525,1.4827829324901107,-0.0
1553,2013-05-17 08:30:00,0.7679440975189209,0.8320923447608948,1.6584001779556274,0.038,0.0,0.4,1.7263417902588838,-0.0
1554,2013-05-17 09:00:00,0.39490392804145813,0.526542603969574,1.8660786151885986,0.05,0.0,0.387,1.5337738155126586,-0.0
1555,2013-05-17 09:30:00,0.3724469840526581,0.7685728669166565,1.8509734869003296,0.344,0.0,0.067,1.4088795020580263,-0.0
1556,2013-05-17 10:00:00,1.5295803546905518,0.6884928345680237,1.752549648284912,0.556,0.0,0.08,1.3017481613159236,-0.0
1557,2013-05-17 10:30:00,0.376017302274704,0.6320837140083313,1.7854207754135132,0.75,0.0,0.106,2.0,-0.0
1558,2013-05-17 11:00:00,0.0,0.10320007801055908,1.891496181488037,0.813,0.0,0.081,2.0,-0.0
1559,2013-05-17 11:30:00,0.0,0.22061032056808472,1.9146122932434082,0.8809999999999999,0.0,0.09,2.0,-0.0
1560,2013-05-17 12:00:00,0.0,0.2082328200340271,1.9675291776657104,0.988,0.0,0.061,2.0,-0.0
1561,2013-05-17 12:30:00,0.0,0.19345980882644653,1.9584540128707886,1.113,0.0,0.084,2.0,-0.0
1562,2013-05-17 13:00:00,0.0036954879760742188,0.17552807927131653,1.9831994771957397,1.181,0.0,0.063,2.0,-0.0
1563,2013-05-17 13:30:00,0.005877622868865728,0.22161845862865448,1.9868627786636353,1.238,0.0,0.12,2.0,-0.0
1564,2013-05-17 14:00:00,0.0,0.2211722731590271,1.988124966621399,1.194,0.0,0.333,2.0,-0.0
1565,2013-05-17 14:30:00,0.02557450532913208,0.16459235548973083,1.9709925651550293,1.044,0.0,0.134,2.0,-0.0
1566,2013-05-17 15:00:00,0.01145463902503252,0.1786823272705078,1.9715765714645386,0.925,0.0,0.232,2.0,-0.0
1567,2013-05-17 15:30:00,0.04371367022395134,0.17669013142585754,2.0,0.6809999999999999,0.0,0.653,1.8075961983501911,-0.0
1568,2013-05-17 16:00:00,0.0,0.20948532223701477,2.0,0.35,0.0,1.685,0.840322281062603,-0.0
1569,2013-05-17 16:30:00,1.0228478908538818,1.7211235761642456,2.0,0.075,0.0,1.731,0.717231861710548,-0.0
1570,2013-05-17 17:00:00,1.5940355062484741,1.7912214994430542,1.9466272592544556,0.006,0.0,0.342,2.0,-0.0
1571,2013-05-17 17:30:00,0.8954064846038818,0.0,1.9882056713104248,0.0,0.0,0.158,1.842,-0.0
1572,2013-05-17 18:00:00,0.01650298200547695,0.15951207280158997,2.0,0.0,0.0,0.194,1.96248792719841,-0.0
1573,2013-05-17 18:30:00,0.021646035835146904,0.0,1.9672564268112183,0.0,0.0,0.8740000000000001,1.0932564268112182,-0.0
1574,2013-05-17 19:00:00,1.560153841972351,1.3092877864837646,1.4715174436569214,0.0,0.0,0.511,1.993199359893799,-0.0
1575,2013-05-17 19:30:00,0.860999345779419,0.005299404263496399,1.9281669855117798,0.0,0.0,0.29,1.703199359893799,-0.0
1576,2013-05-17 20:00:00,0.0508648119866848,0.5747217535972595,1.9601317644119263,0.0,0.0,0.275,1.7438795266151428,-0.0
1577,2013-05-17 20:30:00,0.13457514345645905,0.5798048973083496,1.9871002435684204,0.0,0.0,0.21,1.7224360494613649,-0.0
1578,2013-05-17 21:00:00,0.15865230560302734,0.5590413212776184,1.9546401500701904,0.0,0.0,0.201,1.7950865797996518,-0.0
1579,2013-05-17 21:30:00,0.11159639805555344,0.48315054178237915,2.0,0.0,0.0,0.228,1.6986762986183173,-0.0
1580,2013-05-17 22:00:00,0.19937583804130554,0.597824215888977,2.0,0.0,0.0,0.049,1.955823186874388,-0.0
1581,2013-05-17 22:30:00,0.15533702075481415,0.08453784137964249,1.988060712814331,0.0,0.0,0.319,1.6848157848715815,-0.0
1582,2013-05-17 23:00:00,0.19247034192085266,0.6291027069091797,1.989685297012329,0.0,0.0,0.964,1.0372657233476574,-0.0
1583,2013-05-17 23:30:00,1.600192666053772,1.3148411512374878,1.564907193183899,0.0,0.0,1.579,1.0316274020671974,-0.0
1584,2013-05-18 00:00:00,1.7904036045074463,1.4189540147781372,1.8509812355041504,0.0,1.044,0.047,1.4267911810874678,-0.0
1585,2013-05-18 00:30:00,2.0,0.9682508111000061,1.9225926399230957,0.0,1.238,0.578,0.3621668267250583,-0.0
1586,2013-05-18 01:00:00,0.8491799831390381,1.8724201917648315,1.9264452457427979,0.0,1.231,0.63,1.542246154785052,-0.0
1587,2013-05-18 01:30:00,1.4983493089675903,0.9338943958282471,1.9763476848602295,0.0,0.506,0.557,0.9186132946016491,-0.0
1588,2013-05-18 02:00:00,1.321432113647461,1.3418312072753906,1.5826977491378784,0.0,0.306,0.608,1.9069422035213113,-0.0
1589,2013-05-18 02:30:00,1.1531673669815063,0.13376158475875854,1.903607726097107,0.0,0.85,0.505,0.6973540081986188,-0.0
1590,2013-05-18 03:00:00,1.284001111984253,1.5815917253494263,1.4213250875473022,0.0,0.0,0.608,2.0,-0.0
1591,2013-05-18 03:30:00,0.4843006432056427,0.13246679306030273,1.932888388633728,0.0,0.0,0.6659999999999999,1.2015332069396973,-0.0
1592,2013-05-18 04:00:00,1.3948370218276978,1.2126039266586304,1.4814916849136353,0.0,0.506,0.099,1.779329659461975,-0.0
1593,2013-05-18 04:30:00,1.337379813194275,0.6610509753227234,1.9259575605392456,0.0,0.513,0.026,1.2412897057533268,-0.0
1594,2013-05-18 05:00:00,1.7831578254699707,1.34449303150177,1.8380149602890015,0.0,0.0,0.118,2.0,-0.0
1595,2013-05-18 05:30:00,0.33846381306648254,0.19482176005840302,2.0,0.0,0.0,0.659,1.146178239941597,-0.0
1596,2013-05-18 06:00:00,1.4190397262573242,1.3879846334457397,1.5442074537277222,0.0,0.0,0.08800000000000001,2.0,-0.0
1597,2013-05-18 06:30:00,0.21623806655406952,0.1623067706823349,2.0,0.0,0.0,0.691,1.1466932293176653,-0.0
1598,2013-05-18 07:00:00,1.3424818515777588,1.3645848035812378,1.6268832683563232,0.0,0.0,0.487,1.8550287377834316,-0.0
1599,2013-05-18 07:30:00,1.1380996704101562,0.261644184589386,2.0,0.006,0.0,0.541,1.4752983398437505,-0.0
1600,2013-05-18 08:00:00,0.4568525552749634,0.929696798324585,1.8582918643951416,0.025,0.0,0.207,1.8627065219879142,-0.0
1601,2013-05-18 08:30:00,0.409355103969574,0.1470523476600647,1.9852373600006104,0.038,0.0,0.101,1.9505346083641069,-0.0
1602,2013-05-18 09:00:00,0.025269774720072746,0.12492778152227402,2.0,0.05,0.0,0.389,1.5591936775892938,-0.0
1603,2013-05-18 09:30:00,0.08265350013971329,0.7878195643424988,2.0,0.35,0.0,0.059,2.0,-0.0
1604,2013-05-18 10:00:00,0.04883812740445137,0.09516578912734985,2.0,0.569,0.0,0.062,2.0,-0.0
1605,2013-05-18 10:30:00,0.04230863228440285,0.08238504827022552,2.0,0.7440000000000001,0.0,0.081,2.0,-0.0
1606,2013-05-18 11:00:00,0.06624644249677658,0.10643557459115982,2.0,0.813,0.0,0.063,2.0,-0.0
1607,2013-05-18 11:30:00,0.06098976731300354,0.05793924629688263,2.0,0.8809999999999999,0.0,0.077,2.0,-0.0
1608,2013-05-18 12:00:00,0.03464727848768234,0.047301653772592545,2.0,0.975,0.0,0.465,2.0,-0.0
1609,2013-05-18 12:30:00,0.06670448929071426,0.04656548798084259,2.0,1.106,0.0,0.11,2.0,-0.0
1610,2013-05-18 13:00:00,0.09423960745334625,0.10973527282476425,2.0,1.175,0.0,0.042,2.0,-0.0
1611,2013-05-18 13:30:00,0.04743346571922302,0.037528231739997864,1.9978173971176147,1.244,0.0,0.087,2.0,-0.0
1612,2013-05-18 14:00:00,0.0,0.07288280874490738,1.902936339378357,1.194,0.0,0.036000000000000004,2.0,-0.0
1613,2013-05-18 14:30:00,0.014020699076354504,0.08361408859491348,1.9707036018371582,1.075,0.0,0.094,2.0,-0.0
1614,2013-05-18 15:00:00,0.020403411239385605,0.18771879374980927,1.963325023651123,0.925,0.0,0.031,2.0,-0.0
1615,2013-05-18 15:30:00,0.062186360359191895,0.17690305411815643,1.9394456148147583,0.6809999999999999,0.0,0.155,2.0,-0.0
1616,2013-05-18 16:00:00,0.06253550946712494,0.21305495500564575,1.9425760507583618,0.35,0.0,0.17800000000000002,1.8964095355272295,-0.0
1617,2013-05-18 16:30:00,0.04030127823352814,0.28426480293273926,1.8816741704940796,0.069,0.0,0.159,1.7120122913122173,-0.0
1618,2013-05-18 17:00:00,0.06695178151130676,0.5896027684211731,1.9256713390350342,0.006,0.0,0.158,1.8163726489543923,-0.0
1619,2013-05-18 17:30:00,0.12623557448387146,0.39271336793899536,1.9303348064422607,0.0,0.0,0.324,1.65054133415222,-0.0
1620,2013-05-18 18:00:00,0.16271944344043732,0.7734435796737671,1.95888352394104,0.0,0.0,0.233,1.6924737520217927,-0.0
1621,2013-05-18 18:30:00,0.42410096526145935,0.6382283568382263,1.923038363456726,0.0,0.0,0.316,1.660824139118188,-0.0
1622,2013-05-18 19:00:00,0.3104899227619171,0.6359397172927856,1.9191993474960327,0.0,0.0,0.247,1.7954120044708386,-0.0
1623,2013-05-18 19:30:00,0.160663902759552,0.37523722648620605,1.9564270973205566,0.0,0.0,0.262,1.7719387645721167,-0.0
1624,2013-05-18 20:00:00,0.0737190693616867,0.31004318594932556,1.9557499885559082,0.0,0.0,0.24,1.906079284906441,-0.0
1625,2013-05-18 20:30:00,0.0,0.08108273893594742,1.898984670639038,0.0,0.0,0.179,1.727079284906441,-0.0
1626,2013-05-18 21:00:00,0.0,0.3442859649658203,1.9487801790237427,0.0,0.0,0.28,1.9215554652212978,-0.0
1627,2013-05-18 21:30:00,0.05674096941947937,0.0647348165512085,1.8830742835998535,0.0,0.0,0.181,1.7405554652212978,-0.0
1628,2013-05-18 22:00:00,0.06399494409561157,0.350788414478302,1.9362238645553589,0.0,0.0,0.394,1.7741006550791028,-0.0
1629,2013-05-18 22:30:00,0.14619141817092896,0.2433670163154602,1.947293758392334,0.0,0.0,0.07,2.0,-0.0
1630,2013-05-18 23:00:00,0.0,0.0,1.9771697521209717,0.0,0.0,0.098,1.902,-0.0
1631,2013-05-18 23:30:00,0.0,0.03294868767261505,1.9540385007858276,0.0,0.0,0.722,1.1990898131132126,-0.0
1632,2013-05-19 00:00:00,1.0101863145828247,1.0279359817504883,1.603255271911621,0.0,1.069,0.069,1.4358843920230866,-0.0
1633,2013-05-19 00:30:00,1.6441782712936401,0.8044600486755371,1.9702041149139404,0.0,1.225,0.105,0.9937711672782896,-0.0
1634,2013-05-19 01:00:00,1.4784783124923706,1.321999430656433,1.810917854309082,0.0,1.213,0.035,1.4424582347869876,-0.0
1635,2013-05-19 01:30:00,1.845880389213562,0.8937742710113525,2.0,0.0,0.175,0.104,1.9423092594146723,-0.0
1636,2013-05-19 02:00:00,0.5413885712623596,0.007413530722260475,2.0,0.0,0.519,0.026,1.4475864692777394,-0.0
1637,2013-05-19 02:30:00,0.9699600338935852,0.8296695947647095,1.9303487539291382,0.0,0.6940000000000001,0.099,1.4821574666798114,-0.0
1638,2013-05-19 03:00:00,1.568810224533081,0.8276718258857727,1.8323614597320557,0.0,0.0,0.051,2.0,-0.0
1639,2013-05-19 03:30:00,0.009370672516524792,0.0,2.0,0.0,0.0,0.733,1.267,-0.0
1640,2013-05-19 04:00:00,0.9874283671379089,1.0359787940979004,1.7133097648620605,0.0,0.244,0.025,2.0,-0.0
1641,2013-05-19 04:30:00,0.3316528797149658,0.0,2.0,0.0,0.769,0.092,1.1389999999999998,-0.0
1642,2013-05-19 05:00:00,1.6870062351226807,1.3520560264587402,1.7883728742599487,0.0,0.0,0.055,2.0,-0.0
1643,2013-05-19 05:30:00,0.2995510399341583,0.03075997903943062,2.0,0.0,0.0,0.716,1.2532400209605694,-0.0
1644,2013-05-19 06:00:00,1.0892455577850342,1.164497971534729,1.6510281562805176,0.0,0.0,0.034,2.0,-0.0
1645,2013-05-19 06:30:00,0.09293287992477417,0.09932094812393188,1.9760037660598755,0.0,0.0,0.086,1.814679051876068,-0.0
1646,2013-05-19 07:00:00,0.0,0.30723273754119873,1.9828068017959595,0.0,0.0,0.037000000000000005,2.0,-0.0
1647,2013-05-19 07:30:00,0.018611595034599304,0.03721658140420914,2.0,0.013,0.0,0.076,1.8867834185957908,-0.0
1648,2013-05-19 08:00:00,0.015077042393386364,0.2092280387878418,2.0,0.025,0.0,0.195,1.8019739968404174,-0.0
1649,2013-05-19 08:30:00,0.10852374881505966,0.42232799530029297,2.0,0.038,0.0,0.687,1.2107240110188722,-0.0
1650,2013-05-19 09:00:00,1.4442046880722046,1.2947447299957275,1.552550196647644,0.056,0.0,0.16,2.0,-0.0
1651,2013-05-19 09:30:00,0.9009582996368408,0.08787296712398529,2.0,0.306,0.0,0.076,1.8361270328760146,-0.0
1652,2013-05-19 10:00:00,0.02035040780901909,0.31243228912353516,2.0,0.5379999999999999,0.0,0.08900000000000001,2.0,-0.0
1653,2013-05-19 10:30:00,0.0,0.17467159032821655,2.0,0.738,0.0,0.078,2.0,-0.0
1654,2013-05-19 11:00:00,0.044695351272821426,0.1217140331864357,2.0,0.8,0.0,0.177,2.0,-0.0
1655,2013-05-19 11:30:00,0.0017376452451571822,0.13787595927715302,2.0,0.8690000000000001,0.0,0.117,2.0,-0.0
1656,2013-05-19 12:00:00,0.0,0.13713672757148743,2.0,0.969,0.0,0.174,2.0,-0.0
1657,2013-05-19 12:30:00,0.0,0.10665252804756165,2.0,1.081,0.0,0.162,2.0,-0.0
1658,2013-05-19 13:00:00,0.0,0.08868575096130371,2.0,1.156,0.0,0.12,2.0,-0.0
1659,2013-05-19 13:30:00,0.0,0.039084576070308685,2.0,1.225,0.0,0.062,2.0,-0.0
1660,2013-05-19 14:00:00,0.0,0.04339923709630966,2.0,1.188,0.0,0.115,2.0,-0.0
1661,2013-05-19 14:30:00,0.0,0.0,2.0,1.069,0.0,0.303,2.0,-0.0
1662,2013-05-19 15:00:00,0.0,0.047635484486818314,1.9905019998550415,0.931,0.0,0.077,2.0,-0.0
1663,2013-05-19 15:30:00,0.0,0.07673375308513641,2.0,0.675,0.0,1.495,1.1032662469148633,-0.0
1664,2013-05-19 16:00:00,0.0,0.024307623505592346,1.9213787317276,0.344,0.0,1.6469999999999998,0.5940711082220078,-0.0
1665,2013-05-19 16:30:00,0.015087055042386055,0.08641530573368073,1.9219610691070557,0.063,0.0,1.521,0.3624587083309889,-0.0
1666,2013-05-19 17:00:00,0.00013988465070724487,0.12450158596038818,1.9978364706039429,0.013,0.0,1.24,0.6461949999928474,-0.0
1667,2013-05-19 17:30:00,1.1984630823135376,0.13737337291240692,2.0,0.0,0.0,0.204,1.6586266270875931,-0.0
1668,2013-05-19 18:00:00,0.0,0.7296258211135864,2.0,0.0,0.0,0.31,1.643120924711227,-0.0
1669,2013-05-19 18:30:00,0.3853405714035034,0.7806069850921631,2.0,0.0,0.0,0.3,1.6331511654853825,-0.0
1670,2013-05-19 19:00:00,0.45588555932044983,0.7313401699066162,1.9846339225769043,0.0,0.0,0.264,1.7383574991226187,-0.0
1671,2013-05-19 19:30:00,0.3177095353603363,0.4903072416782379,2.0,0.0,0.0,0.208,1.8249777600765251,-0.0
1672,2013-05-19 20:00:00,0.07540713250637054,0.2771114408969879,2.0,0.0,0.0,0.203,1.8699330389499622,-0.0
1673,2013-05-19 20:30:00,0.08418045192956924,0.2102077305316925,2.0,0.0,0.0,0.251,1.7989261915683836,-0.0
1674,2013-05-19 21:00:00,0.04066052287817001,0.3187004625797272,1.995643973350525,0.0,0.0,0.388,1.6954471542835057,-0.0
1675,2013-05-19 21:30:00,0.13607509434223175,0.5144214034080505,1.9875483512878418,0.0,0.0,0.179,1.915684288024938,-0.0
1676,2013-05-19 22:00:00,0.04310569539666176,0.1469750702381134,1.9617211818695068,0.0,0.0,0.051,1.9706563537120108,-0.0
1677,2013-05-19 22:30:00,0.0,0.08400458097457886,1.9460105895996094,0.0,0.0,0.103,1.8716827116013997,-0.0
1678,2013-05-19 23:00:00,0.0,0.17241671681404114,1.9261151552200317,0.0,0.0,0.085,1.9992178599831592,-0.0
1679,2013-05-19 23:30:00,0.0,0.026655178517103195,1.9453474283218384,0.0,0.0,0.716,1.2589091015165785,-0.0
1680,2013-05-27 00:00:00,1.149310827255249,0.9293906688690186,1.5369092226028442,0.0,1.063,0.034,1.4557911280978246,-0.0
1681,2013-05-27 00:30:00,1.6361265182495117,0.7935891151428223,1.9014705419540405,0.0,1.238,0.511,0.5458286286615287,-0.0
1682,2013-05-27 01:00:00,0.7956134080886841,0.1836715042591095,1.895202398300171,0.0,1.231,0.588,0.0,-0.02901665860891344
1683,2013-05-27 01:30:00,1.3442456722259521,0.03613466024398804,1.9503430128097534,0.0,1.238,0.51,0.16620835256576538,-0.0
1684,2013-05-27 02:00:00,1.1649481058120728,0.04767216369509697,1.917103886604309,0.0,1.244,0.6659999999999999,0.0,-0.010953434814512709
1685,2013-05-27 02:30:00,0.8364802598953247,0.028970692306756973,1.9010745286941528,0.0,1.225,0.275,0.37210383638739575,-0.0
1686,2013-05-27 03:00:00,1.318385362625122,0.0268716961145401,1.826918125152588,0.0,0.019,0.13,1.6510464290380478,-0.0
1687,2013-05-27 03:30:00,0.0,0.4637545943260193,1.8235400915145874,0.0,0.619,0.652,0.9631525475978852,-0.0
1688,2013-05-27 04:00:00,1.0432440042495728,1.340085506439209,1.338964819908142,0.0,0.563,0.102,2.0,-0.0
1689,2013-05-27 04:30:00,1.5042734146118164,0.08602520823478699,1.9004490375518799,0.0,0.0,0.037000000000000005,1.876974791765213,-0.0
1690,2013-05-27 05:00:00,0.0,0.14579620957374573,1.9405760765075684,0.0,0.0,0.13699999999999998,1.963254206895828,-0.0
1691,2013-05-27 05:30:00,0.0,0.0,1.9435045719146729,0.0,0.0,0.6509999999999999,1.3122542068958283,-0.0
1692,2013-05-27 06:00:00,0.7621674537658691,0.9091473817825317,1.63219153881073,0.0,0.913,0.095,1.4583442044258117,-0.0
1693,2013-05-27 06:30:00,1.5493265390396118,0.7544755339622498,1.8497743606567383,0.0,0.094,0.028,2.0,-0.0
1694,2013-05-27 07:00:00,0.0,0.0,1.9142860174179077,0.0,0.0,0.101,1.899,-0.0
1695,2013-05-27 07:30:00,0.0,0.07880698144435883,1.9733870029449463,0.0,0.0,0.038,1.861,-0.0
1696,2013-05-27 08:00:00,0.0,0.12457522004842758,1.9787517786026,0.025,0.0,0.192,1.694,-0.0
1697,2013-05-27 08:30:00,0.0,0.42841076850891113,1.9442929029464722,0.094,0.0,0.115,2.0,-0.0
1698,2013-05-27 09:00:00,0.0,0.05203825235366821,2.0,0.119,0.0,0.405,1.6619617476463315,-0.0
1699,2013-05-27 09:30:00,0.0295356884598732,0.6207456588745117,2.0,0.16899999999999998,0.0,0.031,2.0,-0.0
1700,2013-05-27 10:00:00,0.0,0.11826993525028229,2.0,0.3,0.0,0.103,2.0,-0.0
1701,2013-05-27 10:30:00,0.0,0.11643826216459274,2.0,0.738,0.0,0.029,2.0,-0.0
1702,2013-05-27 11:00:00,0.0,0.09039594233036041,2.0,0.794,0.0,0.11,2.0,-0.0
1703,2013-05-27 11:30:00,0.0,0.09271146357059479,2.0,0.8059999999999999,0.0,0.032,2.0,-0.0
1704,2013-05-27 12:00:00,0.04706327244639397,0.08108015358448029,2.0,0.638,0.0,0.147,2.0,-0.0
1705,2013-05-27 12:30:00,0.051765017211437225,0.10302212089300156,2.0,0.556,0.0,0.467,1.9342128618955612,-0.0
1706,2013-05-27 13:00:00,0.03861411288380623,0.12895703315734863,1.9979722499847412,0.813,0.0,0.134,2.0,-0.0
1707,2013-05-27 13:30:00,0.07306789606809616,0.024076294153928757,1.971739649772644,0.6940000000000001,0.0,0.028,2.0,-0.0
1708,2013-05-27 14:00:00,0.0,0.07102388888597488,1.9773808717727661,0.763,0.0,0.112,2.0,-0.0
1709,2013-05-27 14:30:00,0.007173002697527409,0.03346886485815048,1.8759753704071045,0.769,0.0,0.029,2.0,-0.0
1710,2013-05-27 15:00:00,0.0,0.022547736763954163,1.8256279230117798,0.894,0.0,0.109,2.0,-0.0
1711,2013-05-27 15:30:00,0.0,0.013949861750006676,1.8796101808547974,0.506,0.0,0.028,2.0,-0.0
1712,2013-05-27 16:00:00,0.0,0.12521231174468994,1.9087437391281128,0.28800000000000003,0.0,0.131,2.0,-0.0
1713,2013-05-27 16:30:00,0.0006701648235321045,0.11241891235113144,1.9263875484466553,0.044,0.0,0.05,1.8809109228253365,-0.0
1714,2013-05-27 17:00:00,0.2753691077232361,0.22510047256946564,1.9384117126464844,0.006,0.0,0.115,1.8860776817798615,-0.0
1715,2013-05-27 17:30:00,0.704492449760437,0.1486063003540039,1.9935383796691895,0.0,0.0,0.687,1.3922383360862736,-0.0
1716,2013-05-27 18:00:00,1.1343497037887573,0.9841496348381042,1.6364225149154663,0.0,0.0,0.945,1.2863736929893488,-0.0
1717,2013-05-27 18:30:00,1.3361150026321411,1.236219048500061,1.5447100400924683,0.0,0.0,0.722,1.4690335655212414,-0.0
1718,2013-05-27 19:00:00,1.1586796045303345,0.9066985249519348,1.6181280612945557,0.0,0.0,0.217,1.9382343440055823,-0.0
1719,2013-05-27 19:30:00,1.8241777420043945,0.039282724261283875,2.0,0.0,0.0,0.281,1.679717275738716,-0.0
1720,2013-05-27 20:00:00,0.5600499510765076,0.4770701229572296,1.9835368394851685,0.0,0.0,0.268,1.8954953255653384,-0.0
1721,2013-05-27 20:30:00,1.4803504943847656,0.07587511092424393,1.9637480974197388,0.0,0.0,0.247,1.6484953255653385,-0.0
1722,2013-05-27 21:00:00,0.5004176497459412,0.6101348400115967,1.9855653047561646,0.0,0.0,0.15,1.942874508857726,-0.0
1723,2013-05-27 21:30:00,1.6219933032989502,0.07374704629182816,2.0,0.0,0.0,0.615,1.42550393599272,-0.0
1724,2013-05-27 22:00:00,0.9431928992271423,0.8811931610107422,1.7455388307571411,0.0,0.0,0.054000000000000006,2.0,-0.0
1725,2013-05-27 22:30:00,1.6765727996826172,0.07122120261192322,2.0,0.0,0.0,0.111,1.8177787973880768,-0.0
1726,2013-05-27 23:00:00,0.26587748527526855,0.22540566325187683,2.0,0.0,0.0,0.063,2.0,-0.0
1727,2013-05-27 23:30:00,0.5420604348182678,0.08869080990552902,2.0,0.0,0.0,0.7290000000000001,1.1823091900944709,-0.0
1728,2013-05-28 00:00:00,1.3113677501678467,1.2701454162597656,1.5407953262329102,0.0,1.056,0.512,0.7972362035512925,-0.0
1729,2013-05-28 00:30:00,0.9952638745307922,1.7078310251235962,1.9573291540145874,0.0,1.231,0.096,1.3706965677738185,-0.0
1730,2013-05-28 01:00:00,1.9070924520492554,0.9071870446205139,2.0,0.0,1.238,0.045,1.0684198198318489,-0.0
1731,2013-05-28 01:30:00,1.70679771900177,1.332521677017212,2.0,0.0,0.469,0.084,1.97763868331909,-0.0
1732,2013-05-28 02:00:00,1.9171411991119385,0.0,2.0,0.0,0.331,0.055,1.614,-0.0
1733,2013-05-28 02:30:00,0.7462590336799622,0.6314973831176758,2.0,0.0,0.856,0.07200000000000001,1.212502616882324,-0.0
1734,2013-05-28 03:00:00,1.6610338687896729,1.1066672801971436,2.0,0.0,0.0,0.1,2.0,-0.0
1735,2013-05-28 03:30:00,1.4731056690216064,0.04351720213890076,2.0,0.0,0.0,0.687,1.2694827978610992,-0.0
1736,2013-05-28 04:00:00,1.1317685842514038,0.9305523633956909,1.6469370126724243,0.0,0.619,0.08199999999999999,1.8294820408821109,-0.0
1737,2013-05-28 04:30:00,1.809610366821289,0.22660009562969208,2.0,0.0,0.35600000000000004,0.059,1.6994358226060864,-0.0
1738,2013-05-28 05:00:00,0.8320545554161072,0.494973361492157,1.9302716255187988,0.0,0.0,0.133,1.9731549932956698,-0.0
1739,2013-05-28 05:30:00,0.9637138247489929,0.0055830515921115875,1.9857374429702759,0.0,0.0,1.485,0.4951543913781642,-0.0
1740,2013-05-28 06:00:00,1.2756061553955078,0.0,1.9854049682617188,0.0,0.0,0.711,1.274404968261719,-0.0
1741,2013-05-28 06:30:00,1.1299352645874023,0.909102201461792,1.5439337491989136,0.0,0.0,0.146,2.0,-0.0
1742,2013-05-28 07:00:00,0.8946353793144226,0.05298389866948128,1.873093605041504,0.0,0.0,0.096,1.8510161013305186,-0.0
1743,2013-05-28 07:30:00,0.04659493640065193,0.2903100550174713,1.8877251148223877,0.006,0.0,0.034,1.9616577423214911,-0.0
1744,2013-05-28 08:00:00,0.11150693893432617,0.09751380234956741,1.872393250465393,0.025,0.0,0.255,1.6741707130074506,-0.0
1745,2013-05-28 08:30:00,0.09543676674365997,0.5849504470825195,1.8894507884979248,0.131,0.0,0.362,1.5493978266715995,-0.0
1746,2013-05-28 09:00:00,0.6591405868530273,0.6920950412750244,1.7111763954162598,0.15,0.0,0.157,1.7521093053817767,-0.0
1747,2013-05-28 09:30:00,0.3500484228134155,0.5019000768661499,1.9764760732650757,0.219,0.0,0.037000000000000005,1.5188813123702964,-0.0
1748,2013-05-28 10:00:00,0.3631879389286041,0.7558457255363464,1.891892433166504,0.35600000000000004,0.0,0.118,1.3763916497230606,-0.0
1749,2013-05-28 10:30:00,1.4894646406173706,0.7471802830696106,1.742296814918518,0.481,0.0,0.05,1.4880364174842684,-0.0
1750,2013-05-28 11:00:00,0.32262754440307617,0.5882834792137146,1.8498893976211548,0.606,0.0,0.313,1.7607610526085202,-0.0
1751,2013-05-28 11:30:00,0.02520318143069744,0.27646806836128235,2.0,0.6629999999999999,0.0,0.096,2.0,-0.0
1752,2013-05-28 12:00:00,0.0707736387848854,0.0725252628326416,1.9914389848709106,0.8,0.0,0.116,2.0,-0.0
1753,2013-05-28 12:30:00,0.015291971154510975,0.02291608229279518,1.9661874771118164,0.7809999999999999,0.0,0.034,2.0,-0.0
1754,2013-05-28 13:00:00,0.0,0.06651575863361359,1.9616749286651611,0.725,0.0,0.107,2.0,-0.0
1755,2013-05-28 13:30:00,0.0,0.11206220090389252,1.9367634057998657,0.556,0.0,0.042,2.0,-0.0
1756,2013-05-28 14:00:00,0.0,0.1098891943693161,1.9498904943466187,0.28800000000000003,0.0,0.098,2.0,-0.0
1757,2013-05-28 14:30:00,0.0,0.13459882140159607,1.9190280437469482,0.231,0.0,0.052000000000000005,2.0,-0.0
1758,2013-05-28 15:00:00,0.0,0.11658112704753876,1.9227230548858643,0.056,0.0,0.08800000000000001,1.8514188729524612,-0.0
1759,2013-05-28 15:30:00,0.0,0.25322261452674866,1.9425499439239502,0.15,0.0,0.282,1.9119396395683288,-0.0
1760,2013-05-28 16:00:00,0.0,0.12398741394281387,2.0,0.08800000000000001,0.0,0.28800000000000003,1.8521333069205286,-0.0
1761,2013-05-28 16:30:00,0.0,0.13432395458221436,2.0,0.05,0.0,0.121,1.7946760454177855,-0.0
1762,2013-05-28 17:00:00,0.0,0.26137927174568176,1.9691720008850098,0.0,0.0,0.211,1.9382686374187472,-0.0
1763,2013-05-28 17:30:00,0.0,0.06821557879447937,1.9916040897369385,0.0,0.0,0.202,1.8532471463680267,-0.0
1764,2013-05-28 18:00:00,0.0,0.18125174939632416,2.0,0.0,0.0,0.3,1.8122539578676224,-0.0
1765,2013-05-28 18:30:00,0.0,0.22884123027324677,2.0,0.0,0.0,0.306,1.8406508539915079,-0.0
1766,2013-05-28 19:00:00,0.0,0.21998406946659088,2.0,0.0,0.0,0.365,1.7337142225503934,-0.0
1767,2013-05-28 19:30:00,0.031022340059280396,0.3160001337528229,2.0,0.0,0.0,0.399,1.8175714211463907,-0.0
1768,2013-05-28 20:00:00,0.09982512146234512,0.2691124379634857,2.0,0.0,0.0,0.179,1.9167447197437328,-0.0
1769,2013-05-28 20:30:00,0.0,0.14375917613506317,2.0,0.0,0.0,0.246,1.7767513843774716,-0.0
1770,2013-05-28 21:00:00,0.016057156026363373,0.4235646724700928,2.0,0.0,0.0,0.168,1.854932558774964,-0.0
1771,2013-05-28 21:30:00,0.036214567720890045,0.30993300676345825,1.935948133468628,0.0,0.0,0.255,1.7252018756866137,-0.0
1772,2013-05-28 22:00:00,0.09265412390232086,0.49093300104141235,1.9268909692764282,0.0,0.0,0.338,1.7206632475853603,-0.0
1773,2013-05-28 22:30:00,0.1855028122663498,0.42504584789276123,1.8838772773742676,0.0,0.0,0.117,2.0,-0.0
1774,2013-05-28 23:00:00,0.015458822250366211,0.018138539046049118,1.9609943628311157,0.0,0.0,0.685,1.2968614609539508,-0.0
1775,2013-05-28 23:30:00,0.6359179019927979,0.845923900604248,1.7255488634109497,0.0,0.0,1.612,0.9483531774878502,-0.0
1776,2013-05-29 00:00:00,1.4495971202850342,1.4774914979934692,1.944563865661621,0.0,1.063,0.073,1.4898021470308305,-0.0
1777,2013-05-29 00:30:00,1.6041600704193115,0.8618090152740479,1.9671584367752075,0.0,1.238,0.586,0.3345866906642915,-0.0
1778,2013-05-29 01:00:00,1.8603428602218628,0.0,2.0,0.0,1.238,0.509,0.253,-0.0
1779,2013-05-29 01:30:00,1.816179633140564,0.0,2.0,0.0,1.238,0.58,0.18200000000000005,-0.0
1780,2013-05-29 02:00:00,1.8240770101547241,0.027813095599412918,2.0,0.0,0.175,0.509,1.288186904400587,-0.0
1781,2013-05-29 02:30:00,0.7457658052444458,0.9624406695365906,1.766550064086914,0.0,0.606,0.5770000000000001,1.2781855216622358,-0.0
1782,2013-05-29 03:00:00,0.9363222718238831,1.057945728302002,1.7069121599197388,0.0,0.6,0.544,1.2416832283735264,-0.0
1783,2013-05-29 03:30:00,0.9804304838180542,1.0345450639724731,1.7199459075927734,0.0,0.0,0.921,1.561088479280474,-0.0
1784,2013-05-29 04:00:00,1.0329124927520752,0.5829897522926331,1.4699039459228516,0.0,0.0,0.039,2.0,-0.0
1785,2013-05-29 04:30:00,0.0,0.0,1.933790683746338,0.0,0.7809999999999999,0.081,1.1380000000000001,-0.0
1786,2013-05-29 05:00:00,1.468356728553772,1.286824345588684,1.6899086236953735,0.0,0.275,0.083,2.0,-0.0
1787,2013-05-29 05:30:00,1.2352375984191895,0.0494876503944397,1.92035973072052,0.0,0.0,0.6859999999999999,1.2645123496055604,-0.0
1788,2013-05-29 06:00:00,0.8083337545394897,0.9594166874885559,1.589056372642517,0.0,0.0,0.061,2.0,-0.0
1789,2013-05-29 06:30:00,0.0,0.042673416435718536,1.8865498304367065,0.0,0.0,0.055,1.9023265835642815,-0.0
1790,2013-05-29 07:00:00,0.0,0.27473023533821106,1.9830548763275146,0.0,0.0,0.084,1.8366165975332256,-0.0
1791,2013-05-29 07:30:00,0.0,0.3577101230621338,1.9978046417236328,0.019,0.0,0.044,1.944056681871415,-0.0
1792,2013-05-29 08:00:00,0.0,0.19780689477920532,1.843742847442627,0.081,0.0,0.23,1.7650797414779649,-0.0
1793,2013-05-29 08:30:00,0.0,0.48498135805130005,1.8871870040893555,0.05,0.0,0.092,1.94285915899277,-0.0
1794,2013-05-29 09:00:00,0.0,0.18128657341003418,1.9059364795684814,0.119,0.0,0.123,1.9289951086044261,-0.0
1795,2013-05-29 09:30:00,0.0,0.2294829934835434,1.9334588050842285,0.269,0.0,0.398,1.7835267893076039,-0.0
1796,2013-05-29 10:00:00,0.0,0.5165887475013733,1.9914087057113647,0.369,0.0,0.081,2.0,-0.0
1797,2013-05-29 10:30:00,0.0,0.28065019845962524,1.9850724935531616,0.7,0.0,0.073,2.0,-0.0
1798,2013-05-29 11:00:00,0.05692321062088013,0.22390355169773102,1.9820586442947388,0.794,0.0,0.067,2.0,-0.0
1799,2013-05-29 11:30:00,0.04008355364203453,0.1604730784893036,2.0,0.825,0.0,0.085,2.0,-0.0
1800,2013-05-29 12:00:00,0.08845412731170654,0.08556073904037476,2.0,0.9,0.0,0.084,2.0,-0.0
1801,2013-05-29 12:30:00,0.07979600876569748,0.09769710153341293,2.0,0.969,0.0,0.146,2.0,-0.0
1802,2013-05-29 13:00:00,0.08045902103185654,0.14738330245018005,2.0,1.006,0.0,0.14400000000000002,2.0,-0.0
1803,2013-05-29 13:30:00,0.055073704570531845,0.0932244062423706,2.0,1.075,0.0,0.08800000000000001,2.0,-0.0
1804,2013-05-29 14:00:00,0.08301306515932083,0.08966698497533798,2.0,1.1,0.0,0.55,2.0,-0.0
1805,2013-05-29 14:30:00,0.0,0.05928240716457367,2.0,1.0,0.0,0.14,2.0,-0.0
1806,2013-05-29 15:00:00,0.0,0.1279454231262207,2.0,0.856,0.0,0.043,2.0,-0.0
1807,2013-05-29 15:30:00,0.0,0.12282726168632507,2.0,0.581,0.0,0.954,1.504172738313675,-0.0
1808,2013-05-29 16:00:00,0.1574891209602356,0.2449537068605423,1.9981635808944702,0.156,0.0,0.938,0.815209874033928,-0.0
1809,2013-05-29 16:30:00,1.467980980873108,0.0,2.0,0.006,0.0,0.439,1.561,-0.0
1810,2013-05-29 17:00:00,0.015596557408571243,0.59797602891922,2.0,0.0,0.0,0.152,2.0,-0.0
1811,2013-05-29 17:30:00,0.02887474000453949,0.0,2.0,0.0,0.0,0.188,1.812,-0.0
1812,2013-05-29 18:00:00,0.0,0.2934184670448303,2.0,0.0,0.0,0.14800000000000002,1.934581532955169,-0.0
1813,2013-05-29 18:30:00,0.006847378797829151,0.104006327688694,2.0,0.0,0.0,0.4370000000000001,1.589830606400968,-0.0
1814,2013-05-29 19:00:00,0.11667914688587189,0.6463102698326111,2.0,0.0,0.0,0.953,1.2210285173654536,-0.0
1815,2013-05-29 19:30:00,1.404571771621704,1.1790963411331177,1.644274353981018,0.0,0.0,0.206,2.0,-0.0
1816,2013-05-29 20:00:00,0.4507291316986084,0.06704013794660568,2.0,0.0,0.0,0.159,1.7739598620533943,-0.0
1817,2013-05-29 20:30:00,0.03868213668465614,0.4983079135417938,2.0,0.0,0.0,0.261,1.6927723623514175,-0.0
1818,2013-05-29 21:00:00,0.2075003683567047,0.5705681443214417,2.0,0.0,0.0,0.17,1.8738871309757235,-0.0
1819,2013-05-29 21:30:00,0.13272689282894135,0.20735348761081696,2.0,0.0,0.0,0.639,1.4058722504377361,-0.0
1820,2013-05-29 22:00:00,0.9530947804450989,0.8711844086647034,1.7633583545684814,0.0,0.0,0.061,2.0,-0.0
1821,2013-05-29 22:30:00,0.2147282063961029,0.085076704621315,2.0,0.0,0.0,0.104,1.810923295378685,-0.0
1822,2013-05-29 23:00:00,0.08798182755708694,0.30798599123954773,2.0,0.0,0.0,0.094,1.9761674180030824,-0.0
1823,2013-05-29 23:30:00,0.11627879738807678,0.00955929234623909,2.0,0.0,0.0,0.701,1.2894407076537608,-0.0
1824,2013-05-30 00:00:00,1.3774069547653198,1.007812738418579,1.6758722066879272,0.0,1.063,0.14300000000000002,1.2073058462738993,-0.0
1825,2013-05-30 00:30:00,1.792033076286316,1.2005407810211182,1.9598883390426636,0.0,1.225,0.065,1.0948475264310833,-0.0
1826,2013-05-30 01:00:00,1.8579638004302979,1.5235321521759033,2.0,0.0,1.238,0.075,0.9737727949619301,-0.0
1827,2013-05-30 01:30:00,1.8987767696380615,1.8352423906326294,2.0,0.0,0.519,0.043,1.6552120194435103,-0.0
1828,2013-05-30 02:00:00,2.0,0.7322241067886353,2.0,0.0,0.306,0.08199999999999999,1.5693518543243439,-0.0
1829,2013-05-30 02:30:00,1.460067868232727,0.8195546269416809,1.9615017175674438,0.0,0.913,0.036000000000000004,1.0927416644096313,-0.0
1830,2013-05-30 03:00:00,1.915686011314392,1.3546078205108643,1.9923996925354004,0.0,0.0,0.125,2.0,-0.0
1831,2013-05-30 03:30:00,1.3773884773254395,0.07831749320030212,2.0,0.0,0.0,0.6509999999999999,1.270682506799698,-0.0
1832,2013-05-30 04:00:00,1.5166306495666504,1.1433897018432617,1.6935832500457764,0.0,0.388,0.095,1.8322452845573423,-0.0
1833,2013-05-30 04:30:00,1.7357230186462402,0.31114768981933594,2.0,0.0,0.631,0.026,1.3673617410659793,-0.0
1834,2013-05-30 05:00:00,1.9973613023757935,1.070784568786621,1.8823972940444946,0.0,0.0,0.13,2.0,-0.0
1835,2013-05-30 05:30:00,1.2990696430206299,0.13121308386325836,1.9752339124679565,0.0,0.0,1.4380000000000002,0.43078691613674147,-0.0
1836,2013-05-30 06:00:00,0.15909777581691742,0.05489993095397949,1.9478226900100708,0.0,0.0,0.728,1.1649227590560913,-0.0
1837,2013-05-30 06:30:00,1.5164598226547241,1.2102794647216797,1.419906497001648,0.0,0.0,0.11,2.0,-0.0
1838,2013-05-30 07:00:00,0.7896227240562439,0.051896583288908005,1.98171067237854,0.0,0.0,0.093,1.855103416711092,-0.0
1839,2013-05-30 07:30:00,0.06106651574373245,0.195823535323143,1.992749810218811,0.013,0.0,0.35100000000000003,1.7169696312546732,-0.0
1840,2013-05-30 08:00:00,0.09535539895296097,0.38865363597869873,1.9607020616531372,0.063,0.0,0.414,1.6374071015119556,-0.0
1841,2013-05-30 08:30:00,0.3302170932292938,0.521011233329773,1.9247297048568726,0.075,0.0,0.235,1.8191745636463161,-0.0
1842,2013-05-30 09:00:00,0.17820550501346588,0.22741422057151794,1.9923592805862427,0.138,0.0,0.459,1.39923665213585,-0.0
1843,2013-05-30 09:30:00,0.8085032105445862,0.8101456165313721,1.8080711364746094,0.3,0.0,0.159,1.6323810791969278,-0.0
1844,2013-05-30 10:00:00,0.3564240634441376,0.6735616326332092,2.0,0.563,0.0,0.149,1.4064040186405222,-0.0
1845,2013-05-30 10:30:00,0.6394187808036804,0.7460070848464966,1.872503399848938,0.688,0.0,0.042,2.0,-0.0
1846,2013-05-30 11:00:00,0.09940474480390549,0.10887406021356583,2.0,0.775,0.0,0.28800000000000003,2.0,-0.0
1847,2013-05-30 11:30:00,0.09829312562942505,0.07687655091285706,2.0,0.831,0.0,0.17800000000000002,2.0,-0.0
1848,2013-05-30 12:00:00,0.1361677497625351,0.04654422774910927,2.0,0.794,0.0,0.64,1.9712880224883556,-0.0
1849,2013-05-30 12:30:00,0.10607067495584488,0.03619823232293129,2.0,0.963,0.0,0.34600000000000003,2.0,-0.0
1850,2013-05-30 13:00:00,0.08583097159862518,0.06219317018985748,1.9558824300765991,0.994,0.0,0.255,2.0,-0.0
1851,2013-05-30 13:30:00,0.10171651840209961,0.05088412016630173,2.0,1.063,0.0,0.409,2.0,-0.0
1852,2013-05-30 14:00:00,0.13309642672538757,0.008430305868387222,2.0,0.8,0.0,0.05,2.0,-0.0
1853,2013-05-30 14:30:00,0.0980728268623352,0.15491347014904022,2.0,0.475,0.0,0.126,2.0,-0.0
1854,2013-05-30 15:00:00,0.049415744841098785,0.17889505624771118,2.0,0.644,0.0,0.171,2.0,-0.0
1855,2013-05-30 15:30:00,0.04893079772591591,0.22752739489078522,2.0,0.444,0.0,0.301,1.866541807383299,-0.0
1856,2013-05-30 16:00:00,0.0051445020362734795,0.42374932765960693,2.0,0.206,0.0,0.214,1.8197335514649748,-0.0
1857,2013-05-30 16:30:00,0.05598098784685135,0.3476680815219879,2.0,0.069,0.0,0.268,1.6459218520075083,-0.0
1858,2013-05-30 17:00:00,0.026307839900255203,0.6421136856079102,2.0,0.013,0.0,0.161,1.879042610377073,-0.0
1859,2013-05-30 17:30:00,0.043909259140491486,0.058292828500270844,2.0,0.0,0.0,0.211,1.730707171499729,-0.0
1860,2013-05-30 18:00:00,0.0,0.3784932792186737,1.977272868156433,0.0,0.0,0.14800000000000002,2.0,-0.0
1861,2013-05-30 18:30:00,0.008225602097809315,0.00504055991768837,1.9739387035369873,0.0,0.0,0.369,1.6259594400823116,-0.0
1862,2013-05-30 19:00:00,0.0043574245646595955,0.5942357182502747,1.9484622478485107,0.0,0.0,0.931,1.2228454015851016,-0.0
1863,2013-05-30 19:30:00,1.3502066135406494,1.0582512617111206,1.446879267692566,0.0,0.0,0.17600000000000002,2.0,-0.0
1864,2013-05-30 20:00:00,0.004813797771930695,0.0,1.9483613967895508,0.0,0.0,0.496,1.504,-0.0
1865,2013-05-30 20:30:00,0.0,0.7186047434806824,1.9654959440231323,0.0,0.0,0.312,1.9613952565193176,-0.0
1866,2013-05-30 21:00:00,0.11185000836849213,0.020751934498548508,1.8992581367492676,0.0,0.0,0.276,1.6853952565193175,-0.0
1867,2013-05-30 21:30:00,0.0,0.5115533471107483,1.9336167573928833,0.0,0.0,0.5670000000000001,1.5506561398506165,-0.0
1868,2013-05-30 22:00:00,0.578637957572937,0.5833666324615479,1.6284687519073486,0.0,0.0,0.172,2.0,-0.0
1869,2013-05-30 22:30:00,0.0,0.09758054465055466,1.8974032402038574,0.0,0.0,0.224,1.6784194553494454,-0.0
1870,2013-05-30 23:00:00,0.0,0.6212942004203796,1.8794598579406738,0.0,0.0,0.166,1.85586688888073,-0.0
1871,2013-05-30 23:30:00,0.03785686194896698,0.1666438728570938,1.9406808614730835,0.0,0.0,0.81,1.3116223493814467,-0.0
1872,2013-05-31 00:00:00,1.1971971988677979,0.9870849847793579,1.4478561878204346,0.0,1.069,0.929,0.5521438121795654,-0.04332784384489054
1873,2013-05-31 00:30:00,1.6488101482391357,0.0,1.93349289894104,0.0,1.231,0.156,0.5464928989410399,-0.0
1874,2013-05-31 01:00:00,1.693526029586792,0.00442636338993907,1.9203134775161743,0.0,1.225,0.16,0.5308871141262351,-0.0
1875,2013-05-31 01:30:00,1.6304595470428467,0.0,1.8861035108566284,0.0,1.231,0.13699999999999998,0.5181035108566283,-0.0
1876,2013-05-31 02:00:00,1.6170518398284912,0.0,1.8872803449630737,0.0,0.769,0.177,0.9412803449630736,-0.0
1877,2013-05-31 02:30:00,1.316440224647522,1.4823700189590454,1.4758753776550293,0.0,0.113,0.122,2.0,-0.0
1878,2013-05-31 03:00:00,0.6938417553901672,0.0,1.8748719692230225,0.0,1.231,0.311,0.4579999999999999,-0.0
1879,2013-05-31 03:30:00,1.7177551984786987,0.0,1.8991566896438599,0.0,0.2,0.81,0.8891566896438599,-0.0
1880,2013-05-31 04:00:00,1.4002156257629395,1.5509766340255737,1.4319889545440674,0.0,0.0,0.212,2.0,-0.0
1881,2013-05-31 04:30:00,0.4944678544998169,0.017051521688699722,2.0,0.0,0.0,0.117,1.8659484783113003,-0.0
1882,2013-05-31 05:00:00,0.0,0.17604433000087738,2.0,0.0,0.094,0.225,1.7730587133765219,-0.0
1883,2013-05-31 05:30:00,0.0,0.2622106671333313,2.0,0.0,0.888,1.464,0.0,-0.043288585349321354
1884,2013-05-31 06:00:00,0.0,0.0,2.0,0.0,0.0,0.812,1.188,-0.0
1885,2013-05-31 06:30:00,1.3081846237182617,1.0824143886566162,1.509314775466919,0.0,0.0,0.03,2.0,-0.0
1886,2013-05-31 07:00:00,0.0,0.0,2.0,0.0,0.0,0.098,1.902,-0.0
1887,2013-05-31 07:30:00,0.0,0.0,1.9514572620391846,0.006,0.0,0.35700000000000004,1.6004572620391846,-0.0
1888,2013-05-31 08:00:00,0.0,0.45108023285865784,1.9590083360671997,0.025,0.0,0.3,2.0,-0.0
1889,2013-05-31 08:30:00,0.0,0.0,1.9991687536239624,0.031,0.0,0.337,1.6940000000000002,-0.0
1890,2013-05-31 09:00:00,0.0,0.268293559551239,2.0,0.05,0.0,0.118,1.663706440448761,-0.0
1891,2013-05-31 09:30:00,0.0,0.4804047644138336,2.0,0.25,0.0,0.05,2.0,-0.0
1892,2013-05-31 10:00:00,0.0,0.058785468339920044,2.0,0.488,0.0,0.156,2.0,-0.0
1893,2013-05-31 10:30:00,0.0,0.11235149949789047,2.0,0.669,0.0,1.038,1.5186485005021095,-0.0
1894,2013-05-31 11:00:00,0.0,0.24577420949935913,2.0,0.75,0.0,0.893,1.6112257905006409,-0.0
1895,2013-05-31 11:30:00,0.0,0.22071315348148346,2.0,0.8190000000000001,0.0,0.369,2.0,-0.0
1896,2013-05-31 12:00:00,0.0,0.1356021761894226,2.0,0.888,0.0,0.08800000000000001,2.0,-0.0
1897,2013-05-31 12:30:00,0.07339929789304733,0.11187116801738739,2.0,0.956,0.0,0.073,2.0,-0.0
1898,2013-05-31 13:00:00,0.05511001497507095,0.04650106281042099,2.0,0.994,0.0,0.07,2.0,-0.0
1899,2013-05-31 13:30:00,0.07258696854114532,0.0,2.0,1.069,0.0,0.08,2.0,-0.0
1900,2013-05-31 14:00:00,0.0011613786919042468,0.0,2.0,1.088,0.0,0.062,2.0,-0.0
1901,2013-05-31 14:30:00,0.0,0.0,2.0,0.981,0.0,0.08900000000000001,2.0,-0.0
1902,2013-05-31 15:00:00,0.0,0.0,2.0,0.8440000000000001,0.0,0.053,2.0,-0.0
1903,2013-05-31 15:30:00,0.0,0.0,2.0,0.55,0.0,0.1,2.0,-0.0
1904,2013-05-31 16:00:00,0.0,0.0,2.0,0.238,0.0,0.042,2.0,-0.0
1905,2013-05-31 16:30:00,0.0,0.022632401436567307,2.0,0.019,0.0,0.111,1.8853675985634328,-0.0
1906,2013-05-31 17:00:00,0.0,0.07930765300989151,2.0,0.006,0.0,0.455,1.4716923469901082,-0.0
1907,2013-05-31 17:30:00,0.06477755308151245,0.7509508728981018,2.0,0.0,0.0,0.706,1.5996644331216818,-0.0
1908,2013-05-31 18:00:00,0.8116128444671631,0.5139124989509583,1.4956315755844116,0.0,0.0,0.293,1.9937586348056782,-0.0
1909,2013-05-31 18:30:00,0.0,0.0,2.0,0.0,0.0,0.293,1.707,-0.0
1910,2013-05-31 19:00:00,0.0,0.3641852140426636,2.0,0.0,0.0,0.157,2.0,-0.0
1911,2013-05-31 19:30:00,0.0,0.0,2.0,0.0,0.0,0.214,1.786,-0.0
1912,2013-05-31 20:00:00,0.0,0.20684149861335754,2.0,0.0,0.0,0.18600000000000005,1.6071585013866425,-0.0
1913,2013-05-31 20:30:00,0.0,0.6394714117050171,2.0,0.0,0.0,0.415,1.7312115855216978,-0.0
1914,2013-05-31 21:00:00,0.17151379585266113,0.39677441120147705,2.0,0.0,0.0,0.199,1.9418024177551272,-0.0
1915,2013-05-31 21:30:00,0.002741319127380848,0.03404180705547333,2.0,0.0,0.0,0.31,1.6559581929445266,-0.0
1916,2013-05-31 22:00:00,0.004882605280727148,0.5928559899330139,2.0,0.0,0.0,0.113,1.9822276241779329,-0.0
1917,2013-05-31 22:30:00,0.031029608100652695,0.07309721410274506,2.0,0.0,0.0,0.049,1.9134475375413893,-0.0
1918,2013-05-31 23:00:00,0.02052932046353817,0.12837530672550201,1.9985616207122803,0.0,0.0,0.14800000000000002,1.8967296181917193,-0.0
1919,2013-05-31 23:30:00,0.029264289885759354,0.1409502774477005,2.0,0.0,0.0,1.276,0.789590486168861,-0.0
1920,2013-06-01 00:00:00,0.9160159826278687,0.01787213608622551,2.0,0.0,0.0,0.06,1.9221278639137744,-0.0
1921,2013-06-01 00:30:00,0.12326288223266602,0.1925622969865799,1.9634424448013306,0.0,0.0,0.113,1.8501819751858712,-0.0
1922,2013-06-01 01:00:00,0.12473990768194199,0.2561592757701874,1.9477944374084473,0.0,1.069,0.024,0.9504767738580702,-0.0
1923,2013-06-01 01:30:00,1.5781162977218628,1.630335807800293,1.696406364440918,0.0,1.244,0.119,1.1057106444835667,-0.0
1924,2013-06-01 02:00:00,1.7228504419326782,1.7497130632400513,1.940087080001831,0.0,0.213,0.131,1.6948656477928152,-0.0
1925,2013-06-01 02:30:00,1.2842071056365967,0.7323366403579712,1.9506869316101074,0.0,0.619,0.032,1.2269320640563985,-0.0
1926,2013-06-01 03:00:00,1.6686887741088867,1.2757304906845093,1.8820768594741821,0.0,0.5,0.142,1.6284053812026937,-0.0
1927,2013-06-01 03:30:00,1.113641619682312,0.8253276944160461,1.9032725095748901,0.0,0.0,0.848,1.0698615431785665,-0.0
1928,2013-06-01 04:00:00,1.3586763143539429,1.372078776359558,1.441969871520996,0.0,0.0,0.691,1.797198137283309,-0.0
1929,2013-06-01 04:30:00,0.6992045640945435,0.43485188484191895,1.4772207736968994,0.0,0.956,0.086,0.9287518405914631,-0.0
1930,2013-06-01 05:00:00,1.3642947673797607,1.6362216472625732,1.7054611444473267,0.0,0.0,0.181,2.0,-0.0
1931,2013-06-01 05:30:00,0.7032405138015747,0.10249146074056625,2.0,0.0,0.0,0.7290000000000001,1.1685085392594337,-0.0
1932,2013-06-01 06:00:00,1.370522141456604,1.2491354942321777,1.469693899154663,0.0,0.0,0.7509999999999999,1.662847427248955,-0.0
1933,2013-06-01 06:30:00,0.877332329750061,0.5347064137458801,1.477165937423706,0.013,0.0,0.8059999999999999,1.3075987317562099,-0.0
1934,2013-06-01 07:00:00,1.2150861024856567,1.0812811851501465,1.5006383657455444,0.044,0.0,0.644,1.5715213513374335,-0.0
1935,2013-06-01 07:30:00,0.8533486127853394,0.7500574588775635,1.5338785648345947,0.106,0.0,0.11,1.7848998384475692,-0.0
1936,2013-06-01 08:00:00,0.03513442352414131,0.519137978553772,1.9800242185592651,0.188,0.0,0.096,1.8976590739786656,-0.0
1937,2013-06-01 08:30:00,0.0,0.2284606397151947,1.955871343612671,0.35,0.0,0.161,2.0,-0.0
1938,2013-06-01 09:00:00,0.018671400845050812,0.14428231120109558,1.9934710264205933,0.531,0.0,0.534,1.8340462879538537,-0.0
1939,2013-06-01 09:30:00,0.0667504370212555,0.23847618699073792,1.988310694694519,0.888,0.0,0.131,2.0,-0.0
1940,2013-06-01 10:00:00,0.0826917216181755,0.08501340448856354,1.953694224357605,1.006,0.0,0.14,2.0,-0.0
1941,2013-06-01 10:30:00,0.014564639888703823,0.0,2.0,1.081,0.0,0.138,2.0,-0.0
1942,2013-06-01 11:00:00,0.03920586779713631,0.0,1.9994924068450928,1.369,0.0,0.154,2.0,-0.0
1943,2013-06-01 11:30:00,0.020713908597826958,0.0,2.0,1.475,0.0,0.032,2.0,-0.0
1944,2013-06-01 12:00:00,0.010935288853943348,0.0,1.980245590209961,1.55,0.0,0.102,2.0,-0.0
1945,2013-06-01 12:30:00,0.034616868942976,0.0,2.0,1.6,0.0,0.329,2.0,-0.0
1946,2013-06-01 13:00:00,0.04156789928674698,0.0,1.9226112365722656,1.631,0.0,0.241,2.0,-0.0
1947,2013-06-01 13:30:00,0.032221630215644836,0.0,1.916502833366394,1.65,0.0,0.394,2.0,-0.0
1948,2013-06-01 14:00:00,0.007455943617969751,0.016867591068148613,2.0,1.625,0.0,0.221,2.0,-0.0
1949,2013-06-01 14:30:00,0.060042839497327805,0.019309675320982933,2.0,1.594,0.0,0.184,2.0,-0.0
1950,2013-06-01 15:00:00,0.04148387536406517,0.0,1.960866093635559,1.531,0.0,0.087,2.0,-0.0
1951,2013-06-01 15:30:00,0.05219221115112305,0.0,1.982169270515442,1.444,0.0,0.07200000000000001,2.0,-0.0
1952,2013-06-01 16:00:00,0.06131591275334358,0.0350501723587513,2.0,1.331,0.0,0.16,2.0,-0.0
1953,2013-06-01 16:30:00,0.08605357259511948,0.0656929463148117,2.0,1.194,0.0,0.198,2.0,-0.0
1954,2013-06-01 17:00:00,0.06652595847845078,0.05894150212407112,2.0,1.025,0.0,0.063,2.0,-0.0
1955,2013-06-01 17:30:00,0.003748571965843439,0.05500936508178711,2.0,0.838,0.0,0.119,2.0,-0.0
1956,2013-06-01 18:00:00,0.0,0.10444860905408859,1.9595913887023926,0.631,0.0,0.155,2.0,-0.0
1957,2013-06-01 18:30:00,0.0,0.024993281811475754,1.9991872310638428,0.425,0.0,0.189,2.0,-0.0
1958,2013-06-01 19:00:00,0.012135294266045094,0.03201771527528763,1.9766877889633179,0.15,0.0,0.208,1.8978469904586672,-0.0
1959,2013-06-01 19:30:00,0.025430023670196533,0.1048562079668045,2.0,0.05,0.0,0.29100000000000004,1.7821597401052718,-0.0
1960,2013-06-01 20:00:00,0.0,0.2671145796775818,2.0,0.019,0.0,0.168,2.0,-0.0
1961,2013-06-01 20:30:00,0.02568492665886879,0.005839945748448372,2.0,0.0,0.0,0.177,1.8171600542515516,-0.0
1962,2013-06-01 21:00:00,0.009857972152531147,0.21014787256717682,2.0,0.0,0.0,0.25,1.90553201892972,-0.0
1963,2013-06-01 21:30:00,0.009149168618023396,0.09436509758234024,2.0,0.0,0.0,0.251,1.6546349024176599,-0.0
1964,2013-06-01 22:00:00,0.0,0.4833248555660248,2.0,0.0,0.0,0.244,1.9634053395986555,-0.0
1965,2013-06-01 22:30:00,0.0,0.08507202565670013,2.0,0.0,0.0,0.136,1.8521172951459888,-0.0
1966,2013-06-01 23:00:00,0.0,0.19294841587543488,2.0,0.0,0.0,0.532,1.5708169938325875,-0.0
1967,2013-06-01 23:30:00,0.02158355712890625,0.6061135530471802,2.0,0.0,0.0,0.498,1.7542524592876447,-0.0
1968,2013-06-02 00:00:00,0.04505598917603493,0.29017874598503113,2.0,0.0,0.0,0.06,2.0,-0.0
1969,2013-06-02 00:30:00,0.0,0.03265963867306709,2.0,0.0,0.0,0.196,1.771340361326933,-0.0
1970,2013-06-02 01:00:00,0.0,0.2922053039073944,2.0,0.0,1.063,0.193,0.9091139734387395,-0.0
1971,2013-06-02 01:30:00,1.086487889289856,1.5072591304779053,1.7409659624099731,0.0,1.256,0.181,1.2375129226446158,-0.0
1972,2013-06-02 02:00:00,1.6526498794555664,1.3157572746276855,2.0,0.0,0.275,0.239,1.6952168800830831,-0.0
1973,2013-06-02 02:30:00,0.5712336301803589,0.628008246421814,1.8982592821121216,0.0,0.363,0.14800000000000002,1.4705579934120196,-0.0
1974,2013-06-02 03:00:00,1.0614792108535767,0.8529214262962341,1.837601900100708,0.0,0.725,0.314,1.1669625868797264,-0.0
1975,2013-06-02 03:30:00,1.1939862966537476,1.2076491117477417,1.7812103033065796,0.0,0.0,0.8640000000000001,1.5944257144928053,-0.0
1976,2013-06-02 04:00:00,0.8987755179405212,0.5785461664199829,1.5096921920776367,0.0,0.0,0.7440000000000001,1.4886024045944062,-0.0
1977,2013-06-02 04:30:00,0.700249195098877,0.6771321892738342,1.6343883275985718,0.0,0.0,0.092,2.0,-0.0
1978,2013-06-02 05:00:00,0.0,0.0,1.9450863599777222,0.0,0.938,0.114,0.9480000000000001,-0.0
1979,2013-06-02 05:30:00,1.2503470182418823,1.3011555671691895,1.633434534072876,0.0,0.0,1.335,1.4678444328308107,-0.0
1980,2013-06-02 06:00:00,1.3607096672058105,0.7298795580863953,1.5470739603042603,0.0,0.0,1.054,1.2804315762519833,-0.0
1981,2013-06-02 06:30:00,1.4132537841796875,0.8597057461738586,1.5571197271347046,0.0,0.0,0.487,2.0,-0.0
1982,2013-06-02 07:00:00,0.09019497781991959,0.0,2.0,0.025,0.0,0.053,1.947,-0.0
1983,2013-06-02 07:30:00,0.03887437283992767,0.0,1.9940760135650635,0.113,0.0,0.209,1.8592016407251357,-0.0
1984,2013-06-02 08:00:00,0.006565415300428867,0.0,2.0,0.175,0.0,0.192,1.976434584699571,-0.0
1985,2013-06-02 08:30:00,0.0,0.0,2.0,0.263,0.0,0.243,2.0,-0.0
1986,2013-06-02 09:00:00,0.0,0.0,2.0,0.381,0.0,0.36,2.0,-0.0
1987,2013-06-02 09:30:00,0.0,0.0,2.0,0.438,0.0,0.268,2.0,-0.0
1988,2013-06-02 10:00:00,0.0,0.0,2.0,0.706,0.0,0.065,2.0,-0.0
1989,2013-06-02 10:30:00,0.04080069810152054,0.0,2.0,0.9,0.0,0.255,2.0,-0.0
1990,2013-06-02 11:00:00,0.08411797136068344,0.0,2.0,1.156,0.0,0.19,2.0,-0.0
1991,2013-06-02 11:30:00,0.10737492144107819,0.0,2.0,1.194,0.0,0.086,2.0,-0.0
1992,2013-06-02 12:00:00,0.06753036379814148,0.0,1.9879475831985474,1.4,0.0,0.276,2.0,-0.0
1993,2013-06-02 12:30:00,0.0933784767985344,0.0,1.9552836418151855,1.394,0.0,0.165,2.0,-0.0
1994,2013-06-02 13:00:00,0.07528125494718552,0.0,1.9190459251403809,1.638,0.0,0.241,2.0,-0.0
1995,2013-06-02 13:30:00,0.09760265797376633,0.0,1.9856418371200562,1.238,0.0,0.256,2.0,-0.0
1996,2013-06-02 14:00:00,0.1230529323220253,0.0,2.0,1.713,0.0,0.334,2.0,-0.0
1997,2013-06-02 14:30:00,0.1826423704624176,0.0,2.0,1.669,0.0,0.07400000000000001,2.0,-0.0
1998,2013-06-02 15:00:00,0.08688666671514511,0.0,2.0,1.6,0.0,0.151,2.0,-0.0
1999,2013-06-02 15:30:00,0.02142464555799961,0.025439301505684853,2.0,1.494,0.0,0.059,2.0,-0.0
2000,2013-06-02 16:00:00,0.06920911371707916,0.0,2.0,1.388,0.0,0.21,2.0,-0.0
2001,2013-06-02 16:30:00,0.06954813748598099,0.0,2.0,1.244,0.0,0.32299999999999995,2.0,-0.0
2002,2013-06-02 17:00:00,0.13329175114631653,0.0,2.0,1.075,0.0,0.129,2.0,-0.0
2003,2013-06-02 17:30:00,0.1270153522491455,0.0,2.0,0.8690000000000001,0.0,0.146,2.0,-0.0
2004,2013-06-02 18:00:00,0.10234280675649643,0.0,1.9658088684082031,0.6559999999999999,0.0,0.109,2.0,-0.0
2005,2013-06-02 18:30:00,0.11625950783491135,0.0,1.9821813106536865,0.394,0.0,0.21,2.0,-0.0
2006,2013-06-02 19:00:00,0.09075606614351273,0.0,2.0,0.081,0.0,0.225,1.775,-0.0
2007,2013-06-02 19:30:00,0.04563193395733833,0.20615695416927338,2.0,0.031,0.0,0.198,1.9838430458307266,-0.0
2008,2013-06-02 20:00:00,0.0,0.008483302779495716,1.9908194541931152,0.006,0.0,0.191,1.7988430458307265,-0.0
2009,2013-06-02 20:30:00,0.0,0.10265864431858063,2.0,0.0,0.0,0.206,1.6913413556814194,-0.0
2010,2013-06-02 21:00:00,0.0,0.2970156967639923,1.960845947265625,0.0,0.0,0.292,1.3993413556814194,-0.0
2011,2013-06-02 21:30:00,0.29574108123779297,0.6726390719413757,1.8055992126464844,0.0,0.0,0.223,2.0,-0.0
2012,2013-06-02 22:00:00,0.0,0.0,1.8738272190093994,0.0,0.0,0.165,1.835,-0.0
2013,2013-06-02 22:30:00,0.0,0.0,1.8869258165359497,0.0,0.0,0.18,1.7069258165359498,-0.0
2014,2013-06-02 23:00:00,0.0,0.1420699506998062,1.9669253826141357,0.0,0.0,0.736,1.0888554319143295,-0.0
2015,2013-06-02 23:30:00,1.3081947565078735,1.1762099266052246,1.3064477443695068,0.0,0.0,0.754,1.892079209566116,-0.0
2016,2013-06-24 00:00:00,0.41464611887931824,0.07537729293107986,1.372341275215149,0.0,1.069,0.057,0.7660792095661162,-0.0
2017,2013-06-24 00:30:00,1.4698376655578613,0.0017567634349688888,1.9083139896392822,0.0,1.238,0.912,0.0,-0.06572954892483542
2018,2013-06-24 01:00:00,1.4195462465286255,0.012547189369797707,1.9842538833618164,0.0,1.238,0.8540000000000001,0.0,-0.03247919262215498
2019,2013-06-24 01:30:00,1.1650750637054443,0.07041811943054199,1.9724613428115845,0.0,1.25,0.145,0.5070432233810425,-0.0
2020,2013-06-24 02:00:00,1.5926337242126465,0.018721163272857666,1.937169075012207,0.0,1.25,0.138,0.5304479117393494,-0.0
2021,2013-06-24 02:30:00,1.5175532102584839,0.0,1.8861318826675415,0.0,0.08800000000000001,0.618,1.1801318826675415,-0.0
2022,2013-06-24 03:00:00,1.0911144018173218,1.1827181577682495,1.5400254726409912,0.0,0.831,0.6890000000000001,0.9370180768966674,-0.0
2023,2013-06-24 03:30:00,1.114540457725525,1.4172462224960327,1.497699499130249,0.0,0.381,1.154,1.1737176237106326,-0.0
2024,2013-06-24 04:00:00,1.4732056856155396,1.220607876777649,1.6133215427398682,0.0,0.0,0.262,2.0,-0.0
2025,2013-06-24 04:30:00,0.12123025208711624,0.03404681757092476,1.9613378047943115,0.0,0.05,0.065,1.8509531824290752,-0.0
2026,2013-06-24 05:00:00,0.0,0.07242970168590546,2.0,0.0,0.944,0.116,0.8675702983140946,-0.0
2027,2013-06-24 05:30:00,0.9709141850471497,1.4366103410720825,1.6057277917861938,0.0,0.0,0.789,2.0,-0.0
2028,2013-06-24 06:00:00,0.6574227213859558,0.0,1.4052332639694214,0.0,0.0,0.7020000000000001,1.298,-0.0
2029,2013-06-24 06:30:00,0.5859739780426025,0.9447064995765686,1.8372753858566284,0.0,0.0,0.767,1.6922935004234314,-0.0
2030,2013-06-24 07:00:00,0.6719973087310791,0.33726605772972107,1.3633991479873657,0.0,0.0,0.097,2.0,-0.0
2031,2013-06-24 07:30:00,0.0,0.08171362429857254,2.0,0.0,0.0,0.051,1.8672863757014275,-0.0
2032,2013-06-24 08:00:00,0.0,0.10213734209537506,2.0,0.0,0.0,0.07400000000000001,1.8238626579046249,-0.0
2033,2013-06-24 08:30:00,0.011841187253594398,0.08467423915863037,2.0,0.0,0.0,0.265,1.6503257608413695,-0.0
2034,2013-06-24 09:00:00,0.014143329113721848,0.3138384222984314,1.9970035552978516,0.0,0.0,0.16,1.5231651329994202,-0.0
2035,2013-06-24 09:30:00,0.13563697040081024,0.630156934261322,1.9256911277770996,0.069,0.0,0.448,1.737512799739838,-0.0
2036,2013-06-24 10:00:00,0.22889164090156555,0.22821421921253204,1.8654054403305054,0.156,0.0,0.066,1.918760181307792,-0.0
2037,2013-06-24 10:30:00,0.0977550521492958,0.06154877692461014,1.920406699180603,0.206,0.0,0.096,2.0,-0.0
2038,2013-06-24 11:00:00,0.07802655547857285,0.0,1.8848934173583984,0.431,0.0,0.057,2.0,-0.0
2039,2013-06-24 11:30:00,0.103126659989357,0.0706607922911644,1.89618718624115,0.8809999999999999,0.0,0.11,2.0,-0.0
2040,2013-06-24 12:00:00,0.08149003237485886,0.060292720794677734,1.9223730564117432,0.563,0.0,0.664,1.757217246830463,-0.0
2041,2013-06-24 12:30:00,0.07340815663337708,0.1190967857837677,2.0,0.45,0.0,0.706,1.5514950575828554,-0.0
2042,2013-06-24 13:00:00,0.2210754156112671,0.2992115318775177,1.9273433685302734,0.306,0.0,1.105,1.1355721061229702,-0.0
2043,2013-06-24 13:30:00,0.6272082924842834,0.0647420883178711,2.0,0.363,0.0,0.846,1.0892579116821288,-0.0
2044,2013-06-24 14:00:00,0.7459355592727661,0.051653098315000534,2.0,0.381,0.0,0.219,1.7293469016849994,-0.0
2045,2013-06-24 14:30:00,0.1359875649213791,0.33253416419029236,2.0,0.275,0.0,0.171,1.9048093376755715,-0.0
2046,2013-06-24 15:00:00,0.10220787674188614,0.22730092704296112,2.0,0.156,0.0,0.5579999999999999,1.45887252086401,-0.0
2047,2013-06-24 15:30:00,1.0242551565170288,0.8031882047653198,1.6074391603469849,0.15,0.0,1.378,0.6010667535066603,-0.0
2048,2013-06-24 16:00:00,0.25616544485092163,0.0,1.9755566120147705,0.075,0.0,1.588,0.38755661201477043,-0.0
2049,2013-06-24 16:30:00,0.09762675315141678,0.0,1.904046893119812,0.019,0.0,1.331,0.573046893119812,-0.0
2050,2013-06-24 17:00:00,0.17215496301651,0.0,1.9105945825576782,0.0,0.0,0.969,0.9415945825576783,-0.0
2051,2013-06-24 17:30:00,1.2744781970977783,0.6286779642105103,1.70274817943573,0.0,0.0,0.483,0.5910702152252197,-0.0
2052,2013-06-24 18:00:00,1.2930008172988892,0.0,1.946136474609375,0.0,0.0,0.403,1.543136474609375,-0.0
2053,2013-06-24 18:30:00,0.1286015808582306,0.5641400218009949,1.8767144680023193,0.0,0.0,0.456,1.8935870289802552,-0.0
2054,2013-06-24 19:00:00,0.22105292975902557,0.0430859699845314,1.8737165927886963,0.0,0.0,0.214,1.6795870289802552,-0.0
2055,2013-06-24 19:30:00,0.04565635323524475,0.41847050189971924,1.9408756494522095,0.0,0.0,0.202,2.0,-0.0
2056,2013-06-24 20:00:00,0.0,0.02928350493311882,1.9782054424285889,0.0,0.0,0.481,1.4897164950668813,-0.0
2057,2013-06-24 20:30:00,0.11981843411922455,0.8071785569190979,1.9027276039123535,0.0,0.0,0.17,2.0,-0.0
2058,2013-06-24 21:00:00,0.006337456405162811,0.027922997251152992,1.9147499799728394,0.0,0.0,0.266,1.706077002748847,-0.0
2059,2013-06-24 21:30:00,0.0,0.3957078754901886,1.9226967096328735,0.0,0.0,0.326,1.8661381190121173,-0.0
2060,2013-06-24 22:00:00,0.0,0.09888215363025665,1.9304217100143433,0.0,0.0,0.113,1.7531381190121174,-0.0
2061,2013-06-24 22:30:00,0.0,0.3788398504257202,1.9264475107192993,0.0,0.0,0.056,2.0,-0.0
2062,2013-06-24 23:00:00,0.0,0.07499371469020844,1.9138844013214111,0.0,0.0,0.127,1.7980062853097916,-0.0
2063,2013-06-24 23:30:00,0.0,0.2817634344100952,1.9685685634613037,0.0,0.0,0.665,1.4572239949703212,-0.0
2064,2013-06-25 00:00:00,0.6255529522895813,0.7509346008300781,1.655305027961731,0.0,1.063,0.128,1.1436174092292797,-0.0
2065,2013-06-25 00:30:00,1.672289490699768,1.167332410812378,1.7506847381591797,0.0,1.231,0.092,1.2224327707290628,-0.0
2066,2013-06-25 01:00:00,1.916095495223999,1.2814676761627197,1.9382139444351196,0.0,1.238,0.047,0.9886667823791547,-0.0
2067,2013-06-25 01:30:00,1.9980785846710205,0.12052485346794128,1.9552574157714844,0.0,1.231,0.102,0.501732562303543,-0.0
2068,2013-06-25 02:00:00,1.9375967979431152,0.043346013873815536,1.945982813835144,0.0,1.231,0.037000000000000005,0.6346367999613284,-0.0
2069,2013-06-25 02:30:00,1.944273829460144,0.08968686312437057,1.8853126764297485,0.0,0.6559999999999999,0.11,1.029625813305378,-0.0
2070,2013-06-25 03:00:00,1.5798038244247437,1.485720157623291,1.5790656805038452,0.0,0.188,0.093,2.0,-0.0
2071,2013-06-25 03:30:00,0.4926375448703766,0.08862073719501495,1.8880668878555298,0.0,1.013,0.698,0.2003792628049852,-0.0
2072,2013-06-25 04:00:00,1.9271618127822876,0.0,1.8583773374557495,0.0,0.0,0.038,1.8203773374557495,-0.0
2073,2013-06-25 04:30:00,0.0,0.16909803450107574,1.838346004486084,0.0,0.0,0.102,1.7183773374557494,-0.0
2074,2013-06-25 05:00:00,0.0,0.44858959317207336,1.8410636186599731,0.0,0.619,0.083,1.412655731916428,-0.0
2075,2013-06-25 05:30:00,1.7105872631072998,0.9403387308120728,1.7028909921646118,0.0,0.363,0.682,1.1893498053550715,-0.0
2076,2013-06-25 06:00:00,1.359340786933899,1.1431093215942383,1.4070079326629639,0.0,0.0,0.028,2.0,-0.0
2077,2013-06-25 06:30:00,0.1176011711359024,0.030943136662244797,1.8874056339263916,0.0,0.0,0.098,1.8710568633377551,-0.0
2078,2013-06-25 07:00:00,0.06490083038806915,0.19291190803050995,1.846772313117981,0.0,0.0,0.055,2.0,-0.0
2079,2013-06-25 07:30:00,0.04461091756820679,0.04906199127435684,1.9025877714157104,0.0,0.0,0.093,1.8579380087256432,-0.0
2080,2013-06-25 08:00:00,0.03871547058224678,0.13961070775985718,2.0,0.025,0.0,0.263,1.8315132747888567,-0.0
2081,2013-06-25 08:30:00,0.08781584352254868,0.0972219705581665,1.9859068393707275,0.081,0.0,0.46,1.6177514798641202,-0.0
2082,2013-06-25 09:00:00,0.15583157539367676,0.5419543981552124,1.9997141361236572,0.106,0.0,0.158,1.8525426421165476,-0.0
2083,2013-06-25 09:30:00,0.0970957949757576,0.0021872520446777344,2.0,0.063,0.0,0.152,1.8458127479553224,-0.0
2084,2013-06-25 10:00:00,0.02000833861529827,0.007503412663936615,2.0,0.081,0.0,0.079,1.9744882487207651,-0.0
2085,2013-06-25 10:30:00,0.0,0.0,2.0,0.1,0.0,0.161,1.939,-0.0
2086,2013-06-25 11:00:00,0.0,0.0,2.0,0.138,0.0,0.061,2.0,-0.0
2087,2013-06-25 11:30:00,0.0,0.0,2.0,0.14400000000000002,0.0,0.35600000000000004,1.788,-0.0
2088,2013-06-25 12:00:00,0.0,0.09743327647447586,2.0,0.2,0.0,0.07,2.0,-0.0
2089,2013-06-25 12:30:00,0.0,0.0,2.0,0.194,0.0,0.69,1.504,-0.0
2090,2013-06-25 13:00:00,0.33777254819869995,0.6867725253105164,1.8491634130477905,0.15,0.0,1.635,0.3702274746894838,-0.0
2091,2013-06-25 13:30:00,0.0,0.0073739588260650635,1.9688825607299805,0.519,0.0,0.35700000000000004,2.0,-0.0
2092,2013-06-25 14:00:00,0.0,0.05625419691205025,1.9228515625,0.206,0.0,0.08,2.0,-0.0
2093,2013-06-25 14:30:00,0.0,0.055676255375146866,1.8728374242782593,0.35,0.0,0.915,1.3793237446248532,-0.0
2094,2013-06-25 15:00:00,1.1763554811477661,0.6790457367897034,1.7247538566589355,0.463,0.0,1.673,0.27524614334106445,-0.0842236297327281
2095,2013-06-25 15:30:00,0.0,0.05632169172167778,1.9816138744354248,0.069,0.0,1.628,0.3662921827137471,-0.0
2096,2013-06-25 16:00:00,0.0,0.1130257174372673,1.9145612716674805,0.081,0.0,1.664,0.2185355542302132,-0.0
2097,2013-06-25 16:30:00,0.0,0.15468232333660126,1.9067628383636475,0.025,0.0,1.61,0.16708051502704602,-0.0
2098,2013-06-25 17:00:00,0.0,0.2075776308774948,1.935662865638733,0.0,0.0,0.659,1.069085234761238,-0.0
2099,2013-06-25 17:30:00,1.360341191291809,1.375761866569519,1.422318935394287,0.0,0.0,0.145,2.0,-0.0
2100,2013-06-25 18:00:00,0.08902724087238312,0.11629956215620041,1.9698156118392944,0.0,0.0,0.8959999999999999,0.9877004378437997,-0.0
2101,2013-06-25 18:30:00,1.4311752319335938,1.3942739963531494,1.4373490810394287,0.0,0.0,0.225,2.0,-0.0
2102,2013-06-25 19:00:00,0.1411985605955124,0.1557500660419464,2.0,0.0,0.0,0.228,1.6162499339580536,-0.0
2103,2013-06-25 19:30:00,0.0,0.5751990079879761,1.9655910730361938,0.0,0.0,0.203,1.9893011240959162,-0.0
2104,2013-06-25 20:00:00,0.0,0.09676499664783478,1.9823198318481445,0.0,0.0,0.211,1.7136327551603328,-0.0
2105,2013-06-25 20:30:00,0.0,0.38688036799430847,2.0,0.0,0.0,0.209,1.9768541216850255,-0.0
2106,2013-06-25 21:00:00,0.0,0.05327330902218819,2.0,0.0,0.0,0.195,1.7980184476077608,-0.0
2107,2013-06-25 21:30:00,0.031298063695430756,0.08733680099248886,2.0,0.0,0.0,0.431,1.481663199007511,-0.0
2108,2013-06-25 22:00:00,0.07634696364402771,0.6733412146568298,1.9387553930282593,0.0,0.0,0.316,2.0,-0.0
2109,2013-06-25 22:30:00,0.006654152646660805,0.0,1.9561114311218262,0.0,0.0,0.115,1.885,-0.0
2110,2013-06-25 23:00:00,0.015080357901751995,0.0,2.0,0.0,0.0,0.731,1.2690000000000001,-0.0
2111,2013-06-25 23:30:00,0.5449295043945312,0.8160730004310608,1.8644607067108154,0.0,0.0,1.544,1.101926999568939,-0.0
2112,2013-06-26 00:00:00,1.2820130586624146,1.039452075958252,1.8573088645935059,0.0,1.081,0.029,1.6466939249038703,-0.0
2113,2013-06-26 00:30:00,1.467522144317627,0.5444322228431702,1.9562060832977295,0.0,1.225,0.815,0.12217992734908911,-0.0
2114,2013-06-26 01:00:00,2.0,0.0,2.0,0.0,1.231,0.865,0.0,-0.025920000000000026
2115,2013-06-26 01:30:00,2.0,0.0,2.0,0.0,1.238,0.93,0.0,-0.04536000000000001
2116,2013-06-26 02:00:00,2.0,0.0,2.0,0.0,0.419,0.857,0.724,-0.0
2117,2013-06-26 02:30:00,1.573891043663025,0.0,2.0,0.0,0.431,0.449,1.1199999999999999,-0.0
2118,2013-06-26 03:00:00,1.4205737113952637,1.197213888168335,1.4835344552993774,0.0,0.738,0.163,1.661786111831665,-0.0
2119,2013-06-26 03:30:00,1.0547248125076294,0.6017541289329529,1.8048934936523438,0.0,0.0,1.054,1.020673647403717,-0.0
2120,2013-06-26 04:00:00,1.4237959384918213,1.33086359500885,1.4909043312072754,0.0,0.0,0.595,2.0,-0.0
2121,2013-06-26 04:30:00,0.5509021282196045,0.0,1.861633062362671,0.0,0.0,0.095,1.905,-0.0
2122,2013-06-26 05:00:00,0.0,0.06040729954838753,2.0,0.0,0.969,0.085,0.8855927004516126,-0.0
2123,2013-06-26 05:30:00,1.3749874830245972,0.0,1.9672240018844604,0.0,0.0,1.075,0.8922240018844605,-0.0
2124,2013-06-26 06:00:00,0.7987654209136963,0.0,1.918047547340393,0.0,0.0,0.648,1.270047547340393,-0.0
2125,2013-06-26 06:30:00,0.47846248745918274,0.9956326484680176,1.8595330715179443,0.0,0.0,0.888,1.5762722568511967,-0.0
2126,2013-06-26 07:00:00,0.9956644177436829,0.6357600688934326,1.4849839210510254,0.0,0.0,0.061,2.0,-0.0
2127,2013-06-26 07:30:00,0.0,0.0,2.0,0.0,0.0,0.098,1.902,-0.0
2128,2013-06-26 08:00:00,0.0,0.0,2.0,0.0,0.0,0.223,1.777,-0.0
2129,2013-06-26 08:30:00,0.0,0.1356217861175537,2.0,0.0,0.0,0.211,1.6533782138824462,-0.0
2130,2013-06-26 09:00:00,0.0,0.44401001930236816,1.9849742650985718,0.0,0.0,0.407,1.8422335529327398,-0.0
2131,2013-06-26 09:30:00,0.0,0.0,2.0,0.0,0.0,0.149,1.851,-0.0
2132,2013-06-26 10:00:00,0.0,0.0,2.0,0.075,0.0,0.069,2.0,-0.0
2133,2013-06-26 10:30:00,0.0,0.0,1.9663158655166626,0.419,0.0,0.078,2.0,-0.0
2134,2013-06-26 11:00:00,0.0,0.0,2.0,0.375,0.0,0.219,2.0,-0.0
2135,2013-06-26 11:30:00,0.0,0.0,1.9989901781082153,0.438,0.0,0.529,1.9090000000000003,-0.0
2136,2013-06-26 12:00:00,0.0,0.0,1.997637152671814,0.425,0.0,0.235,2.0,-0.0
2137,2013-06-26 12:30:00,0.0,0.0,2.0,0.6,0.0,0.16699999999999998,2.0,-0.0
2138,2013-06-26 13:00:00,0.0,0.0,2.0,0.525,0.0,0.053,2.0,-0.0
2139,2013-06-26 13:30:00,0.0,0.0023449473083019257,2.0,0.625,0.0,0.6729999999999999,1.949655052691698,-0.0
2140,2013-06-26 14:00:00,0.0,0.0,2.0,0.419,0.0,0.34600000000000003,2.0,-0.0
2141,2013-06-26 14:30:00,0.0,0.0,1.9613162279129028,0.838,0.0,0.298,2.0,-0.0
2142,2013-06-26 15:00:00,0.0,0.0,1.9916361570358276,0.438,0.0,1.036,1.4020000000000001,-0.0
2143,2013-06-26 15:30:00,0.0230405330657959,0.6245570778846741,1.976845622062683,0.281,0.0,1.605,1.1783213229179381,-0.0
2144,2013-06-26 16:00:00,0.03440149873495102,0.0,2.0,0.069,0.0,1.568,0.46659850126504887,-0.0
2145,2013-06-26 16:30:00,0.0,0.014827492646872997,2.0,0.031,0.0,1.179,0.8371725073531271,-0.0
2146,2013-06-26 17:00:00,0.14963626861572266,0.0,2.0,0.0,0.0,0.385,1.615,-0.0
2147,2013-06-26 17:30:00,0.0,0.7566277980804443,2.0,0.0,0.0,0.161,1.8523722019195552,-0.0
2148,2013-06-26 18:00:00,0.0622054859995842,0.40346047282218933,2.0,0.0,0.0,0.5710000000000001,1.3207951233387,-0.0
2149,2013-06-26 18:30:00,1.0960888862609863,1.033612847328186,1.668511986732483,0.0,0.0,0.241,2.0,-0.0
2150,2013-06-26 19:00:00,0.01579059660434723,0.08554227650165558,2.0,0.0,0.0,0.255,1.6594577234983445,-0.0
2151,2013-06-26 19:30:00,0.0,0.7125563621520996,2.0,0.0,0.0,0.196,1.7725281908512114,-0.0
2152,2013-06-26 20:00:00,0.16490089893341064,0.5683438777923584,1.9931100606918335,0.0,0.0,0.24,1.6465997405052186,-0.0
2153,2013-06-26 20:30:00,0.17039473354816437,0.7363909482955933,1.8988690376281738,0.0,0.0,0.211,1.7594095706939694,-0.0
2154,2013-06-26 21:00:00,0.11344102025032043,0.5597556233406067,1.9162644147872925,0.0,0.0,0.224,1.6974252352714547,-0.0
2155,2013-06-26 21:30:00,0.08747010678052902,0.6492153406143188,1.9301766157150269,0.0,0.0,0.252,1.7039341888427717,-0.0
2156,2013-06-26 22:00:00,0.04876165837049484,0.5596532225608826,1.9419746398925781,0.0,0.0,0.638,1.3944783997535737,-0.0
2157,2013-06-26 22:30:00,0.8281996846199036,0.8924142718315125,1.586255431175232,0.0,0.0,0.232,2.0,-0.0
2158,2013-06-26 23:00:00,0.06978857517242432,0.03547554463148117,1.8855865001678467,0.0,0.0,0.314,1.6505244553685188,-0.0
2159,2013-06-26 23:30:00,0.03255307674407959,0.699448823928833,1.8960741758346558,0.0,0.0,0.6940000000000001,1.3055022653341295,-0.0
2160,2013-06-27 00:00:00,1.2140390872955322,0.9875674843788147,1.469274878501892,0.0,1.069,0.079,1.2534279849529264,-0.0
2161,2013-06-27 00:30:00,1.8122056722640991,1.1821248531341553,1.8409048318862915,0.0,1.238,0.107,0.9660191769599917,-0.0
2162,2013-06-27 01:00:00,1.9086412191390991,0.0,1.8833903074264526,0.0,1.244,0.028,0.6113903074264526,-0.0
2163,2013-06-27 01:30:00,1.9463430643081665,0.0,1.9210093021392822,0.0,1.238,0.161,0.5220093021392822,-0.0
2164,2013-06-27 02:00:00,1.8873471021652222,0.0,1.8694932460784912,0.0,1.206,0.132,0.5314932460784912,-0.0
2165,2013-06-27 02:30:00,1.8163275718688965,0.0009016275289468467,1.8952484130859375,0.0,0.0,0.117,1.7773467855569907,-0.0
2166,2013-06-27 03:00:00,0.0,0.5705382227897644,1.9577441215515137,0.0,0.963,0.085,0.8267682060962542,-0.0
2167,2013-06-27 03:30:00,1.8548681735992432,0.0,1.9984643459320068,0.0,0.256,0.693,1.049464345932007,-0.0
2168,2013-06-27 04:00:00,1.2428785562515259,1.2288554906845093,1.4959865808486938,0.0,0.0,0.03,2.0,-0.0
2169,2013-06-27 04:30:00,0.0,0.0,1.9985072612762451,0.0,0.0,0.108,1.892,-0.0
2170,2013-06-27 05:00:00,0.0,0.16044235229492188,1.9916261434555054,0.0,0.963,0.104,0.9885576477050783,-0.0
2171,2013-06-27 05:30:00,1.4648181200027466,0.0,1.9899846315383911,0.0,0.0,0.6759999999999999,1.3139846315383912,-0.0
2172,2013-06-27 06:00:00,0.15250001847743988,0.9946988821029663,2.0,0.0,0.0,0.047,2.0,-0.0
2173,2013-06-27 06:30:00,0.010280564427375793,0.0,2.0,0.0,0.0,0.077,1.923,-0.0
2174,2013-06-27 07:00:00,0.05713364854454994,0.051854733377695084,2.0,0.0,0.0,0.086,1.8621452666223048,-0.0
2175,2013-06-27 07:30:00,0.13192664086818695,0.15809765458106995,2.0,0.0,0.0,0.067,2.0,-0.0
2176,2013-06-27 08:00:00,0.00979247223585844,0.0,2.0,0.038,0.0,0.262,1.7662075277641414,-0.0
2177,2013-06-27 08:30:00,0.04300900921225548,0.27069371938705444,2.0,0.044,0.0,0.505,1.6068641974478965,-0.0
2178,2013-06-27 09:00:00,0.11245719343423843,0.5769502520561218,2.0,0.16899999999999998,0.0,0.044,1.9969497727453698,-0.0
2179,2013-06-27 09:30:00,0.01296224631369114,0.0,2.0,0.338,0.0,0.119,2.0,-0.0
2180,2013-06-27 10:00:00,0.0,0.0,2.0,0.269,0.0,0.039,2.0,-0.0
2181,2013-06-27 10:30:00,0.0,0.0,2.0,0.406,0.0,0.115,2.0,-0.0
2182,2013-06-27 11:00:00,0.012341725639998913,0.0,2.0,0.219,0.0,0.412,1.794658274360001,-0.0
2183,2013-06-27 11:30:00,0.027798717841506004,0.1666681170463562,2.0,0.388,0.0,1.246,0.9475331651121377,-0.0
2184,2013-06-27 12:00:00,0.029048996046185493,0.0028097510803490877,2.0,0.281,0.0,1.145,1.1041412528734655,-0.0
2185,2013-06-27 12:30:00,0.19247375428676605,0.0,2.0,0.313,0.0,0.465,1.655526245713234,-0.0
2186,2013-06-27 13:00:00,0.025796201080083847,0.5436321496963501,2.0,0.838,0.0,0.056,2.0,-0.0
2187,2013-06-27 13:30:00,0.01946413330733776,0.25489163398742676,2.0,0.594,0.0,0.122,2.0,-0.0
2188,2013-06-27 14:00:00,0.0,0.1395711898803711,1.977888584136963,0.269,0.0,0.049,2.0,-0.0
2189,2013-06-27 14:30:00,0.0,0.060952913016080856,1.9263464212417603,0.225,0.0,0.121,2.0,-0.0
2190,2013-06-27 15:00:00,0.0,0.05620799586176872,1.9717423915863037,0.194,0.0,0.049,2.0,-0.0
2191,2013-06-27 15:30:00,0.0,0.13315483927726746,1.9943434000015259,0.075,0.0,0.13,1.8118451607227328,-0.0
2192,2013-06-27 16:00:00,0.0,0.35277479887008667,1.9642442464828491,0.125,0.0,0.113,2.0,-0.0
2193,2013-06-27 16:30:00,0.0,0.07608143240213394,1.977957010269165,0.044,0.0,0.214,1.7539185675978661,-0.0
2194,2013-06-27 17:00:00,0.0,0.5141680240631104,2.0,0.0,0.0,0.17800000000000002,1.7999948407411575,-0.0
2195,2013-06-27 17:30:00,0.05440940707921982,0.3037775456905365,1.987564206123352,0.0,0.0,0.308,1.7882327728271485,-0.0
2196,2013-06-27 18:00:00,0.0,0.338369220495224,2.0,0.0,0.0,0.224,1.8611652338504785,-0.0
2197,2013-06-27 18:30:00,0.0,0.18016934394836426,2.0,0.0,0.0,0.259,1.8385001883506793,-0.0
2198,2013-06-27 19:00:00,0.0,0.21478280425071716,1.9835681915283203,0.0,0.0,0.196,1.9122168190479243,-0.0
2199,2013-06-27 19:30:00,0.0,0.06626270711421967,1.9487437009811401,0.0,0.0,0.255,1.6572168190479244,-0.0
2200,2013-06-27 20:00:00,0.0,0.728731632232666,1.9406731128692627,0.0,0.0,0.21,1.746834729671485,-0.0
2201,2013-06-27 20:30:00,0.24170228838920593,0.36972808837890625,1.865020513534546,0.0,0.0,0.241,1.895602452278124,-0.0
2202,2013-06-27 21:00:00,0.04412827640771866,0.0,1.8935757875442505,0.0,0.0,0.208,1.687602452278124,-0.0
2203,2013-06-27 21:30:00,0.07227630913257599,0.6202217936515808,1.9460504055023193,0.0,0.0,0.584,1.420573301792171,-0.0
2204,2013-06-27 22:00:00,0.9869807958602905,0.7500905394554138,1.586145043373108,0.0,0.0,0.121,2.0,-0.0
2205,2013-06-27 22:30:00,0.06149742752313614,0.0,2.0,0.0,0.0,0.114,1.886,-0.0
2206,2013-06-27 23:00:00,0.0,0.023982375860214233,2.0,0.0,0.0,0.189,1.7870176241397857,-0.0
2207,2013-06-27 23:30:00,0.0,0.23103801906108856,1.9970924854278564,0.0,0.0,0.746,1.44892673265934,-0.0
2208,2013-06-28 00:00:00,0.5039187073707581,0.8263011574745178,1.8808987140655518,0.0,1.063,0.528,0.6848453772068022,-0.0
2209,2013-06-28 00:30:00,1.7669023275375366,0.012563872151076794,2.0,0.0,1.231,0.07200000000000001,0.684436127848923,-0.0
2210,2013-06-28 01:00:00,1.8222538232803345,0.02413315139710903,2.0,0.0,1.244,0.077,0.654866848602891,-0.0
2211,2013-06-28 01:30:00,1.906515121459961,0.0010475025046616793,2.0,0.0,1.244,0.076,0.6789524974953384,-0.0
2212,2013-06-28 02:00:00,1.8781752586364746,0.0,2.0,0.0,1.181,0.07,0.7489999999999999,-0.0
2213,2013-06-28 02:30:00,1.8242300748825073,0.0,2.0,0.0,0.0,0.081,1.919,-0.0
2214,2013-06-28 03:00:00,0.03614937514066696,0.0,2.0,0.0,0.975,0.12,0.9049999999999999,-0.0
2215,2013-06-28 03:30:00,1.3308570384979248,0.0,2.0,0.0,0.344,0.6829999999999999,0.9730000000000002,-0.0
2216,2013-06-28 04:00:00,1.1138076782226562,0.1595948040485382,1.8043570518493652,0.0,0.0,0.054000000000000006,1.590762247800827,-0.0
2217,2013-06-28 04:30:00,0.0,0.48222583532333374,2.0,0.0,0.0,0.096,2.0,-0.0
2218,2013-06-28 05:00:00,0.0,0.0,2.0,0.0,0.825,0.101,1.074,-0.0
2219,2013-06-28 05:30:00,1.2598397731781006,1.2452257871627808,1.7405476570129395,0.0,0.244,1.126,1.2367742128372194,-0.0
2220,2013-06-28 06:00:00,1.2775826454162598,1.0366274118423462,1.7616430521011353,0.0,0.0,0.451,2.0,-0.0
2221,2013-06-28 06:30:00,0.3957759737968445,0.026649553328752518,2.0,0.0,0.0,0.7240000000000001,1.2493504466712473,-0.0
2222,2013-06-28 07:00:00,0.914442241191864,1.1279765367507935,1.8318297863006592,0.0,0.0,0.071,2.0,-0.0
2223,2013-06-28 07:30:00,0.017905592918395996,0.07881274819374084,2.0,0.0,0.0,0.223,1.698187251806259,-0.0
2224,2013-06-28 08:00:00,0.0,0.4972098171710968,2.0,0.006,0.0,0.201,1.9114156792163848,-0.0
2225,2013-06-28 08:30:00,0.0,0.1306956708431244,2.0,0.038,0.0,0.459,1.6254729707241058,-0.0
2226,2013-06-28 09:00:00,0.06425268203020096,0.6113105416297913,2.0,0.131,0.0,0.05,2.0,-0.0
2227,2013-06-28 09:30:00,0.0,0.0,2.0,0.206,0.0,0.128,2.0,-0.0
2228,2013-06-28 10:00:00,0.0,0.04148000478744507,2.0,0.225,0.0,0.039,2.0,-0.0
2229,2013-06-28 10:30:00,0.0,0.05501443147659302,2.0,0.156,0.0,0.125,1.9759855685234071,-0.0
2230,2013-06-28 11:00:00,0.0,0.01521766185760498,1.9929533004760742,0.14400000000000002,0.0,0.565,1.5567356386184694,-0.0
2231,2013-06-28 11:30:00,0.08288224041461945,0.7075566649436951,2.0,0.294,0.0,0.903,1.3213253365755078,-0.0
2232,2013-06-28 12:00:00,1.3548043966293335,0.7454895377159119,1.7559692859649658,0.45,0.0,0.742,0.9698597891330727,-0.0
2233,2013-06-28 12:30:00,0.6328126192092896,0.0,1.9862271547317505,0.606,0.0,0.11,1.8762271547317504,-0.0
2234,2013-06-28 13:00:00,0.0,0.11875613778829575,1.8821665048599243,0.369,0.0,0.033,2.0,-0.0
2235,2013-06-28 13:30:00,0.0,0.023680254817008972,1.8980950117111206,0.08800000000000001,0.0,0.108,1.956319745182991,-0.0
2236,2013-06-28 14:00:00,0.0,0.015499057248234749,1.956394076347351,0.044,0.0,0.036000000000000004,1.964319745182991,-0.0
2237,2013-06-28 14:30:00,0.0,0.00882931612432003,2.0,0.081,0.0,0.104,1.9681706838756798,-0.0
2238,2013-06-28 15:00:00,0.0,0.09919460117816925,2.0,0.081,0.0,0.027000000000000003,2.0,-0.0
2239,2013-06-28 15:30:00,0.0,0.09383536130189896,1.9856408834457397,0.05,0.0,0.76,1.1961646386981009,-0.0
2240,2013-06-28 16:00:00,1.1155668497085571,1.1966214179992676,1.5089763402938843,0.05,0.0,1.622,0.6890493046045305,-0.0
2241,2013-06-28 16:30:00,0.0,0.12205380201339722,2.0,0.025,0.0,1.463,0.4399461979866026,-0.0
2242,2013-06-28 17:00:00,0.0,0.12729725241661072,2.0,0.0,0.0,0.7959999999999999,1.0767027475833895,-0.0
2243,2013-06-28 17:30:00,1.131150484085083,1.3936673402786255,1.4858148097991943,0.0,0.0,0.728,1.7249271645545956,-0.0
2244,2013-06-28 18:00:00,0.5329478979110718,0.4129016697406769,1.395133376121521,0.0,0.0,0.273,1.8642440011501318,-0.0
2245,2013-06-28 18:30:00,0.0,0.10748908668756485,1.9551727771759033,0.0,0.0,0.29600000000000004,1.5682440011501317,-0.0
2246,2013-06-28 19:00:00,0.0,0.7164286375045776,1.9168283939361572,0.0,0.0,0.213,1.9340833601951593,-0.0
2247,2013-06-28 19:30:00,0.039358027279376984,0.16893957555294037,1.9293590784072876,0.0,0.0,0.256,1.7068937040567411,-0.0
2248,2013-06-28 20:00:00,0.0,0.3316035866737366,1.931166648864746,0.0,0.0,0.184,2.0,-0.0
2249,2013-06-28 20:30:00,0.0,0.11575926840305328,1.9126834869384766,0.0,0.0,0.325,1.5592407315969468,-0.0
2250,2013-06-28 21:00:00,0.0,0.6275489926338196,1.9310802221298218,0.0,0.0,0.263,1.9909695441722874,-0.0
2251,2013-06-28 21:30:00,0.0,0.029735196381807327,1.9791374206542969,0.0,0.0,0.489,1.499325715273618,-0.0
2252,2013-06-28 22:00:00,0.024946678429841995,0.638800323009491,1.9426392316818237,0.0,0.0,0.265,2.0,-0.0
2253,2013-06-28 22:30:00,0.05856379494071007,0.15896488726139069,1.9881595373153687,0.0,0.0,0.102,1.7390351127386092,-0.0
2254,2013-06-28 23:00:00,0.0,0.26928064227104187,2.0,0.0,0.0,0.448,1.8046491322517402,-0.0
2255,2013-06-28 23:30:00,0.03654344752430916,0.10887770354747772,2.0,0.0,0.0,1.192,0.6991222964525223,-0.0
2256,2013-06-29 00:00:00,0.04380924999713898,0.06494175642728806,2.0,0.0,1.063,0.1,0.772058243572712,-0.0
2257,2013-06-29 00:30:00,1.931199073791504,0.13293467462062836,2.0,0.0,1.238,0.597,0.03206532537937168,-0.0
2258,2013-06-29 01:00:00,1.4283287525177002,0.19533692300319672,2.0,0.0,1.238,0.526,0.04066307699680327,-0.0
2259,2013-06-29 01:30:00,1.7961164712905884,0.12959270179271698,2.0,0.0,0.875,0.594,0.40140729820728305,-0.0
2260,2013-06-29 02:00:00,1.6999332904815674,0.11216729134321213,2.0,0.0,0.0,0.124,1.7638327086567878,-0.0
2261,2013-06-29 02:30:00,0.0,0.3574519753456116,2.0,0.0,1.206,0.17600000000000002,0.7328826073408129,-0.0
2262,2013-06-29 03:00:00,2.0,0.078360915184021,2.0,0.0,0.019,0.8809999999999999,1.021639084815979,-0.0
2263,2013-06-29 03:30:00,0.9565273523330688,0.06410013139247894,2.0,0.0,0.0,0.7509999999999999,1.1848998686075212,-0.0
2264,2013-06-29 04:00:00,1.1640410423278809,1.135789155960083,1.5750362873077393,0.0,0.044,0.034,2.0,-0.0
2265,2013-06-29 04:30:00,0.08486722409725189,0.0,2.0,0.0,0.938,0.08900000000000001,0.9730000000000001,-0.0
2266,2013-06-29 05:00:00,1.7623374462127686,0.0,2.0,0.0,0.0,0.1,1.9,-0.0
2267,2013-06-29 05:30:00,0.0035968527663499117,0.039506711065769196,2.0,0.0,0.0,0.6659999999999999,1.2944932889342309,-0.0
2268,2013-06-29 06:00:00,0.7576730251312256,0.9650301933288574,1.7948485612869263,0.0,0.0,0.052000000000000005,2.0,-0.0
2269,2013-06-29 06:30:00,0.0,0.0,2.0,0.0,0.0,0.066,1.934,-0.0
2270,2013-06-29 07:00:00,0.0,0.06006603315472603,2.0,0.0,0.0,0.083,1.856933966845274,-0.0
2271,2013-06-29 07:30:00,0.0,0.14610153436660767,2.0,0.0,0.0,0.133,2.0,-0.0
2272,2013-06-29 08:00:00,0.0,0.0,2.0,0.0,0.0,0.222,1.778,-0.0
2273,2013-06-29 08:30:00,0.02489902451634407,0.3069765269756317,2.0,0.0,0.0,0.48,1.6570234730243683,-0.0
2274,2013-06-29 09:00:00,0.21498724818229675,0.5335984230041504,2.0,0.0,0.0,0.065,2.0,-0.0
2275,2013-06-29 09:30:00,0.04691559448838234,0.005007900297641754,2.0,0.0,0.0,0.085,1.9099920997023583,-0.0
2276,2013-06-29 10:00:00,0.0,0.09360671788454056,2.0,0.0,0.0,0.065,2.0,-0.0
2277,2013-06-29 10:30:00,0.0,0.0,2.0,0.0,0.0,0.084,1.916,-0.0
2278,2013-06-29 11:00:00,0.0,0.062240730971097946,2.0,0.0,0.0,0.07400000000000001,1.863759269028902,-0.0
2279,2013-06-29 11:30:00,0.0,0.14563435316085815,2.0,0.0,0.0,0.068,2.0,-0.0
2280,2013-06-29 12:00:00,0.0,0.02736767753958702,1.9652562141418457,0.0,0.0,0.062,1.910632322460413,-0.0
2281,2013-06-29 12:30:00,0.0,0.15228718519210815,2.0,0.0,0.0,0.062,1.9644481698870664,-0.0
2282,2013-06-29 13:00:00,0.0,0.1309075504541397,2.0,0.0,0.0,0.32299999999999995,1.6171961097717278,-0.0
2283,2013-06-29 13:30:00,0.0,0.66285240650177,1.9830704927444458,0.0,0.0,0.415,1.6877553739547748,-0.0
2284,2013-06-29 14:00:00,0.35871070623397827,0.4451414942741394,1.8361917734146118,0.0,0.0,0.04,2.0,-0.0
2285,2013-06-29 14:30:00,0.0,0.0,2.0,0.0,0.0,0.12,1.88,-0.0
2286,2013-06-29 15:00:00,0.0,0.0,2.0,0.0,0.0,0.062,1.938,-0.0
2287,2013-06-29 15:30:00,0.0,0.0,2.0,0.0,0.0,0.193,1.807,-0.0
2288,2013-06-29 16:00:00,0.0,0.056185320019721985,2.0,0.0,0.0,0.175,1.768814679980278,-0.0
2289,2013-06-29 16:30:00,0.0,0.14545956254005432,2.0,0.0,0.0,0.163,1.6915404374599456,-0.0
2290,2013-06-29 17:00:00,0.004171377047896385,0.3127192258834839,1.9789657592773438,0.0,0.0,0.196,2.0,-0.0
2291,2013-06-29 17:30:00,0.02338537387549877,0.0,1.9833625555038452,0.0,0.0,0.202,1.798,-0.0
2292,2013-06-29 18:00:00,0.0724962130188942,0.12999965250492096,1.9823641777038574,0.0,0.0,0.35200000000000004,1.5003645251989364,-0.0
2293,2013-06-29 18:30:00,0.19604262709617615,0.6967989802360535,1.8997348546981812,0.0,0.0,0.294,2.0,-0.0
2294,2013-06-29 19:00:00,0.15853390097618103,0.0003838329575955868,1.9395101070404053,0.0,0.0,0.58,1.4196161670424043,-0.0
2295,2013-06-29 19:30:00,0.2471524477005005,0.8138577938079834,1.9145004749298096,0.0,0.0,0.235,2.0,-0.0
2296,2013-06-29 20:00:00,0.18913039565086365,0.0,1.989752173423767,0.0,0.0,0.182,1.818,-0.0
2297,2013-06-29 20:30:00,0.09504320472478867,0.0,1.921109914779663,0.0,0.0,0.279,1.6421099147796632,-0.0
2298,2013-06-29 21:00:00,0.02202453650534153,0.3110114634037018,1.9380849599838257,0.0,0.0,0.191,1.4511099147796631,-0.0
2299,2013-06-29 21:30:00,0.40377694368362427,0.7164355516433716,1.8801463842391968,0.0,0.0,0.436,1.9453446187973018,-0.0
2300,2013-06-29 22:00:00,0.28345799446105957,0.0,1.9929025173187256,0.0,0.0,0.445,1.5479025173187255,-0.0
2301,2013-06-29 22:30:00,0.13707923889160156,0.5185292363166809,1.8929036855697632,0.0,0.0,0.086,2.0,-0.0
2302,2013-06-29 23:00:00,0.08468823879957199,0.0,1.8826344013214111,0.0,0.0,0.145,1.855,-0.0
2303,2013-06-29 23:30:00,0.054843951016664505,0.0,1.8880887031555176,0.0,0.0,0.634,1.2540887031555177,-0.0
2304,2013-06-30 00:00:00,0.8163131475448608,0.8447039723396301,1.7319272756576538,0.0,1.056,0.631,0.9601186213493345,-0.0
2305,2013-06-30 00:30:00,1.804408311843872,0.0,1.9417136907577515,0.0,1.25,0.031,0.6607136907577514,-0.0
2306,2013-06-30 01:00:00,2.0,0.0,1.9996048212051392,0.0,1.238,0.111,0.6506048212051392,-0.0
2307,2013-06-30 01:30:00,2.0,0.0,1.991828441619873,0.0,1.25,0.031,0.710828441619873,-0.0
2308,2013-06-30 02:00:00,2.0,0.0,2.0,0.0,1.263,0.109,0.6280000000000001,-0.0
2309,2013-06-30 02:30:00,2.0,0.0,2.0,0.0,0.163,0.03,1.807,-0.0
2310,2013-06-30 03:00:00,0.09133081138134003,0.11300645768642426,1.988142728805542,0.0,0.738,0.166,0.9711362711191177,-0.0
2311,2013-06-30 03:30:00,1.5927746295928955,0.0,2.0,0.0,0.65,0.62,0.7300000000000001,-0.0
2312,2013-06-30 04:00:00,1.2960454225540161,0.0,2.0,0.0,0.0,0.106,1.894,-0.0
2313,2013-06-30 04:30:00,0.08915989845991135,0.02082064002752304,2.0,0.0,0.0,0.03,1.949179359972477,-0.0
2314,2013-06-30 05:00:00,0.12741132080554962,0.0,2.0,0.0,0.231,0.161,1.6079999999999999,-0.0
2315,2013-06-30 05:30:00,0.19728606939315796,0.6014036536216736,2.0,0.0,0.738,0.96,0.48459634637832694,-0.0
2316,2013-06-30 06:00:00,1.5834355354309082,0.0,1.9534958600997925,0.0,0.0,0.5589999999999999,1.3944958600997925,-0.0
2317,2013-06-30 06:30:00,0.5870487689971924,0.8602901697158813,1.808207631111145,0.0,0.0,0.735,1.6157181100845341,-0.0
2318,2013-06-30 07:00:00,0.9801300764083862,0.5199285745620728,1.410945177078247,0.0,0.0,0.106,2.0,-0.0
2319,2013-06-30 07:30:00,0.0074437884613871574,0.0,1.89535653591156,0.0,0.0,0.033,1.967,-0.0
2320,2013-06-30 08:00:00,0.0,0.0002754516899585724,1.956116795539856,0.0,0.0,0.293,1.6740000000000002,-0.0
2321,2013-06-30 08:30:00,0.0,0.3975154757499695,2.0,0.0,0.0,0.368,1.8864845242500299,-0.0
2322,2013-06-30 09:00:00,0.004682719707489014,0.03196822106838226,2.0,0.0,0.0,0.266,1.7020317789316177,-0.0
2323,2013-06-30 09:30:00,0.020507866516709328,0.44724100828170776,1.9933334589004517,0.0,0.0,0.061,2.0,-0.0
2324,2013-06-30 10:00:00,0.08613016456365585,0.0,1.9962499141693115,0.0,0.0,0.098,1.902,-0.0
2325,2013-06-30 10:30:00,0.11155331134796143,0.16183944046497345,2.0,0.0,0.0,0.08900000000000001,1.9451605595350263,-0.0
2326,2013-06-30 11:00:00,0.09902399033308029,0.08171718567609787,1.995873212814331,0.0,0.0,0.076,1.9519616952538494,-0.0
2327,2013-06-30 11:30:00,0.04374095797538757,0.13673150539398193,1.9686031341552734,0.0,0.0,0.511,1.448345104098319,-0.0
2328,2013-06-30 12:00:00,0.6960658431053162,0.8623749017715454,1.65096116065979,0.106,0.0,0.721,1.3079348900318166,-0.0
2329,2013-06-30 12:30:00,1.3876659870147705,0.9966832399368286,1.3553991317749023,0.481,0.0,0.188,1.2374469799995385,-0.0
2330,2013-06-30 13:00:00,1.792820692062378,0.7256460189819336,1.5340402126312256,0.569,0.0,0.11,1.5514600210189895,-0.0
2331,2013-06-30 13:30:00,0.1398823857307434,0.6149455904960632,1.709123134613037,0.394,0.0,0.261,1.9954872102737276,-0.0
2332,2013-06-30 14:00:00,0.0,0.1507686972618103,1.916580080986023,0.481,0.0,0.091,2.0,-0.0
2333,2013-06-30 14:30:00,0.0,0.0662078931927681,1.8991690874099731,0.463,0.0,1.4280000000000002,0.9687921068072318,-0.0
2334,2013-06-30 15:00:00,0.0,0.0,1.9096958637237549,0.25,0.0,1.673,0.48669586372375484,-0.0
2335,2013-06-30 15:30:00,0.0,0.0,1.9154525995254517,0.15,0.0,1.599,0.4664525995254516,-0.0
2336,2013-06-30 16:00:00,0.0,0.0,1.8903241157531738,0.069,0.0,1.702,0.2573241157531738,-0.0
2337,2013-06-30 16:30:00,0.0,0.0,1.8695669174194336,0.063,0.0,1.383,0.5495669174194335,-0.0
2338,2013-06-30 17:00:00,0.0,0.0,1.8766601085662842,0.006,0.0,0.917,0.9656601085662841,-0.0
2339,2013-06-30 17:30:00,0.8858894109725952,0.0,1.960799217224121,0.0,0.0,0.16699999999999998,1.793799217224121,-0.0
2340,2013-06-30 18:00:00,0.0,0.20177042484283447,1.9237312078475952,0.0,0.0,0.227,1.566799217224121,-0.0
2341,2013-06-30 18:30:00,0.21515904366970062,0.6886743307113647,1.8551318645477295,0.0,0.0,0.448,1.7297272348403934,-0.0
2342,2013-06-30 19:00:00,0.4719545245170593,0.2789479196071625,1.6442917585372925,0.0,0.0,0.335,1.9265976107120508,-0.0
2343,2013-06-30 19:30:00,0.1148855909705162,0.06666059792041779,1.9298871755599976,0.0,0.0,0.212,1.7145976107120509,-0.0
2344,2013-06-30 20:00:00,0.15141813457012177,0.3572356402873993,1.9322829246520996,0.0,0.0,0.213,2.0,-0.0
2345,2013-06-30 20:30:00,0.18326501548290253,0.005835345946252346,1.8872406482696533,0.0,0.0,0.243,1.7511646540537478,-0.0
2346,2013-06-30 21:00:00,0.13917101919651031,0.3311406075954437,1.9358868598937988,0.0,0.0,0.19,1.9765300842970608,-0.0
2347,2013-06-30 21:30:00,0.256761372089386,0.05176503211259842,1.9611351490020752,0.0,0.0,0.26,1.73517479929328,-0.0
2348,2013-06-30 22:00:00,0.21289704740047455,0.26419225335121155,2.0,0.0,0.0,0.274,1.4618077466487884,-0.0
2349,2013-06-30 22:30:00,0.9624974131584167,0.692227840423584,1.8029009103775024,0.0,0.0,0.509,1.8751566662788393,-0.0
2350,2013-06-30 23:00:00,0.611132025718689,0.044951628893613815,1.9300881624221802,0.0,0.0,0.166,1.7191365335285664,-0.0
2351,2013-06-30 23:30:00,0.2170722931623459,0.3679688572883606,2.0,0.0,0.0,0.861,1.3327580756545065,-0.0
