,datetime,charge_solar,charge_load,discharge_size,current_solar,current_controlled_load_consumption,current_general_electricity_consumption,current_charge,reward
0,2013-01-14 00:00:00,0.0,1.0072240829467773,1.0476374626159668,0.0,0.0,0.073,0.0,-0.008798387489318847
1,2013-01-14 00:30:00,1.1739165782928467,0.0,1.2000000476837158,0.0,0.0,0.115,1.0850000476837158,-0.0
2,2013-01-14 01:00:00,0.034131210297346115,0.0,0.8654450178146362,0.0,1.094,0.024,0.2195550298690796,-0.029335498218536385
3,2013-01-14 01:30:00,1.2000000476837158,1.0961426496505737,0.7731578350067139,0.0,1.263,0.126,0.675747290611267,-0.0
4,2013-01-14 02:00:00,0.8615217208862305,1.0251368284225464,0.6824886202812195,0.0,1.25,0.319,0.5175113797187805,-0.14054427893638616
5,2013-01-14 02:30:00,0.7327917218208313,1.0858664512634277,0.7072052955627441,0.0,0.35600000000000004,0.055,1.068110789299011,-0.0
6,2013-01-14 03:00:00,0.26746800541877747,0.06561167538166046,0.8383165001869202,0.0,0.669,0.189,0.2954059644937512,-0.023029697302579893
7,2013-01-14 03:30:00,1.0854790210723877,1.1869251728057861,0.9414017200469971,0.0,0.45,0.7390000000000001,0.6332628982067112,-0.0
8,2013-01-14 04:00:00,1.2000000476837158,0.002576027764007449,1.1521086692810059,0.0,0.0,0.7559999999999999,0.3935326415169985,-0.0
9,2013-01-14 04:30:00,0.4169017970561981,1.1972723007202148,1.025136113166809,0.0,0.444,0.083,1.088662416245788,-0.0
10,2013-01-14 05:00:00,0.29329898953437805,0.09949347376823425,0.8910338878631592,0.0,0.513,0.364,0.29712200215086315,-0.023074088194370273
11,2013-01-14 05:30:00,0.8638123869895935,1.2000000476837158,0.8813770413398743,0.0,0.0,0.823,0.9827559480145578,-0.0
12,2013-01-14 06:00:00,1.189939260482788,0.05472854524850845,1.2000000476837158,0.0,0.0,0.6729999999999999,0.47227150243520744,-0.0
13,2013-01-14 06:30:00,0.36140039563179016,1.1859915256500244,1.0070325136184692,0.0,0.0,0.833,0.6364654694795604,-0.0
14,2013-01-14 07:00:00,1.1778124570846558,0.48878204822540283,0.9259079098701477,0.05,0.0,0.848,0.24933960783481557,-0.11093601735591889
15,2013-01-14 07:30:00,0.4998718500137329,1.2000000476837158,0.963341474533081,0.106,0.0,0.7659999999999999,0.9233207366466533,-0.0
16,2013-01-14 08:00:00,1.2000000476837158,0.404573917388916,1.1710405349731445,0.206,0.0,0.855,0.0817846093177772,-0.0
17,2013-01-14 08:30:00,0.6796019077301025,0.19103898108005524,0.8411909341812134,0.238,0.0,0.122,0.7191909341812134,-0.0
18,2013-01-14 09:00:00,1.174304485321045,1.2000000476837158,0.7580465078353882,0.213,0.0,0.292,0.6401909341812133,-0.0
19,2013-01-14 09:30:00,0.8808352947235107,0.7433724999427795,0.8544583320617676,0.238,0.0,0.104,0.7741909341812133,-0.0
20,2013-01-14 10:00:00,1.2000000476837158,1.2000000476837158,0.7293029427528381,0.463,0.0,0.282,1.2,-0.0
21,2013-01-14 10:30:00,0.4343838095664978,0.9647617340087891,0.8682385087013245,0.363,0.0,0.269,0.9309999999999999,-0.0
22,2013-01-14 11:00:00,0.32654842734336853,0.5626556873321533,0.9233361482620239,1.131,0.0,1.15,1.2,-0.0
23,2013-01-14 11:30:00,0.052212946116924286,0.10594125092029572,1.1822336912155151,1.519,0.0,0.624,1.2,-0.0
24,2013-01-14 12:00:00,0.42331892251968384,1.162864089012146,1.1784234046936035,1.619,0.0,0.158,1.2,-0.0
25,2013-01-14 12:30:00,0.11368776857852936,1.2000000476837158,0.5706914663314819,1.538,0.0,0.379,1.2,-0.0
26,2013-01-14 13:00:00,0.1795606017112732,1.1955760717391968,0.6502997279167175,1.763,0.0,0.145,1.2,-0.0
27,2013-01-14 13:30:00,0.1541498452425003,1.2000000476837158,0.4562017023563385,1.781,0.0,0.058,1.2,-0.0
28,2013-01-14 14:00:00,0.12457572668790817,1.2000000476837158,0.39748743176460266,1.769,0.0,0.099,1.2,-0.0
29,2013-01-14 14:30:00,0.11336087435483932,1.2000000476837158,0.38369596004486084,1.719,0.0,0.122,1.2,-0.0
30,2013-01-14 15:00:00,0.11815010756254196,1.2000000476837158,0.39721840620040894,1.663,0.0,0.036000000000000004,1.2,-0.0
31,2013-01-14 15:30:00,0.101479671895504,1.2000000476837158,0.4225999712944031,1.519,0.0,0.619,1.2,-0.0
32,2013-01-14 16:00:00,0.39033734798431396,1.1007565259933472,1.2000000476837158,1.138,0.0,0.135,1.2,-0.0
33,2013-01-14 16:30:00,0.25654086470603943,1.1912904977798462,0.7717991471290588,1.075,0.0,0.081,1.2,-0.0
34,2013-01-14 17:00:00,0.29438352584838867,1.195857286453247,0.8461250066757202,0.525,0.0,0.25,1.1806164741516112,-0.0
35,2013-01-14 17:30:00,0.44023558497428894,0.9656491875648499,0.9194748997688293,0.863,0.0,0.161,1.2,-0.0
36,2013-01-14 18:00:00,0.46160414814949036,1.189265251159668,0.8367015719413757,0.775,0.0,0.146,1.2,-0.0
37,2013-01-14 18:30:00,0.4679172933101654,1.1799787282943726,0.8454694151878357,0.188,0.0,0.154,1.0459999999999998,-0.0
38,2013-01-14 19:00:00,0.2118319272994995,0.8000883460044861,0.8990117311477661,0.106,0.0,0.4370000000000001,0.7149999999999999,-0.0
39,2013-01-14 19:30:00,0.2682670056819916,0.6582470536231995,0.7058036923408508,0.063,0.0,0.218,0.5599999999999998,-0.0
40,2013-01-14 20:00:00,0.9438513517379761,0.9549834728240967,0.6012563109397888,0.019,0.0,0.241,0.3602563109397888,-0.0
41,2013-01-14 20:30:00,0.019848346710205078,1.0540542602539062,0.4611038863658905,0.0,0.0,0.13699999999999998,0.3241038863658905,-0.0
42,2013-01-14 21:00:00,0.00010205060243606567,1.0232194662094116,0.4452420771121979,0.0,0.0,0.249,0.19624207711219788,-0.0
43,2013-01-14 21:30:00,0.0,1.1662343740463257,0.7118300795555115,0.0,0.0,0.318,0.39383007955551147,-0.0
44,2013-01-14 22:00:00,0.08450409770011902,1.0748438835144043,0.508606493473053,0.0,0.0,0.231,0.277606493473053,-0.0
45,2013-01-14 22:30:00,0.0,1.104178547859192,0.5864043831825256,0.0,0.0,0.396,0.19040438318252562,-0.0
46,2013-01-14 23:00:00,0.0,1.2000000476837158,0.8882678747177124,0.0,0.0,0.851,1.168191185951233,-0.0
47,2013-01-14 23:30:00,1.1736778020858765,0.05240516737103462,1.1807886362075806,0.0,0.0,0.6920000000000001,0.5192124607264991,-0.0
48,2013-01-15 00:00:00,0.19113901257514954,0.9007375240325928,0.856835663318634,0.0,0.0,0.115,1.2,-0.0
49,2013-01-15 00:30:00,0.0,0.22406074404716492,1.0398364067077637,0.0,0.0,0.113,0.862939255952835,-0.0
50,2013-01-15 01:00:00,0.0,0.5967162847518921,0.8397946357727051,0.0,1.081,0.024,0.3602053642272949,-0.022860016088485716
51,2013-01-15 01:30:00,1.0521522760391235,1.2000000476837158,0.9677267670631409,0.0,1.25,0.38,0.2322732329368591,-0.0493246824502945
52,2013-01-15 02:00:00,1.1601121425628662,1.2000000476837158,1.1486868858337402,0.0,1.263,0.129,0.543453486442566,-0.0
53,2013-01-15 02:30:00,0.9548840522766113,1.2000000476837158,0.9354835748672485,0.0,0.219,0.136,0.9580929794311521,-0.0
54,2013-01-15 03:00:00,0.49378952383995056,0.21203993260860443,0.649323582649231,0.0,0.9,0.16399999999999998,0.5208093293905256,-0.09055163499593734
55,2013-01-15 03:30:00,0.8553794622421265,0.9171109795570374,0.38166242837905884,0.0,0.381,0.737,0.8183375716209411,-0.07966814668893805
56,2013-01-15 04:00:00,1.144920825958252,0.2215021550655365,0.8157724738121033,0.0,0.0,0.767,0.22406725287437435,-0.04663701393842698
57,2013-01-15 04:30:00,0.44161877036094666,1.1631025075912476,1.0625038146972656,0.0,0.769,0.316,0.9037629866600034,-0.0
58,2013-01-15 05:00:00,1.0080121755599976,0.0023451484739780426,0.6932526230812073,0.0,0.25,0.109,0.5447629866600034,-0.0
59,2013-01-15 05:30:00,1.2000000476837158,0.6494060754776001,0.8711722493171692,0.0,0.0,0.821,0.32299681282043435,-0.16179313306331633
60,2013-01-15 06:00:00,0.6315591335296631,1.1433134078979492,1.1135129928588867,0.0,0.0,1.311,0.499692966461182,-0.0
61,2013-01-15 06:30:00,0.836810827255249,0.8851760625839233,0.8347651362419128,0.006,0.0,0.52,1.1834380044937125,-0.0
62,2013-01-15 07:00:00,1.2000000476837158,0.0,1.2000000476837158,0.063,0.0,0.401,0.8155620431900032,-0.0
63,2013-01-15 07:30:00,0.4443815350532532,0.5888014435768127,0.8640393614768982,0.225,0.0,0.758,0.33596063852310176,-0.04424926548957876
64,2013-01-15 08:00:00,0.5875529646873474,0.9902503490447998,0.8120283484458923,0.231,0.0,0.349,1.1268283739089968,-0.0
65,2013-01-15 08:30:00,0.8844786882400513,0.5059558749198914,1.0688813924789429,0.275,0.0,0.16,1.113171626091003,-0.0
66,2013-01-15 09:00:00,0.2880374789237976,0.9289695024490356,0.8393710255622864,0.369,0.0,0.268,1.1866192688941963,-0.0
67,2013-01-15 09:30:00,0.2944169044494629,0.8347790837287903,0.8915117383003235,0.6559999999999999,0.0,0.498,1.0903445577621442,-0.0
68,2013-01-15 10:00:00,0.30666384100914,0.24614296853542328,0.9592347741127014,0.625,0.0,1.054,0.6836470434665713,-0.0
69,2013-01-15 10:30:00,0.734237790107727,0.0,1.1488220691680908,0.6809999999999999,0.0,0.129,1.2,-0.0
70,2013-01-15 11:00:00,0.31396597623825073,1.190828561782837,0.7115844488143921,1.013,0.0,0.135,1.2,-0.0
71,2013-01-15 11:30:00,0.10078629851341248,1.2000000476837158,0.7031099796295166,1.6130000000000002,0.0,0.809,1.2,-0.0
72,2013-01-15 12:00:00,0.18475337326526642,0.9891980886459351,1.2000000476837158,0.988,0.0,0.145,1.2,-0.0
73,2013-01-15 12:30:00,0.10116593539714813,1.2000000476837158,0.7758553624153137,1.038,0.0,0.025,1.2,-0.0
74,2013-01-15 13:00:00,0.04818163439631462,1.2000000476837158,0.7604089975357056,0.8690000000000001,0.0,0.101,1.2,-0.0
75,2013-01-15 13:30:00,0.16797220706939697,1.2000000476837158,0.748412013053894,0.9,0.0,0.309,1.2,-0.0
76,2013-01-15 14:00:00,0.15809093415737152,1.0006242990493774,0.9979654550552368,0.988,0.0,0.036000000000000004,1.2,-0.0
77,2013-01-15 14:30:00,0.10795403271913528,1.2000000476837158,0.7473844289779663,0.731,0.0,0.133,1.2,-0.0
78,2013-01-15 15:00:00,0.3199474811553955,1.158623218536377,0.7400683760643005,0.7,0.0,0.04,1.2,-0.0
79,2013-01-15 15:30:00,0.31450068950653076,1.1872389316558838,0.7638124823570251,0.563,0.0,0.078,1.2,-0.0
80,2013-01-15 16:00:00,0.395440012216568,1.1306818723678589,0.7130380868911743,1.175,0.0,0.112,1.2,-0.0
81,2013-01-15 16:30:00,0.14105556905269623,1.1811712980270386,0.5858801603317261,1.238,0.0,0.024,1.2,-0.0
82,2013-01-15 17:00:00,0.08564955741167068,1.2000000476837158,0.5212765336036682,1.069,0.0,0.396,1.2,-0.0
83,2013-01-15 17:30:00,0.18694381415843964,0.8928748369216919,0.9492915868759155,0.863,0.0,0.124,1.2,-0.0
84,2013-01-15 18:00:00,0.2742936909198761,1.1950657367706299,0.6388518214225769,0.6559999999999999,0.0,0.14,1.2,-0.0
85,2013-01-15 18:30:00,0.4218745231628418,1.1552331447601318,0.6958791613578796,0.444,0.0,0.134,1.088125476837158,-0.0
86,2013-01-15 19:00:00,0.41649922728538513,1.0054843425750732,0.6383993625640869,0.15,0.0,0.204,1.107874523162842,-0.0
87,2013-01-15 19:30:00,0.676017701625824,0.4089042544364929,1.1180673837661743,0.056,0.0,0.467,0.6968745231628419,-0.0
88,2013-01-15 20:00:00,0.4756920039653778,0.6474270224571228,0.8083173632621765,0.019,0.0,0.769,0.0393173632621765,-0.0
89,2013-01-15 20:30:00,1.1829074621200562,1.1658942699432373,1.2000000476837158,0.0,0.0,0.215,0.9850000476837159,-0.0
90,2013-01-15 21:00:00,0.0904693678021431,0.03157753497362137,1.0866336822509766,0.0,0.0,0.444,0.6426336822509766,-0.0
91,2013-01-15 21:30:00,0.29098427295684814,0.726778507232666,0.8760708570480347,0.0,0.0,0.118,0.7580708570480347,-0.0
92,2013-01-15 22:00:00,0.08350640535354614,0.4765757918357849,0.6861443519592285,0.0,0.0,0.287,0.4710708570480347,-0.0
93,2013-01-15 22:30:00,0.6974443197250366,0.9655072689056396,0.7235052585601807,0.0,0.0,0.199,0.5245052585601806,-0.0
94,2013-01-15 23:00:00,1.1794947385787964,0.9971734285354614,0.7066097855567932,0.0,0.0,0.973,0.5808160543441773,-0.0
95,2013-01-15 23:30:00,0.6693126559257507,0.6945995688438416,0.7827361822128296,0.0,0.0,0.745,0.9987683224678036,-0.0
96,2013-01-16 00:00:00,1.1726183891296387,0.3106934130191803,1.2000000476837158,0.0,0.0,0.121,1.1707699897289285,-0.0
97,2013-01-16 00:30:00,0.0,0.2696298360824585,1.0606220960617065,0.0,0.0,0.024,0.9648301844596843,-0.0
98,2013-01-16 01:00:00,0.0,0.5306973457336426,0.7982925176620483,0.0,1.075,0.103,0.4017074823379516,-0.061516519699096286
99,2013-01-16 01:30:00,1.1071622371673584,1.2000000476837158,0.8864704966545105,0.0,1.244,0.097,0.31352950334548946,-0.015645019240379334
100,2013-01-16 02:00:00,0.9799975156784058,1.2000000476837158,1.1248224973678589,0.0,1.125,0.261,0.3869409456253051,-0.0
101,2013-01-16 02:30:00,0.9510912895202637,1.2000000476837158,0.9311113357543945,0.0,0.0,0.12,1.2,-0.0
102,2013-01-16 03:00:00,0.33130431175231934,0.03885719180107117,1.165276050567627,0.0,1.106,0.135,0.034723949432373,-0.030936908133029968
103,2013-01-16 03:30:00,1.2000000476837158,0.030600223690271378,1.2000000476837158,0.0,0.056,0.748,0.3653998239934444,-0.0
104,2013-01-16 04:00:00,0.33460912108421326,1.1875696182250977,1.1059709787368774,0.0,0.0,0.7809999999999999,0.9006307337880135,-0.0
105,2013-01-16 04:30:00,1.2000000476837158,0.044367268681526184,1.2000000476837158,0.0,0.763,0.047,0.34563277900218964,-0.0
106,2013-01-16 05:00:00,1.0153077840805054,1.2000000476837158,0.828853189945221,0.0,0.213,0.12,1.2,-0.0
107,2013-01-16 05:30:00,0.3714194893836975,0.019406957551836967,1.0815585851669312,0.0,0.0,1.121,0.1184414148330688,-0.01588906054392457
108,2013-01-16 06:00:00,0.9812111258506775,1.2000000476837158,1.2000000476837158,0.0,0.0,0.989,1.1741171703338624,-0.0
109,2013-01-16 06:30:00,1.1757237911224365,0.06209392100572586,1.2000000476837158,0.006,0.0,0.632,0.545671786010265,-0.0
110,2013-01-16 07:00:00,0.234731063246727,0.8559697866439819,0.861578106880188,0.044,0.0,0.851,0.7136866413354876,-0.0
111,2013-01-16 07:30:00,0.620903730392456,0.8031266927719116,0.7503617405891418,0.113,0.0,0.532,0.6115000245571129,-0.0
112,2013-01-16 08:00:00,0.5954580903053284,0.7683084607124329,0.6979571580886841,0.181,0.0,0.805,0.5020428419113159,-0.016294864969253225
113,2013-01-16 08:30:00,0.6025983691215515,0.7446274757385254,0.5725291967391968,0.419,0.0,0.4970000000000001,0.4240428419113158,-0.0
114,2013-01-16 09:00:00,0.5799109935760498,0.06841123849153519,0.8994959592819214,0.688,0.0,0.187,0.9250428419113157,-0.0
115,2013-01-16 09:30:00,0.33391082286834717,1.0975896120071411,0.8710741996765137,0.8809999999999999,0.0,0.217,1.2,-0.0
116,2013-01-16 10:00:00,0.20252618193626404,1.1215627193450928,0.9662123322486877,1.0,0.0,0.112,1.2,-0.0
117,2013-01-16 10:30:00,0.1458267867565155,1.1679612398147583,0.7036397457122803,1.194,0.0,0.999,1.2,-0.0
118,2013-01-16 11:00:00,0.010486497543752193,0.1206236481666565,1.2000000476837158,1.138,0.0,0.933,1.2,-0.0
119,2013-01-16 11:30:00,0.055966783314943314,0.10907311737537384,1.1241446733474731,1.131,0.0,0.049,1.2,-0.0
120,2013-01-16 12:00:00,0.2026379406452179,1.1548972129821777,0.5922185778617859,1.375,0.0,0.142,1.2,-0.0
121,2013-01-16 12:30:00,0.20177768170833588,1.1562074422836304,0.3888654410839081,1.588,0.0,0.621,1.2,-0.0
122,2013-01-16 13:00:00,0.5885843634605408,1.1362448930740356,1.1145474910736084,1.581,0.0,0.146,1.2,-0.0
123,2013-01-16 13:30:00,0.15345890820026398,1.1763769388198853,0.33170846104621887,1.606,0.0,0.038,1.2,-0.0
124,2013-01-16 14:00:00,0.10804764926433563,1.1903917789459229,0.3950200080871582,1.625,0.0,0.127,1.2,-0.0
125,2013-01-16 14:30:00,0.1237853467464447,1.1946818828582764,0.3812079131603241,1.588,0.0,0.128,1.2,-0.0
126,2013-01-16 15:00:00,0.14097601175308228,1.2000000476837158,0.45181992650032043,1.5,0.0,0.043,1.2,-0.0
127,2013-01-16 15:30:00,0.14329496026039124,1.2000000476837158,0.5954632759094238,1.394,0.0,0.131,1.2,-0.0
128,2013-01-16 16:00:00,0.20265763998031616,1.1828687191009521,0.6609497666358948,1.3130000000000002,0.0,0.154,1.2,-0.0
129,2013-01-16 16:30:00,0.2049301266670227,1.1782647371292114,0.7310682535171509,0.906,0.0,0.14300000000000002,1.2,-0.0
130,2013-01-16 17:00:00,0.40071752667427063,1.187184453010559,0.9340928792953491,0.669,0.0,0.275,1.1932824733257292,-0.0
131,2013-01-16 17:30:00,0.5239410996437073,0.8316704630851746,1.0759351253509521,0.481,0.0,0.129,1.0777175266742707,-0.0
132,2013-01-16 18:00:00,0.43721771240234375,1.076938509941101,0.7972818613052368,0.363,0.0,0.17600000000000002,1.146282473325729,-0.0
133,2013-01-16 18:30:00,0.3540441691875458,0.9495549201965332,0.8458329439163208,0.338,0.0,0.159,1.0947175266742708,-0.0
134,2013-01-16 19:00:00,0.3293823003768921,0.9628164768218994,0.8365107178688049,0.219,0.0,0.28300000000000003,1.022282473325729,-0.0
135,2013-01-16 19:30:00,0.5327657461166382,0.6529478430747986,1.0221816301345825,0.113,0.0,0.157,0.9782824733257289,-0.0
136,2013-01-16 20:00:00,0.6731889843940735,0.2881656885147095,1.0079761743545532,0.006,0.0,0.161,0.8469761743545532,-0.0
137,2013-01-16 20:30:00,0.0852428525686264,0.2939762473106384,0.5641309022903442,0.0,0.0,0.246,0.6009761743545532,-0.0
138,2013-01-16 21:00:00,0.9992691874504089,0.9345723390579224,0.5755149722099304,0.0,0.0,0.197,0.4039761743545532,-0.0
139,2013-01-16 21:30:00,0.9144274592399597,1.0527441501617432,0.41159549355506897,0.0,0.0,0.043,0.368595493555069,-0.0
140,2013-01-16 22:00:00,1.1911424398422241,1.0972470045089722,0.44734030961990356,0.0,0.0,0.14800000000000002,0.29934030961990354,-0.0
141,2013-01-16 22:30:00,0.17589659988880157,1.1573375463485718,0.39957016706466675,0.0,0.0,0.185,0.21457016706466675,-0.0
142,2013-01-16 23:00:00,0.0,1.1548099517822266,0.5392864942550659,0.0,0.0,0.738,1.2,-0.0
143,2013-01-16 23:30:00,1.1342116594314575,0.08849441260099411,1.1303727626800537,0.0,0.0,0.763,0.34850558739900583,-0.0
144,2013-01-17 00:00:00,0.22772134840488434,1.2000000476837158,0.9187958240509033,0.0,0.0,0.161,1.2,-0.0
145,2013-01-17 00:30:00,0.36659005284309387,0.09963104128837585,1.0415061712265015,0.0,0.0,0.025,1.075368958711624,-0.0
146,2013-01-17 01:00:00,0.0,0.17158426344394684,0.8500546813011169,0.0,1.075,0.113,0.349945318698883,-0.04523674995660779
147,2013-01-17 01:30:00,1.0432124137878418,1.2000000476837158,0.7626166939735413,0.0,1.238,0.115,0.4373833060264587,-0.024373977599143982
148,2013-01-17 02:00:00,0.8982027173042297,1.2000000476837158,0.9207251071929932,0.0,0.381,0.026,1.1182333402633666,-0.0
149,2013-01-17 02:30:00,0.3137606382369995,0.015665898099541664,0.8952659368515015,0.0,0.394,0.119,0.6052333402633666,-0.0
150,2013-01-17 03:00:00,1.1174665689468384,0.7015730738639832,0.8495256900787354,0.0,0.7190000000000001,0.162,0.8069602456092833,-0.0
151,2013-01-17 03:30:00,0.6809204816818237,0.6512908935546875,0.4637669622898102,0.0,0.0,0.74,0.7362330377101898,-0.03818999407052986
152,2013-01-17 04:00:00,0.5686697959899902,0.7285841703414917,0.8107091188430786,0.0,0.0,0.777,0.6219497542381286,-0.0
153,2013-01-17 04:30:00,0.5051158666610718,0.7611590623855591,0.6487035155296326,0.0,0.0,0.084,1.2,-0.0
154,2013-01-17 05:00:00,0.026412958279252052,0.10130482167005539,1.078159213066101,0.0,0.794,0.272,0.12184078693389888,-0.02406931432306768
155,2013-01-17 05:30:00,0.8363414406776428,1.2000000476837158,0.9742975234985352,0.0,0.14400000000000002,1.315,0.6973183784484862,-0.0
156,2013-01-17 06:00:00,0.5898798704147339,0.6477801203727722,0.8386003971099854,0.0,0.0,1.279,0.3613996028900146,-0.022360449643135008
157,2013-01-17 06:30:00,0.6941248178482056,1.1613225936889648,0.8647921085357666,0.013,0.0,0.068,1.2,-0.0
158,2013-01-17 07:00:00,0.27100199460983276,0.0,1.1026071310043335,0.05,0.0,0.152,1.048,-0.0
159,2013-01-17 07:30:00,0.46836644411087036,0.031862661242485046,1.1063568592071533,0.113,0.0,0.263,0.898,-0.0
160,2013-01-17 08:00:00,0.6320227980613708,0.41075199842453003,1.0344884395599365,0.219,0.0,0.208,0.7472480015754699,-0.0
161,2013-01-17 08:30:00,1.2000000476837158,0.6299773454666138,0.98117595911026,0.338,0.0,0.134,0.95124800157547,-0.0
162,2013-01-17 09:00:00,0.5040647983551025,0.9070525765419006,0.7761875987052917,0.369,0.0,0.129,1.2,-0.0
163,2013-01-17 09:30:00,0.32749122381210327,1.0968449115753174,0.6994104385375977,0.894,0.0,0.208,1.2,-0.0
164,2013-01-17 10:00:00,0.35584840178489685,1.2000000476837158,0.791519045829773,0.7,0.0,0.067,1.2,-0.0
165,2013-01-17 10:30:00,0.3256416618824005,1.2000000476837158,0.7166485786437988,0.894,0.0,0.142,1.2,-0.0
166,2013-01-17 11:00:00,0.3100450932979584,1.2000000476837158,0.7064455151557922,1.044,0.0,0.078,1.2,-0.0
167,2013-01-17 11:30:00,0.22047364711761475,1.2000000476837158,0.6858420372009277,1.4380000000000002,0.0,0.248,1.2,-0.0
168,2013-01-17 12:00:00,0.1505948007106781,1.2000000476837158,0.5414477586746216,1.538,0.0,0.214,1.2,-0.0
169,2013-01-17 12:30:00,0.09673132747411728,1.2000000476837158,0.5281283259391785,1.575,0.0,0.206,1.2,-0.0
170,2013-01-17 13:00:00,0.0714261457324028,1.2000000476837158,0.47187864780426025,1.6130000000000002,0.0,0.195,1.2,-0.0
171,2013-01-17 13:30:00,0.043106745928525925,1.2000000476837158,0.4939996600151062,1.631,0.0,0.189,1.2,-0.0
172,2013-01-17 14:00:00,0.10826985538005829,1.2000000476837158,0.5461981892585754,1.606,0.0,0.14300000000000002,1.2,-0.0
173,2013-01-17 14:30:00,0.1053714007139206,1.2000000476837158,0.636505126953125,1.575,0.0,0.07200000000000001,1.2,-0.0
174,2013-01-17 15:00:00,0.058327771723270416,1.1674853563308716,0.7169361710548401,1.506,0.0,0.146,1.2,-0.0
175,2013-01-17 15:30:00,0.026322895660996437,1.1980305910110474,0.7775882482528687,1.419,0.0,0.226,1.2,-0.0
176,2013-01-17 16:00:00,0.014002423733472824,1.1558175086975098,0.8235521912574768,1.3,0.0,0.22,1.2,-0.0
177,2013-01-17 16:30:00,0.07513456046581268,1.1604174375534058,0.8958204984664917,1.156,0.0,0.077,1.2,-0.0
178,2013-01-17 17:00:00,0.025800645351409912,1.1860357522964478,0.8320155739784241,0.994,0.0,0.109,1.2,-0.0
179,2013-01-17 17:30:00,0.10375162214040756,1.177073359489441,0.8606645464897156,0.813,0.0,0.133,1.2,-0.0
180,2013-01-17 18:00:00,0.22299474477767944,1.1667227745056152,0.8498045802116394,0.613,0.0,0.15,1.2,-0.0
181,2013-01-17 18:30:00,0.2919025123119354,1.097032904624939,0.7806297540664673,0.394,0.0,0.133,1.1690974876880644,-0.0
182,2013-01-17 19:00:00,0.22088055312633514,1.0988695621490479,0.6829133629798889,0.15,0.0,0.142,1.0889025123119356,-0.0
183,2013-01-17 19:30:00,0.35180115699768066,0.6538518667221069,1.06828773021698,0.056,0.0,0.344,0.8009025123119357,-0.0
184,2013-01-17 20:00:00,0.42922645807266235,0.6617526412010193,0.8766336441040039,0.013,0.0,0.17600000000000002,0.7006336441040039,-0.0
185,2013-01-17 20:30:00,0.8668164014816284,0.732247531414032,0.6389069557189941,0.0,0.0,0.274,0.42663364410400384,-0.0
186,2013-01-17 21:00:00,0.4792160391807556,1.0067267417907715,0.5745825171470642,0.0,0.0,0.227,0.34758251714706423,-0.0
187,2013-01-17 21:30:00,0.1679554432630539,1.01932954788208,0.4780918061733246,0.0,0.0,0.14,0.33809180617332457,-0.0
188,2013-01-17 22:00:00,0.6783386468887329,1.0019619464874268,0.422818124294281,0.0,0.0,0.172,0.250818124294281,-0.0
189,2013-01-17 22:30:00,0.036379240453243256,1.0214089155197144,0.5442500114440918,0.0,0.0,0.227,0.3172500114440918,-0.0
190,2013-01-17 23:00:00,0.08971944451332092,0.9952819347381592,0.4932924211025238,0.0,0.0,0.779,1.1912180423736571,-0.0
191,2013-01-17 23:30:00,1.169692039489746,0.001985338982194662,1.1960296630859375,0.0,0.0,0.775,0.4190443241037428,-0.0
192,2013-01-18 00:00:00,0.31455039978027344,1.1587891578674316,1.0058420896530151,0.0,0.0,0.077,1.2,-0.0
193,2013-01-18 00:30:00,0.18325909972190857,0.009771047160029411,1.1362892389297485,0.0,0.0,0.079,1.1112289528399706,-0.0
194,2013-01-18 01:00:00,0.00957865733653307,0.05149300768971443,1.0482327938079834,0.0,1.075,0.09,0.11448916672170162,-0.0321260213881731
195,2013-01-18 01:30:00,1.0569881200790405,1.2000000476837158,1.0206624269485474,0.0,0.931,0.155,1.0850216188728805,-0.0
196,2013-01-18 02:00:00,0.565769612789154,0.0968581810593605,1.015641212463379,0.0,0.0,0.094,0.9910216188728805,-0.0
197,2013-01-18 02:30:00,0.0,0.23800359666347504,0.9159544110298157,0.0,0.888,0.076,0.4159531655907636,-0.0
198,2013-01-18 03:00:00,1.0031921863555908,1.1507340669631958,0.9990569353103638,0.0,0.163,0.215,1.2,-0.0
199,2013-01-18 03:30:00,0.4178025722503662,0.023560602217912674,1.1653244495391846,0.0,0.0,0.8140000000000001,0.3624393977820872,-0.0
200,2013-01-18 04:00:00,0.285625159740448,1.2000000476837158,1.2000000476837158,0.0,0.0,0.722,0.9531212044358255,-0.0
201,2013-01-18 04:30:00,1.1871545314788818,0.014309998601675034,1.2000000476837158,0.0,0.075,0.156,0.9546900490820408,-0.0
202,2013-01-18 05:00:00,0.01994759403169155,0.2575111985206604,0.9131785035133362,0.0,0.8809999999999999,0.15,0.40210870331525805,-0.0
203,2013-01-18 05:30:00,0.8855334520339966,1.0715194940567017,0.9384821057319641,0.0,0.0,0.7859999999999999,0.9382630993127824,-0.0
204,2013-01-18 06:00:00,1.1828609704971313,0.0,1.2000000476837158,0.0,0.0,0.8370000000000001,0.36300004768371574,-0.0
205,2013-01-18 06:30:00,0.30278491973876953,1.1323312520980835,1.1422507762908936,0.0,0.0,0.141,1.2,-0.0
206,2013-01-18 07:00:00,0.07523910701274872,0.0,1.1537814140319824,0.038,0.0,0.14,1.0599999999999998,-0.0
207,2013-01-18 07:30:00,0.08779682219028473,0.028463561087846756,1.0250556468963623,0.081,0.0,0.133,1.0079999999999998,-0.0
208,2013-01-18 08:00:00,0.640998363494873,0.23804427683353424,1.031769037246704,0.156,0.0,0.361,0.6729557231664662,-0.0
209,2013-01-18 08:30:00,0.4955388307571411,0.6354514360427856,0.8712836503982544,0.375,0.0,0.233,0.8149557231664663,-0.0
210,2013-01-18 09:00:00,0.6231091618537903,0.6121931076049805,0.899975061416626,0.631,0.0,0.5429999999999999,1.2,-0.0
211,2013-01-18 09:30:00,0.41260501742362976,0.23663483560085297,0.9435251951217651,0.831,0.0,0.294,1.2,-0.0
212,2013-01-18 10:00:00,0.34702032804489136,1.1028225421905518,0.9084488749504089,1.013,0.0,0.232,1.2,-0.0
213,2013-01-18 10:30:00,0.19816046953201294,1.1763657331466675,0.6275146007537842,1.15,0.0,0.225,1.2,-0.0
214,2013-01-18 11:00:00,0.15172669291496277,1.2000000476837158,0.5626258850097656,1.288,0.0,0.337,1.2,-0.0
215,2013-01-18 11:30:00,0.12853746116161346,1.2000000476837158,0.3815074563026428,1.381,0.0,0.315,1.2,-0.0
216,2013-01-18 12:00:00,0.09663498401641846,1.2000000476837158,0.32804444432258606,1.456,0.0,0.429,1.2,-0.0
217,2013-01-18 12:30:00,0.12543566524982452,1.1640143394470215,0.3234609365463257,1.5,0.0,0.425,1.2,-0.0
218,2013-01-18 13:00:00,0.14098890125751495,1.1996337175369263,0.26817309856414795,1.5,0.0,0.438,1.2,-0.0
219,2013-01-18 13:30:00,0.12552322447299957,1.1627404689788818,0.3002517521381378,1.469,0.0,0.134,1.2,-0.0
220,2013-01-18 14:00:00,0.08474139124155045,1.1868618726730347,0.3530586361885071,1.5,0.0,0.139,1.2,-0.0
221,2013-01-18 14:30:00,0.05417003482580185,1.2000000476837158,0.33946534991264343,1.538,0.0,0.238,1.2,-0.0
222,2013-01-18 15:00:00,0.0549917072057724,1.2000000476837158,0.3443463146686554,1.45,0.0,0.152,1.2,-0.0
223,2013-01-18 15:30:00,0.03863513097167015,1.1958808898925781,0.42401376366615295,1.294,0.0,0.227,1.2,-0.0
224,2013-01-18 16:00:00,0.06378328055143356,1.1847532987594604,0.5123373866081238,0.813,0.0,0.264,1.2,-0.0
225,2013-01-18 16:30:00,0.3393263518810272,1.0732290744781494,0.9171582460403442,1.094,0.0,0.271,1.2,-0.0
226,2013-01-18 17:00:00,0.15435488522052765,1.173725962638855,0.7524669170379639,0.125,0.0,0.257,0.943,-0.0
227,2013-01-18 17:30:00,0.5526700615882874,0.4030650854110718,1.0140931606292725,0.256,0.0,0.269,0.9299999999999998,-0.0
228,2013-01-18 18:00:00,0.2812803387641907,0.5797603726387024,0.9388419985771179,0.263,0.0,0.211,0.9819999999999999,-0.0
229,2013-01-18 18:30:00,0.18678781390190125,0.7701330780982971,0.8788951635360718,0.063,0.0,0.177,0.8679999999999999,-0.0
230,2013-01-18 19:00:00,0.6666590571403503,0.34628456830978394,0.93263840675354,0.031,0.0,0.16899999999999998,0.76363840675354,-0.0
231,2013-01-18 19:30:00,0.7141897678375244,0.5374753475189209,0.7083572745323181,0.019,0.0,0.199,0.58363840675354,-0.0
232,2013-01-18 20:00:00,1.2000000476837158,0.9643672704696655,0.7018344402313232,0.006,0.0,0.265,0.43683444023132323,-0.0
233,2013-01-18 20:30:00,0.6865409016609192,0.9716088771820068,0.5739625692367554,0.0,0.0,0.269,0.30496256923675535,-0.0
234,2013-01-18 21:00:00,0.09744618833065033,1.007650375366211,0.5762608647346497,0.0,0.0,0.279,0.29726086473464963,-0.0
235,2013-01-18 21:30:00,0.07751575112342834,1.0458767414093018,0.5935781002044678,0.0,0.0,0.221,0.3725781002044678,-0.0
236,2013-01-18 22:00:00,0.38194921612739563,0.9898567199707031,0.41290590167045593,0.0,0.0,0.117,0.29590590167045594,-0.0
237,2013-01-18 22:30:00,0.498290479183197,1.0416224002838135,0.41795480251312256,0.0,0.0,0.2,0.21795480251312255,-0.0
238,2013-01-18 23:00:00,0.008425634354352951,1.1075448989868164,0.5822209715843201,0.0,0.0,0.8440000000000001,1.2,-0.0
239,2013-01-18 23:30:00,1.2000000476837158,0.0,1.1541537046432495,0.0,0.0,0.6990000000000001,0.5009999999999999,-0.0
240,2013-01-19 00:00:00,0.3341343104839325,0.87465500831604,0.8267368674278259,0.0,0.0,0.126,1.2,-0.0
241,2013-01-19 00:30:00,0.0,0.12448232620954514,1.0468577146530151,0.0,0.0,0.134,0.9415176737904548,-0.0
242,2013-01-19 01:00:00,0.0,0.35313963890075684,0.8113954067230225,0.0,1.069,0.101,0.3886045932769775,-0.036647957975864426
243,2013-01-19 01:30:00,0.93449467420578,1.136928915977478,0.7789835333824158,0.0,0.594,0.026,1.065861897468567,-0.0
244,2013-01-19 02:00:00,0.3406321108341217,0.14994102716445923,0.7403493523597717,0.0,0.0,0.133,1.1853351778984067,-0.0
245,2013-01-19 02:30:00,0.0,0.0,1.0822064876556396,0.0,0.55,0.14300000000000002,0.49233517789840664,-0.0
246,2013-01-19 03:00:00,0.8506441116333008,0.8059499859809875,0.8405701518058777,0.0,0.444,0.18600000000000005,1.179379658222199,-0.0
247,2013-01-19 03:30:00,0.2315950244665146,0.0,0.9740062952041626,0.0,0.0,0.853,0.32637965822219894,-0.0
248,2013-01-19 04:00:00,0.42162036895751953,1.141654372215271,1.0269895792007446,0.0,0.0,0.7809999999999999,1.024586311340331,-0.0
249,2013-01-19 04:30:00,1.2000000476837158,0.0,1.1304510831832886,0.0,0.0,0.098,1.0324510831832885,-0.0
250,2013-01-19 05:00:00,0.011848351918160915,0.10170869529247284,0.8198658227920532,0.0,0.0,0.6779999999999999,0.35445108318328855,-0.0
251,2013-01-19 05:30:00,0.2501407265663147,1.2000000476837158,1.032213807106018,0.0,0.263,1.337,0.1677861928939819,-0.0207058698749542
252,2013-01-19 06:00:00,1.02875816822052,1.2000000476837158,0.8703306317329407,0.0,0.825,0.835,0.40442756652832035,-0.0
253,2013-01-19 06:30:00,1.1312536001205444,1.1868056058883667,0.8173650503158569,0.0,0.35,0.032,1.2,-0.0
254,2013-01-19 07:00:00,0.13446231186389923,0.0,1.020313024520874,0.05,0.475,0.134,0.591,-0.0
255,2013-01-19 07:30:00,1.1099190711975098,0.7146779298782349,0.9022469520568848,0.119,0.08800000000000001,0.08199999999999999,1.2,-0.0
256,2013-01-19 08:00:00,0.21870483458042145,0.4613981544971466,1.0001728534698486,0.094,0.0,0.162,0.5766018455028533,-0.0
257,2013-01-19 08:30:00,1.1226911544799805,0.7772210836410522,0.9273400902748108,0.113,0.0,0.221,0.7063400902748108,-0.0
258,2013-01-19 09:00:00,0.642141580581665,0.6826616525650024,0.8055638670921326,0.481,0.0,0.123,1.0643400902748108,-0.0
259,2013-01-19 09:30:00,0.1599530279636383,1.08815598487854,0.6416394710540771,0.575,0.0,0.056,1.2,-0.0
260,2013-01-19 10:00:00,0.1439715027809143,1.1674469709396362,0.7147385478019714,0.831,0.0,0.161,1.2,-0.0
261,2013-01-19 10:30:00,0.3241164982318878,1.1488126516342163,0.7983770370483398,0.913,0.0,0.247,1.2,-0.0
262,2013-01-19 11:00:00,0.35267841815948486,1.0849273204803467,0.9442334771156311,0.7879999999999999,0.0,0.104,1.2,-0.0
263,2013-01-19 11:30:00,0.24531684815883636,1.1606007814407349,0.7710814476013184,0.913,0.0,0.174,1.2,-0.0
264,2013-01-19 12:00:00,0.2802259624004364,1.1738096475601196,0.7796750068664551,0.8190000000000001,0.0,0.14400000000000002,1.2,-0.0
265,2013-01-19 12:30:00,0.3372249901294708,1.1987065076828003,0.741245448589325,0.85,0.0,0.035,1.2,-0.0
266,2013-01-19 13:00:00,0.2780598998069763,1.1985034942626953,0.7464324831962585,0.8190000000000001,0.0,0.122,1.2,-0.0
267,2013-01-19 13:30:00,0.32129424810409546,1.1510491371154785,0.7384568452835083,0.563,0.0,0.135,1.2,-0.0
268,2013-01-19 14:00:00,0.14915843307971954,1.0479408502578735,0.6259997487068176,0.575,0.0,0.035,1.2,-0.0
269,2013-01-19 14:30:00,0.14219796657562256,1.0737015008926392,0.6792526841163635,0.3,0.0,0.121,1.2,-0.0
270,2013-01-19 15:00:00,0.10690642148256302,0.9962992668151855,0.7568235993385315,0.14400000000000002,0.0,0.124,1.113093578517437,-0.0
271,2013-01-19 15:30:00,0.23676463961601257,0.5520735383033752,0.9973196983337402,0.131,0.0,0.035,1.2,-0.0
272,2013-01-19 16:00:00,0.0644083172082901,0.5393373370170593,0.9290668964385986,0.194,0.0,0.16,1.1695916827917099,-0.0
273,2013-01-19 16:30:00,0.12202802300453186,0.889746904373169,0.8934713006019592,0.175,0.0,0.123,1.1907886114120483,-0.0
274,2013-01-19 17:00:00,0.11039069294929504,0.8046199679374695,0.9267086982727051,0.125,0.0,0.158,1.0750320842266081,-0.0
275,2013-01-19 17:30:00,0.3577389717102051,0.3544938564300537,1.0346935987472534,0.119,0.0,0.151,1.043032084226608,-0.0
276,2013-01-19 18:00:00,0.38198694586753845,0.4077250063419342,1.0523428916931152,0.081,0.0,0.14400000000000002,0.980032084226608,-0.0
277,2013-01-19 18:30:00,0.5535547137260437,0.3846864104270935,1.0148106813430786,0.038,0.0,0.173,0.8450320842266079,-0.0
278,2013-01-19 19:00:00,0.42434754967689514,0.48294544219970703,0.7382187843322754,0.019,0.0,0.14800000000000002,0.7160320842266079,-0.0
279,2013-01-19 19:30:00,0.846545398235321,0.6653425693511963,0.6601678729057312,0.0,0.0,0.26,0.4560320842266079,-0.0
280,2013-01-19 20:00:00,0.594203531742096,0.8789675831794739,0.6349357962608337,0.0,0.0,0.259,0.37593579626083373,-0.0
281,2013-01-19 20:30:00,0.20797468721866608,0.9051730632781982,0.5542168021202087,0.0,0.0,0.153,0.4012168021202087,-0.0
282,2013-01-19 21:00:00,0.9144619107246399,0.9234018921852112,0.5668909549713135,0.0,0.0,0.226,0.3408909549713135,-0.0
283,2013-01-19 21:30:00,0.16334427893161774,1.0006574392318726,0.5152869820594788,0.0,0.0,0.256,0.25928698205947875,-0.0
284,2013-01-19 22:00:00,0.09086146205663681,1.074355125427246,0.7363128662109375,0.0,0.0,0.157,0.5793128662109375,-0.0
285,2013-01-19 22:30:00,1.2000000476837158,0.9191879034042358,0.6698048710823059,0.0,0.0,0.197,0.4728048710823059,-0.0
286,2013-01-19 23:00:00,1.101369857788086,0.9507692456245422,0.6478486657142639,0.0,0.0,0.841,0.862621012210846,-0.0
287,2013-01-19 23:30:00,1.1492314338684082,0.3300778865814209,1.106781005859375,0.0,0.0,0.68,0.18262101221084592,-0.0
288,2013-01-20 00:00:00,0.5834434032440186,1.2000000476837158,1.0289963483810425,0.0,0.0,0.155,1.2,-0.0
289,2013-01-20 00:30:00,0.06364744156599045,0.04485403001308441,1.0965490341186523,0.0,0.0,0.101,1.0541459699869156,-0.0
290,2013-01-20 01:00:00,0.03335326910018921,0.08750281482934952,0.8747979402542114,0.0,1.075,0.044,0.26685084456205366,-0.040650487457513804
291,2013-01-20 01:30:00,1.2000000476837158,1.2000000476837158,0.7437087893486023,0.0,1.238,0.14300000000000002,0.4852982631921767,-0.0
292,2013-01-20 02:00:00,1.0469659566879272,1.2000000476837158,0.9325721263885498,0.0,0.4,0.065,0.9644034259319305,-0.0
293,2013-01-20 02:30:00,0.667227566242218,0.35567498207092285,0.6595897078514099,0.0,0.0,0.08,1.2,-0.0
294,2013-01-20 03:00:00,0.07514742761850357,0.16250380873680115,1.0591257810592651,0.0,0.963,0.194,0.14087421894073482,-0.05901780276775361
295,2013-01-20 03:30:00,1.0526777505874634,1.2000000476837158,0.9997732639312744,0.0,0.038,0.7509999999999999,1.2,-0.0
296,2013-01-20 04:00:00,1.2000000476837158,0.11418008804321289,1.2000000476837158,0.0,0.0,0.767,0.3188199596405029,-0.0
297,2013-01-20 04:30:00,0.3070116937160492,1.2000000476837158,0.9920050501823425,0.0,0.0,0.087,1.2,-0.0
298,2013-01-20 05:00:00,0.09202538430690765,0.15121957659721375,1.0668885707855225,0.0,0.0,0.116,0.9327804234027862,-0.0
299,2013-01-20 05:30:00,0.02206902951002121,0.4704790711402893,0.8062299489974976,0.0,0.0,0.8690000000000001,0.39496008205413813,-0.0
300,2013-01-20 06:00:00,0.4380277395248413,1.2000000476837158,0.9665888547897339,0.0,0.5379999999999999,0.7959999999999999,0.27607978820800794,-0.0
301,2013-01-20 06:30:00,1.1816054582595825,1.2000000476837158,0.639808714389801,0.0,0.388,0.145,1.2,-0.0
302,2013-01-20 07:00:00,0.3913690447807312,0.01981906220316887,1.038583517074585,0.031,0.0,0.105,1.075180937796831,-0.0
303,2013-01-20 07:30:00,0.13390126824378967,0.19081439077854156,0.8718813061714172,0.044,0.0,0.141,1.029823733627796,-0.0
304,2013-01-20 08:00:00,0.28645139932632446,0.37685757875442505,0.8294346332550049,0.081,0.0,0.205,0.7964949539899829,-0.0
305,2013-01-20 08:30:00,0.878757894039154,0.5958377718925476,0.9586544036865234,0.05,0.0,0.569,0.3896544036865235,-0.0
306,2013-01-20 09:00:00,1.0314083099365234,1.145168423652649,0.5995570421218872,0.2,0.0,0.039,0.5605570421218872,-0.0
307,2013-01-20 09:30:00,1.2000000476837158,1.1786797046661377,0.6777129769325256,0.219,0.0,0.108,0.6715570421218872,-0.0
308,2013-01-20 10:00:00,1.2000000476837158,1.150909423828125,0.6849838495254517,0.238,0.0,0.141,0.7685570421218871,-0.0
309,2013-01-20 10:30:00,1.1810554265975952,1.0427758693695068,0.6755110621452332,0.2,0.0,0.115,0.8535570421218872,-0.0
310,2013-01-20 11:00:00,1.0476056337356567,0.996623158454895,0.7094841003417969,0.219,0.0,0.363,0.7095570421218873,-0.0
311,2013-01-20 11:30:00,0.29181358218193054,0.42756572365760803,0.9134765863418579,0.175,0.0,0.134,0.7794765863418579,-0.0
312,2013-01-20 12:00:00,1.1550575494766235,0.9914017915725708,0.7498194575309753,0.225,0.0,0.116,0.8884765863418579,-0.0
313,2013-01-20 12:30:00,0.8797243237495422,0.9867732524871826,0.7427490949630737,0.35600000000000004,0.0,0.313,1.1985234136581422,-0.0
314,2013-01-20 13:00:00,0.19790701568126678,0.8925950527191162,0.9649332165718079,0.35,0.0,0.237,1.118046157002449,-0.0
315,2013-01-20 13:30:00,0.13461586833000183,0.9244723320007324,0.8566799759864807,0.275,0.0,0.383,1.1212918176651,-0.0
316,2013-01-20 14:00:00,0.7866925597190857,0.5598110556602478,1.091040015220642,0.306,0.0,0.21,1.0687081823348998,-0.0
317,2013-01-20 14:30:00,0.19443196058273315,0.9092317223548889,0.8293442726135254,0.363,0.0,0.244,1.2,-0.0
318,2013-01-20 15:00:00,0.2044524997472763,0.9885833263397217,0.8292226791381836,0.463,0.0,0.19,1.2,-0.0
319,2013-01-20 15:30:00,0.17556218802928925,1.0411871671676636,0.6905802488327026,0.381,0.0,0.326,1.0794378119707106,-0.0
320,2013-01-20 16:00:00,0.16386745870113373,0.758039116859436,0.9710512757301331,0.331,0.0,0.269,1.2,-0.0
321,2013-01-20 16:30:00,0.13533130288124084,0.9616625905036926,0.8644076585769653,0.225,0.0,0.246,1.043668697118759,-0.0
322,2013-01-20 17:00:00,0.3309943974018097,0.8198934197425842,0.983374834060669,0.225,0.0,0.327,1.029331302881241,-0.0
323,2013-01-20 17:30:00,0.43569228053092957,0.7806800603866577,1.0231866836547852,0.15,0.0,0.191,0.9883313028812408,-0.0
324,2013-01-20 18:00:00,0.47240233421325684,0.5187917947769165,1.0804252624511719,0.156,0.0,0.118,1.0263313028812409,-0.0
325,2013-01-20 18:30:00,0.28776872158050537,0.5890274047851562,0.9916500449180603,0.188,0.0,0.194,1.179668697118759,-0.0
326,2013-01-20 19:00:00,0.3831518888473511,0.5149158835411072,1.112339735031128,0.131,0.0,0.6559999999999999,0.5643313028812409,-0.0
327,2013-01-20 19:30:00,0.9003996849060059,0.8459441661834717,0.5156841278076172,0.044,0.0,0.478,0.13033130288124095,-0.0
328,2013-01-20 20:00:00,0.11996088922023773,1.2000000476837158,1.0706359148025513,0.006,0.0,0.26,0.8106359148025513,-0.0
329,2013-01-20 20:30:00,0.08764278143644333,0.49245238304138184,0.775351345539093,0.0,0.0,0.329,0.48163591480255125,-0.0
330,2013-01-20 21:00:00,0.52344810962677,0.9489900469779968,0.7100903391838074,0.0,0.0,0.17,0.5400903391838073,-0.0
331,2013-01-20 21:30:00,1.1304404735565186,0.9706526398658752,0.6074018478393555,0.0,0.0,0.222,0.3854018478393555,-0.0
332,2013-01-20 22:00:00,0.3672501742839813,1.0137758255004883,0.4963417947292328,0.0,0.0,0.249,0.2473417947292328,-0.0
333,2013-01-20 22:30:00,0.02172565646469593,1.1209160089492798,0.7503012418746948,0.0,0.0,0.212,0.5383012418746949,-0.0
334,2013-01-20 23:00:00,1.031742811203003,0.9844192862510681,0.6345743536949158,0.0,0.0,0.943,0.5959782299995421,-0.0
335,2013-01-20 23:30:00,0.6797440648078918,0.7809067368507385,0.6240242719650269,0.0,0.0,0.8220000000000001,0.8051368031501773,-0.0
336,2013-03-18 00:00:00,0.5053681135177612,0.6082533597946167,0.8276470303535461,0.0,0.0,0.07,1.2,-0.0
337,2013-03-18 00:30:00,0.0,0.21500694751739502,1.0000674724578857,0.0,0.0,0.142,0.8429930524826049,-0.0
338,2013-03-18 01:00:00,0.12404267489910126,0.5401024222373962,0.8828254342079163,0.0,1.088,0.139,0.3171745657920837,-0.04065630929946903
339,2013-03-18 01:30:00,0.9165284037590027,1.144848346710205,0.979041576385498,0.0,1.263,0.14,0.4178025217056275,-0.0
340,2013-03-18 02:00:00,0.981964111328125,1.1544857025146484,0.9529550671577454,0.0,1.256,0.103,0.2509092540740965,-0.0
341,2013-03-18 02:30:00,1.0044798851013184,1.138670563697815,1.092146873474121,0.0,1.163,0.024,0.7725109281539917,-0.0
342,2013-03-18 03:00:00,0.7475960850715637,0.8660895824432373,0.5180672407150269,0.0,0.0,0.233,0.9558885612487792,-0.0
343,2013-03-18 03:30:00,0.5080553293228149,0.17856259644031525,0.7451576590538025,0.0,1.144,0.71,0.38929349863529206,-0.2494404937386513
344,2013-03-18 04:00:00,0.6983575224876404,1.1361165046691895,0.49802470207214355,0.0,0.1,0.6829999999999999,0.9022964980602264,-0.0
345,2013-03-18 04:30:00,1.165515422821045,0.0,1.2000000476837158,0.0,0.0,0.047,1.153000047683716,-0.0
346,2013-03-18 05:00:00,0.0,0.0,0.9558433890342712,0.0,0.925,0.17800000000000002,0.19715665864944465,-0.03973228496074679
347,2013-03-18 05:30:00,0.9608939290046692,1.1334099769592285,0.9738465547561646,0.0,0.081,0.748,1.2,-0.0
348,2013-03-18 06:00:00,1.1804430484771729,0.0,1.1972001791000366,0.0,0.0,0.629,0.571,-0.0
349,2013-03-18 06:30:00,0.30023565888404846,0.8428520560264587,0.8532278537750244,0.0,0.0,0.09,1.2,-0.0
350,2013-03-18 07:00:00,0.04171912372112274,0.16832266747951508,0.9499008655548096,0.0,0.0,0.031,1.000677332520485,-0.0
351,2013-03-18 07:30:00,0.012171242386102676,0.23991163074970245,0.6130372285842896,0.013,0.0,0.336,0.9992199770510195,-0.0
352,2013-03-18 08:00:00,0.39167410135269165,0.13296429812908173,1.1577800512313843,0.05,0.0,0.44,0.6092199770510196,-0.0
353,2013-03-18 08:30:00,0.44528084993362427,0.8158702254295349,0.7231801152229309,0.113,0.0,0.438,0.2851801152229309,-0.0
354,2013-03-18 09:00:00,0.595605731010437,0.9803548455238342,0.7251557111740112,0.08800000000000001,0.0,0.168,0.5571557111740112,-0.0
355,2013-03-18 09:30:00,1.1931673288345337,0.9431760311126709,0.5929843187332153,0.28800000000000003,0.0,0.071,0.7741557111740113,-0.0
356,2013-03-18 10:00:00,1.1820414066314697,1.1199733018875122,0.7964794635772705,0.494,0.0,0.077,1.2,-0.0
357,2013-03-18 10:30:00,0.1175532266497612,1.1027884483337402,0.557259202003479,0.7440000000000001,0.0,0.051,1.2,-0.0
358,2013-03-18 11:00:00,0.18209956586360931,1.1923741102218628,0.7065621614456177,0.85,0.0,0.238,1.2,-0.0
359,2013-03-18 11:30:00,0.2791282534599304,1.0789835453033447,0.918884813785553,1.169,0.0,0.062,1.2,-0.0
360,2013-03-18 12:00:00,0.05660450831055641,1.2000000476837158,0.6807814836502075,1.444,0.0,0.122,1.2,-0.0
361,2013-03-18 12:30:00,0.04858537018299103,1.2000000476837158,0.5570003986358643,1.481,0.0,0.025,1.2,-0.0
362,2013-03-18 13:00:00,0.02927764132618904,1.2000000476837158,0.5706501007080078,1.025,0.0,0.34600000000000003,1.2,-0.0
363,2013-03-18 13:30:00,0.24526946246623993,1.1238703727722168,0.9669777750968933,1.1,0.0,0.194,1.2,-0.0
364,2013-03-18 14:00:00,0.0960569679737091,1.2000000476837158,0.7657558917999268,1.469,0.0,0.168,1.2,-0.0
365,2013-03-18 14:30:00,0.015155773609876633,1.2000000476837158,0.5730599164962769,1.538,0.0,0.114,1.2,-0.0
366,2013-03-18 15:00:00,0.017813442274928093,1.2000000476837158,0.49587690830230713,1.544,0.0,0.027000000000000003,1.2,-0.0
367,2013-03-18 15:30:00,0.007055152207612991,1.2000000476837158,0.5120100378990173,1.131,0.0,0.193,1.2,-0.0
368,2013-03-18 16:00:00,0.1145821064710617,1.2000000476837158,0.5667160153388977,1.219,0.0,0.125,1.2,-0.0
369,2013-03-18 16:30:00,0.09334725886583328,1.2000000476837158,0.524931013584137,1.119,0.0,0.202,1.2,-0.0
370,2013-03-18 17:00:00,0.1432890146970749,1.2000000476837158,0.5786841511726379,0.838,0.0,0.232,1.2,-0.0
371,2013-03-18 17:30:00,0.23917672038078308,1.117241382598877,0.8042234778404236,0.688,0.0,0.056,1.2,-0.0
372,2013-03-18 18:00:00,0.09667909890413284,1.2000000476837158,0.4788409471511841,0.231,0.0,0.161,1.1733209010958672,-0.0
373,2013-03-18 18:30:00,0.11965486407279968,1.060012698173523,0.7379264235496521,0.094,0.0,0.244,0.9826790989041327,-0.0
374,2013-03-18 19:00:00,0.7607114315032959,0.4618948698043823,1.054919719696045,0.031,0.0,0.5770000000000001,0.47791971969604485,-0.0
375,2013-03-18 19:30:00,0.969480574131012,1.0526891946792603,0.6320376396179199,0.0,0.0,0.205,0.42703763961791996,-0.0
376,2013-03-18 20:00:00,1.074432134628296,0.9898037314414978,0.4812715947628021,0.0,0.0,0.15,0.3312715947628021,-0.0
377,2013-03-18 20:30:00,0.8953490853309631,1.0410006046295166,0.4232245683670044,0.0,0.0,0.244,0.1792245683670044,-0.0
378,2013-03-18 21:00:00,0.06665077805519104,1.1873705387115479,0.8106572031974792,0.0,0.0,0.195,0.6156572031974792,-0.0
379,2013-03-18 21:30:00,1.1724965572357178,0.8713739514350891,0.7219805121421814,0.0,0.0,0.165,0.5569805121421814,-0.0
380,2013-03-18 22:00:00,1.2000000476837158,0.897782564163208,0.6854891777038574,0.0,0.0,0.154,0.5314891777038574,-0.0
381,2013-03-18 22:30:00,1.2000000476837158,0.9001615047454834,0.635566771030426,0.0,0.0,0.15,0.485566771030426,-0.0
382,2013-03-18 23:00:00,1.2000000476837158,0.9187602400779724,0.6360176801681519,0.0,0.0,0.8079999999999999,0.9021062178611757,-0.0
383,2013-03-18 23:30:00,1.2000000476837158,0.2681041955947876,1.2000000476837158,0.0,0.0,0.626,0.3058958520889282,-0.0
384,2013-03-19 00:00:00,0.2270904779434204,1.1886948347091675,1.0398077964782715,0.0,0.0,0.131,1.2,-0.0
385,2013-03-19 00:30:00,0.09232934564352036,0.0043533481657505035,1.0876410007476807,0.0,0.0,0.08900000000000001,1.1066466518342495,-0.0
386,2013-03-19 01:00:00,0.019470013678073883,0.0,1.0131723880767822,0.0,1.088,0.028,0.09347426375746726,-0.015042761192321785
387,2013-03-19 01:30:00,1.0908678770065308,1.1403753757476807,1.0012048482894897,0.0,1.256,0.126,0.8906760967373847,-0.0
388,2013-03-19 02:00:00,0.8369030952453613,0.5229413509368896,0.6644366383552551,0.0,1.263,0.025,0.5355633616447448,-0.05703569060564038
389,2013-03-19 02:30:00,1.0916922092437744,0.8830529451370239,0.6322798132896423,0.0,0.45,0.103,1.0928203315734863,-0.0
390,2013-03-19 03:00:00,0.34405750036239624,0.0,0.8447261452674866,0.0,0.531,0.149,0.4128203315734863,-0.0
391,2013-03-19 03:30:00,1.1121330261230469,0.8569706082344055,0.9222367405891418,0.0,0.6809999999999999,0.752,0.4843887286186219,-0.0
392,2013-03-19 04:00:00,1.2000000476837158,0.9757090210914612,0.6785673499107361,0.0,0.0,0.657,0.9985135216712948,-0.0
393,2013-03-19 04:30:00,1.2000000476837158,0.004729935899376869,1.2000000476837158,0.0,0.013,0.036000000000000004,1.146270111784339,-0.0
394,2013-03-19 05:00:00,0.09360307455062866,0.004480171948671341,0.9767173528671265,0.0,0.963,0.209,0.1740329308658839,-0.05393596115201711
395,2013-03-19 05:30:00,1.1350698471069336,1.1620780229568481,0.9946089386940002,0.0,0.0,1.442,0.6478561153113838,-0.0
396,2013-03-19 06:00:00,0.7422613501548767,0.7804762125015259,0.8339889049530029,0.0,0.0,1.265,0.366011095046997,-0.028943875306248427
397,2013-03-19 06:30:00,0.8097550272941589,1.127980351448059,0.7815753221511841,0.0,0.0,0.136,1.2,-0.0
398,2013-03-19 07:00:00,0.3066818118095398,0.06860595941543579,1.0850917100906372,0.0,0.0,0.092,1.0393940405845643,-0.0
399,2013-03-19 07:30:00,0.10181067138910294,0.23505671322345734,0.8291165232658386,0.006,0.0,0.051,1.2,-0.0
400,2013-03-19 08:00:00,0.08125003427267075,0.07495295256376266,1.0342488288879395,0.031,0.0,0.182,0.9430470474362374,-0.0
401,2013-03-19 08:30:00,0.30124321579933167,0.3373132348060608,0.9105544090270996,0.05,0.0,0.08900000000000001,0.9040470474362374,-0.0
402,2013-03-19 09:00:00,0.5828593373298645,0.4053250551223755,0.6939123868942261,0.081,0.0,0.025,0.9600470474362374,-0.0
403,2013-03-19 09:30:00,0.6012584567070007,0.7029885649681091,0.7146982550621033,0.306,0.0,0.311,1.1289529525637625,-0.0
404,2013-03-19 10:00:00,0.17211435735225677,0.8342230916023254,0.9704044461250305,0.475,0.0,0.282,1.2,-0.0
405,2013-03-19 10:30:00,0.22894325852394104,0.9338438510894775,0.8456218242645264,0.738,0.0,0.111,1.2,-0.0
406,2013-03-19 11:00:00,0.264332115650177,1.1805468797683716,0.7108593583106995,0.825,0.0,0.039,1.2,-0.0
407,2013-03-19 11:30:00,0.25128552317619324,1.1841965913772583,0.720978856086731,1.113,0.0,0.075,1.2,-0.0
408,2013-03-19 12:00:00,0.23803719878196716,1.2000000476837158,0.708523154258728,1.4,0.0,0.083,1.2,-0.0
409,2013-03-19 12:30:00,0.15451636910438538,1.2000000476837158,0.7311334609985352,0.644,0.0,0.067,1.2,-0.0
410,2013-03-19 13:00:00,0.19644837081432343,1.1952565908432007,0.7224071025848389,1.219,0.0,0.117,1.2,-0.0
411,2013-03-19 13:30:00,0.2043476104736328,1.2000000476837158,0.7833321690559387,0.95,0.0,0.142,1.2,-0.0
412,2013-03-19 14:00:00,0.3297448456287384,1.2000000476837158,0.8154436349868774,0.225,0.0,0.113,1.087,-0.0
413,2013-03-19 14:30:00,0.09916624426841736,0.9714449644088745,0.7164459228515625,0.619,0.0,0.023,1.2,-0.0
414,2013-03-19 15:00:00,0.1408446580171585,1.1483911275863647,0.7479864358901978,1.35,0.0,0.115,1.2,-0.0
415,2013-03-19 15:30:00,0.16627350449562073,1.175741195678711,0.8411427736282349,1.506,0.0,0.044,1.2,-0.0
416,2013-03-19 16:00:00,0.13230153918266296,1.1350733041763306,0.8098110556602478,0.669,0.0,0.073,1.2,-0.0
417,2013-03-19 16:30:00,0.16700991988182068,1.1441155672073364,0.7556492686271667,0.275,0.0,0.085,1.2,-0.0
418,2013-03-19 17:00:00,0.07911285012960434,1.0597342252731323,0.7767128944396973,0.975,0.0,0.04,1.2,-0.0
419,2013-03-19 17:30:00,0.29274892807006836,1.1926672458648682,0.8188517093658447,0.525,0.0,0.276,1.1562510719299315,-0.0
420,2013-03-19 18:00:00,0.20507512986660004,0.8624502420425415,0.9189735054969788,0.25,0.0,0.232,1.1004227262735369,-0.0
421,2013-03-19 18:30:00,0.16145476698875427,0.8828461766242981,0.8860011696815491,0.05,0.0,0.282,0.8684227262735369,-0.0
422,2013-03-19 19:00:00,0.6081129908561707,0.462738573551178,1.0165668725967407,0.013,0.0,0.197,0.8195668725967407,-0.0
423,2013-03-19 19:30:00,0.12409064918756485,0.3401912450790405,0.665728747844696,0.0,0.0,0.134,0.6855668725967407,-0.0
424,2013-03-19 20:00:00,0.8647830486297607,0.7043014168739319,0.6456437706947327,0.0,0.0,0.259,0.42656687259674064,-0.0
425,2013-03-19 20:30:00,0.6675819158554077,0.9476664066314697,0.5978342890739441,0.0,0.0,0.188,0.4098342890739441,-0.0
426,2013-03-19 21:00:00,0.9729046821594238,0.9332599639892578,0.5541111826896667,0.0,0.0,0.182,0.37211118268966675,-0.0
427,2013-03-19 21:30:00,0.7789890170097351,0.9457694292068481,0.518498957157135,0.0,0.0,0.235,0.283498957157135,-0.0
428,2013-03-19 22:00:00,0.14348793029785156,1.0121616125106812,0.6251633167266846,0.0,0.0,0.057,0.5681633167266845,-0.0
429,2013-03-19 22:30:00,1.2000000476837158,0.9368863105773926,0.617802083492279,0.0,0.0,0.211,0.4068020834922791,-0.0
430,2013-03-19 23:00:00,0.7985122799873352,0.9733957052230835,0.5269646644592285,0.0,0.0,0.7659999999999999,1.0470001277923586,-0.0
431,2013-03-19 23:30:00,1.2000000476837158,0.039761874824762344,1.1875938177108765,0.0,0.0,0.619,0.5288319428861141,-0.0
432,2013-03-20 00:00:00,0.3336259722709656,0.8538171052932739,0.8041914105415344,0.0,0.0,0.19,1.2,-0.0
433,2013-03-20 00:30:00,0.050310928374528885,0.18692608177661896,1.1117219924926758,0.0,0.0,0.029,0.984073918223381,-0.0
434,2013-03-20 01:00:00,0.0027112020179629326,0.34090402722358704,0.6670007705688477,0.0,1.069,0.097,0.5329992294311523,-0.05729510931015015
435,2013-03-20 01:30:00,1.0347658395767212,1.0175104141235352,0.6742706894874573,0.0,1.238,0.052000000000000005,0.5257293105125427,-0.03876381834983826
436,2013-03-20 02:00:00,1.1424250602722168,1.2000000476837158,0.8486244678497314,0.0,1.263,0.059,0.3513755321502685,-0.04251342008590697
437,2013-03-20 02:30:00,1.2000000476837158,1.2000000476837158,1.0662505626678467,0.0,0.35600000000000004,0.08900000000000001,1.2,-0.0
438,2013-03-20 03:00:00,0.3283112049102783,0.0447869673371315,1.0280981063842773,0.0,0.588,0.126,0.4412130326628685,-0.0
439,2013-03-20 03:30:00,0.7832720875740051,1.0408470630645752,0.8762434124946594,0.0,0.619,0.8009999999999999,0.32375658750534053,-0.01809802329182625
440,2013-03-20 04:00:00,0.8592120409011841,1.2000000476837158,0.7512423992156982,0.0,0.0,0.6,1.1524867773056031,-0.0
441,2013-03-20 04:30:00,1.2000000476837158,0.0,1.2000000476837158,0.0,0.0,0.094,1.1060000476837157,-0.0
442,2013-03-20 05:00:00,0.07320600003004074,0.15434178709983826,1.017872929573059,0.0,0.981,0.15,0.18212707042694087,-0.021456617281436864
443,2013-03-20 05:30:00,1.0444114208221436,1.2000000476837158,1.0798444747924805,0.0,0.0,0.733,1.2,-0.0
444,2013-03-20 06:00:00,1.2000000476837158,0.0402064323425293,1.2000000476837158,0.0,0.0,0.7140000000000001,0.44579361534118644,-0.0
445,2013-03-20 06:30:00,0.36302754282951355,1.1683015823364258,1.0585168600082397,0.0,0.0,0.141,1.2,-0.0
446,2013-03-20 07:00:00,0.27381432056427,0.010974014177918434,1.2000000476837158,0.0,0.0,0.121,1.0680260335057974,-0.0
447,2013-03-20 07:30:00,0.0,0.13766975700855255,1.0271153450012207,0.006,0.0,0.024,1.2,-0.0
448,2013-03-20 08:00:00,0.0,0.038354191929101944,1.1779444217681885,0.025,0.0,0.5589999999999999,0.627645808070898,-0.0
449,2013-03-20 08:30:00,0.23887360095977783,0.7490302920341492,0.7162376046180725,0.038,0.0,0.401,0.3152376046180725,-0.0
450,2013-03-20 09:00:00,0.316453754901886,1.1176695823669434,0.7647172808647156,0.081,0.0,0.132,0.6327172808647156,-0.0
451,2013-03-20 09:30:00,1.2000000476837158,1.0117998123168945,0.6630597710609436,0.338,0.0,0.084,0.8867172808647156,-0.0
452,2013-03-20 10:00:00,0.8578429222106934,1.0414021015167236,0.6867510080337524,0.438,0.0,0.029,1.2,-0.0
453,2013-03-20 10:30:00,0.1716080605983734,1.080661416053772,0.5514034032821655,0.731,0.0,0.136,1.2,-0.0
454,2013-03-20 11:00:00,0.24510785937309265,1.114994764328003,0.653098464012146,0.831,0.0,0.056,1.2,-0.0
455,2013-03-20 11:30:00,0.257646769285202,1.1341006755828857,0.6736180782318115,1.094,0.0,0.079,1.2,-0.0
456,2013-03-20 12:00:00,0.1494818478822708,1.1596324443817139,0.6369026303291321,1.481,0.0,0.142,1.2,-0.0
457,2013-03-20 12:30:00,0.09890720993280411,1.160041332244873,0.5786070227622986,0.906,0.0,0.378,1.2,-0.0
458,2013-03-20 13:00:00,0.32237598299980164,0.5951194167137146,1.0611352920532227,0.988,0.0,0.171,1.2,-0.0
459,2013-03-20 13:30:00,0.19922611117362976,1.2000000476837158,0.6897401213645935,0.894,0.0,0.138,1.2,-0.0
460,2013-03-20 14:00:00,0.22461239993572235,1.2000000476837158,0.6602055430412292,0.956,0.0,0.326,1.2,-0.0
461,2013-03-20 14:30:00,0.25333964824676514,0.9536418318748474,1.0006890296936035,0.738,0.0,0.23,1.2,-0.0
462,2013-03-20 15:00:00,0.23032575845718384,0.9877888560295105,0.8882465362548828,0.506,0.0,0.45,1.0256742415428162,-0.0
463,2013-03-20 15:30:00,0.18932007253170013,0.27427810430526733,0.8925215005874634,0.381,0.0,0.7070000000000001,1.0333314443826673,-0.0
464,2013-03-20 16:00:00,0.8029202222824097,0.333930104970932,0.6000556945800781,0.55,0.0,0.624,0.7426685556173326,-0.0
465,2013-03-20 16:30:00,0.3996596932411194,0.03553260117769241,0.7471624612808228,0.8690000000000001,0.0,0.645,0.9666685556173329,-0.0
466,2013-03-20 17:00:00,0.17215706408023834,0.2413235306739807,0.7608423829078674,0.894,0.0,0.153,1.2,-0.0
467,2013-03-20 17:30:00,0.12542839348316193,1.1970826387405396,0.6645594835281372,0.481,0.0,0.078,1.2,-0.0
468,2013-03-20 18:00:00,0.10157454758882523,1.1102900505065918,0.5048374533653259,0.194,0.0,0.131,1.1614254524111747,-0.0
469,2013-03-20 18:30:00,0.06733502447605133,0.955937922000885,0.6624345779418945,0.1,0.0,1.031,0.5375654220581054,-0.06986286486625667
470,2013-03-20 19:00:00,0.3859610855579376,0.9892436265945435,0.7771802544593811,0.019,0.0,0.314,0.4631802544593811,-0.0
471,2013-03-20 19:30:00,0.7894107699394226,0.9420750737190247,0.6789997816085815,0.0,0.0,0.16899999999999998,0.5099997816085815,-0.0
472,2013-03-20 20:00:00,1.2000000476837158,0.9776546955108643,0.6620036363601685,0.0,0.0,0.177,0.48500363636016847,-0.0
473,2013-03-20 20:30:00,1.2000000476837158,1.04575514793396,0.6786586046218872,0.0,0.0,0.26,0.4186586046218872,-0.0
474,2013-03-20 21:00:00,0.8150153160095215,1.0416924953460693,0.5988715887069702,0.0,0.0,0.163,0.4358715887069702,-0.0
475,2013-03-20 21:30:00,1.1777766942977905,1.0630693435668945,0.6260014772415161,0.0,0.0,0.307,0.3190014772415161,-0.0
476,2013-03-20 22:00:00,0.11372010409832001,1.1847158670425415,0.6862242817878723,0.0,0.0,0.233,0.45322428178787233,-0.0
477,2013-03-20 22:30:00,1.1967077255249023,1.045223593711853,0.6578009128570557,0.0,0.0,0.306,0.35180091285705567,-0.0
478,2013-03-20 23:00:00,0.28015264868736267,1.0925406217575073,0.5855128169059753,0.0,0.0,0.821,0.9828575525283814,-0.0
479,2013-03-20 23:30:00,1.2000000476837158,0.08819502592086792,1.2000000476837158,0.0,0.0,0.6629999999999999,0.448805021762848,-0.0
480,2013-03-21 00:00:00,0.34347352385520935,1.1830363273620605,1.031329870223999,0.0,0.0,0.102,1.2,-0.0
481,2013-03-21 00:30:00,0.4497206509113312,0.043964486569166183,1.1027051210403442,0.0,0.0,0.146,1.0100355134308336,-0.0
482,2013-03-21 01:00:00,0.07111348956823349,0.22079245746135712,0.8567558526992798,0.0,1.075,0.142,0.34324414730072017,-0.04425076316237447
483,2013-03-21 01:30:00,1.1086006164550781,1.2000000476837158,0.976685106754303,0.0,1.231,0.172,0.3105116577148436,-0.0
484,2013-03-21 02:00:00,1.1117688417434692,1.2000000476837158,1.0587499141693115,0.0,1.256,0.115,0.4079766368865967,-0.0
485,2013-03-21 02:30:00,1.0800176858901978,1.191378116607666,0.9917912483215332,0.0,0.831,0.544,0.21766860961914047,-0.0
486,2013-03-21 03:00:00,1.1133979558944702,1.1970834732055664,0.8406346440315247,0.0,0.16899999999999998,0.207,1.2,-0.0
487,2013-03-21 03:30:00,0.28827840089797974,0.048881929367780685,1.126927375793457,0.0,1.038,0.868,0.07307262420654292,-0.2235477294650674
488,2013-03-21 04:00:00,0.5120877623558044,1.2000000476837158,1.197384238243103,0.0,0.0,0.606,1.2,-0.0
489,2013-03-21 04:30:00,1.1928236484527588,0.015213368460536003,1.2000000476837158,0.0,0.0,0.096,1.0887866792231797,-0.0
490,2013-03-21 05:00:00,0.0,0.08990165591239929,0.9705192446708679,0.0,0.6940000000000001,0.156,0.23878667922317967,-0.0
491,2013-03-21 05:30:00,0.8483555316925049,1.2000000476837158,0.9319356679916382,0.0,0.3,1.4480000000000002,0.26806433200836177,-0.025282189297378053
492,2013-03-21 06:00:00,0.9841764569282532,1.2000000476837158,0.897439181804657,0.0,0.0,1.264,0.5998712882995605,-0.0
493,2013-03-21 06:30:00,0.6718786358833313,0.8539817929267883,0.8089894652366638,0.0,0.0,0.09,1.2,-0.0
494,2013-03-21 07:00:00,0.06583909690380096,0.024774236604571342,1.1437472105026245,0.0,0.0,0.099,1.0762257633954286,-0.0
495,2013-03-21 07:30:00,0.01482537854462862,0.004775535315275192,0.9421672224998474,0.006,0.0,0.025,1.0572257633954285,-0.0
496,2013-03-21 08:00:00,0.0,0.0,0.8806965351104736,0.025,0.0,0.256,0.8262257633954285,-0.0
497,2013-03-21 08:30:00,0.5077981352806091,0.4100615978240967,1.0564314126968384,0.044,0.0,0.28800000000000003,0.7684314126968383,-0.0
498,2013-03-21 09:00:00,0.5297375917434692,0.5515148639678955,1.0053157806396484,0.069,0.0,0.158,0.8473157806396484,-0.0
499,2013-03-21 09:30:00,0.7903261184692383,0.3638562858104706,0.9908999800682068,0.28800000000000003,0.0,0.059,1.0763157806396484,-0.0
500,2013-03-21 10:00:00,0.13818125426769257,0.9802573919296265,0.8032482862472534,0.463,0.0,0.067,1.2,-0.0
501,2013-03-21 10:30:00,0.1799292415380478,1.059125542640686,0.7299226522445679,0.713,0.0,0.105,1.2,-0.0
502,2013-03-21 11:00:00,0.2760060131549835,1.0622613430023193,0.873004138469696,0.8190000000000001,0.0,0.079,1.2,-0.0
503,2013-03-21 11:30:00,0.3034653663635254,1.123047113418579,0.9328539371490479,1.188,0.0,0.179,1.2,-0.0
504,2013-03-21 12:00:00,0.16645760834217072,1.1077666282653809,0.934720516204834,1.288,0.0,0.036000000000000004,1.2,-0.0
505,2013-03-21 12:30:00,0.10561782121658325,1.1030442714691162,0.9304701089859009,1.544,0.0,0.101,1.2,-0.0
506,2013-03-21 13:00:00,0.05743461847305298,1.1299924850463867,0.8999249339103699,1.575,0.0,0.056,1.2,-0.0
507,2013-03-21 13:30:00,0.03953830897808075,1.1467245817184448,0.8684707283973694,1.288,0.0,0.069,1.2,-0.0
508,2013-03-21 14:00:00,0.09988313913345337,1.1454801559448242,0.8803926110267639,1.281,0.0,0.156,1.2,-0.0
509,2013-03-21 14:30:00,0.07734066247940063,1.150404691696167,0.8105157613754272,1.081,0.0,0.127,1.2,-0.0
510,2013-03-21 15:00:00,0.15680818259716034,1.160905122756958,0.7813960313796997,1.144,0.0,0.173,1.2,-0.0
511,2013-03-21 15:30:00,0.13924002647399902,1.1939047574996948,0.7824723124504089,0.913,0.0,0.14,1.2,-0.0
512,2013-03-21 16:00:00,0.27352696657180786,1.1751872301101685,0.7814064025878906,0.431,0.0,0.162,1.195473033428192,-0.0
513,2013-03-21 16:30:00,0.231944739818573,1.0162512063980103,0.5989432334899902,0.35600000000000004,0.0,0.196,1.137109193325043,-0.0
514,2013-03-21 17:00:00,0.2745782732963562,0.928686261177063,0.7001762390136719,0.3,0.0,0.108,1.2,-0.0
515,2013-03-21 17:30:00,0.1945323795080185,1.0017880201339722,0.6735817193984985,0.263,0.0,0.202,1.0664676204919814,-0.0
516,2013-03-21 18:00:00,0.27040109038352966,0.863089919090271,0.8380818367004395,0.1,0.0,0.055,1.1114676204919816,-0.0
517,2013-03-21 18:30:00,0.4175417423248291,0.3182602524757385,0.8856775760650635,0.044,0.0,0.165,0.9904676204919816,-0.0
518,2013-03-21 19:00:00,0.5927876830101013,0.13140562176704407,0.9417747855186462,0.019,0.0,0.183,0.8264676204919814,-0.0
519,2013-03-21 19:30:00,0.21372713148593903,0.3872077465057373,0.5602980852127075,0.0,0.0,0.195,0.6314676204919814,-0.0
520,2013-03-21 20:00:00,0.9874646663665771,0.8416972756385803,0.5287794470787048,0.0,0.0,0.16399999999999998,0.4674676204919814,-0.0
521,2013-03-21 20:30:00,1.1584699153900146,0.9425625801086426,0.492613822221756,0.0,0.0,0.254,0.23861382222175598,-0.0
522,2013-03-21 21:00:00,0.11301078647375107,1.0652683973312378,0.6231957077980042,0.0,0.0,0.173,0.45019570779800416,-0.0
523,2013-03-21 21:30:00,1.1545811891555786,0.93212890625,0.526450514793396,0.0,0.0,0.16,0.36645051479339597,-0.0
524,2013-03-21 22:00:00,0.8607432246208191,0.9814338088035583,0.46840938925743103,0.0,0.0,0.104,0.36440938925743105,-0.0
525,2013-03-21 22:30:00,1.1480381488800049,0.9710898399353027,0.4926392138004303,0.0,0.0,0.156,0.33663921380043027,-0.0
526,2013-03-21 23:00:00,0.6618198156356812,0.9920252561569214,0.4892795979976654,0.0,0.0,0.8079999999999999,1.1266963162422177,-0.0
527,2013-03-21 23:30:00,1.2000000476837158,0.0,1.2000000476837158,0.0,0.0,0.598,0.6020000476837158,-0.0
528,2013-03-22 00:00:00,0.2180505096912384,0.7421253323554993,0.7121337056159973,0.0,0.0,0.156,1.2,-0.0
529,2013-03-22 00:30:00,0.049039021134376526,0.27698200941085815,1.0732120275497437,0.0,0.0,0.067,0.8560179905891419,-0.0
530,2013-03-22 01:00:00,0.35597166419029236,0.4893590211868286,0.7832177877426147,0.0,1.081,0.058,0.4167822122573852,-0.025577721462249764
531,2013-03-22 01:30:00,1.0648303031921387,1.1430232524871826,0.8693839311599731,0.0,1.25,0.107,0.3306160688400268,-0.017335011377334595
532,2013-03-22 02:00:00,1.0782101154327393,1.1364467144012451,1.05733060836792,0.0,0.763,0.023,1.0163211479187013,-0.0
533,2013-03-22 02:30:00,0.7414504289627075,0.2766517698764801,0.5472534894943237,0.0,0.131,0.128,1.031705934286117,-0.0
534,2013-03-22 03:00:00,0.0,0.5181859731674194,0.9749597907066345,0.0,1.0,0.139,0.22504020929336543,-0.05819380510330191
535,2013-03-22 03:30:00,1.0605831146240234,1.1586503982543945,0.9392960071563721,0.0,0.0,0.77,1.2,-0.0
536,2013-03-22 04:00:00,1.2000000476837158,0.0,1.2000000476837158,0.0,0.0,0.644,0.5560000476837158,-0.0
537,2013-03-22 04:30:00,0.12764191627502441,0.870730996131897,0.8251087665557861,0.0,0.0,0.066,1.2,-0.0
538,2013-03-22 05:00:00,0.02104782685637474,0.13687685132026672,1.109723687171936,0.0,0.938,0.255,0.09027631282806392,-0.059441354320049274
539,2013-03-22 05:30:00,0.9396915435791016,1.1438771486282349,1.1527951955795288,0.0,0.0,0.8140000000000001,1.2,-0.0
540,2013-03-22 06:00:00,1.161438226699829,0.0,1.2000000476837158,0.0,0.0,0.6990000000000001,0.5010000476837158,-0.0
541,2013-03-22 06:30:00,0.14061227440834045,0.9430484771728516,0.9567928314208984,0.0,0.0,0.049,1.2,-0.0
542,2013-03-22 07:00:00,0.0,0.026747554540634155,1.1767510175704956,0.0,0.0,0.107,1.0662524454593658,-0.0
543,2013-03-22 07:30:00,0.0,0.008785799145698547,1.0396884679794312,0.006,0.0,0.097,0.9752524454593658,-0.0
544,2013-03-22 08:00:00,0.0,0.04018465429544449,0.9187980890274048,0.05,0.0,0.174,0.851252445459366,-0.0
545,2013-03-22 08:30:00,0.7884076237678528,0.3255389928817749,1.0587753057479858,0.069,0.0,0.422,0.6367753057479859,-0.0
546,2013-03-22 09:00:00,0.3194425106048584,0.6834902763366699,0.8782832622528076,0.075,0.0,0.04,0.8382832622528076,-0.0
547,2013-03-22 09:30:00,1.1517693996429443,0.7700591087341309,0.8774861097335815,0.3,0.0,0.126,1.0122832622528075,-0.0
548,2013-03-22 10:00:00,0.21472486853599548,0.9231768250465393,0.8836851119995117,0.5,0.0,0.117,1.2,-0.0
549,2013-03-22 10:30:00,0.21816475689411163,1.081484317779541,0.723883330821991,0.669,0.0,0.024,1.2,-0.0
550,2013-03-22 11:00:00,0.3421964943408966,1.1721707582473755,0.8043621182441711,0.6559999999999999,0.0,0.123,1.2,-0.0
551,2013-03-22 11:30:00,0.37474700808525085,1.1051099300384521,0.7158156633377075,1.038,0.0,0.059,1.2,-0.0
552,2013-03-22 12:00:00,0.1894896775484085,1.2000000476837158,0.6061186194419861,1.45,0.0,0.067,1.2,-0.0
553,2013-03-22 12:30:00,0.07308539748191833,1.2000000476837158,0.33696261048316956,1.494,0.0,0.111,1.2,-0.0
554,2013-03-22 13:00:00,0.10933082550764084,1.2000000476837158,0.33291566371917725,1.175,0.0,0.032,1.2,-0.0
555,2013-03-22 13:30:00,0.12330617010593414,1.2000000476837158,0.4098542630672455,0.9,0.0,0.353,1.2,-0.0
556,2013-03-22 14:00:00,0.37108874320983887,0.45272311568260193,0.967023491859436,0.906,0.0,0.179,1.2,-0.0
557,2013-03-22 14:30:00,0.28714117407798767,1.192474126815796,0.6533843278884888,0.613,0.0,0.06,1.2,-0.0
558,2013-03-22 15:00:00,0.23570382595062256,1.19678795337677,0.6193190217018127,0.6809999999999999,0.0,0.066,1.2,-0.0
559,2013-03-22 15:30:00,0.2869383692741394,1.1991838216781616,0.6115608215332031,0.644,0.0,0.134,1.2,-0.0
560,2013-03-22 16:00:00,0.2894412875175476,1.1114572286605835,0.6184500455856323,0.319,0.0,0.158,1.0715587124824522,-0.0
561,2013-03-22 16:30:00,0.16449378430843353,1.0062965154647827,0.6532705426216125,0.094,0.0,0.244,0.9215587124824522,-0.0
562,2013-03-22 17:00:00,0.5271087288856506,0.5988012552261353,0.9248827695846558,0.25,0.0,0.259,0.9125587124824522,-0.0
563,2013-03-22 17:30:00,0.2419842779636383,0.5778881907463074,0.91554194688797,0.425,0.0,0.166,1.1715587124824522,-0.0
564,2013-03-22 18:00:00,0.20783330500125885,1.0888175964355469,0.63402259349823,0.2,0.0,0.16399999999999998,1.0644412875175477,-0.0
565,2013-03-22 18:30:00,0.1998104751110077,0.9367300868034363,0.8472098708152771,0.081,0.0,0.157,0.9884412875175477,-0.0
566,2013-03-22 19:00:00,0.8397473096847534,0.4194817841053009,1.013474941253662,0.006,0.0,0.546,0.46747494125366207,-0.0
567,2013-03-22 19:30:00,0.6243345737457275,1.0633364915847778,0.818411111831665,0.0,0.0,0.365,0.45341111183166505,-0.0
568,2013-03-22 20:00:00,0.5592104196548462,0.997774064540863,0.62494295835495,0.0,0.0,0.269,0.35594295835494993,-0.0
569,2013-03-22 20:30:00,0.32407519221305847,1.0217087268829346,0.5237476229667664,0.0,0.0,0.182,0.34174762296676636,-0.0
570,2013-03-22 21:00:00,0.9525027871131897,1.0393342971801758,0.43397289514541626,0.0,0.0,0.226,0.20797289514541625,-0.0
571,2013-03-22 21:30:00,0.01302899606525898,1.0825897455215454,0.7401371002197266,0.0,0.0,0.249,0.49113710021972656,-0.0
572,2013-03-22 22:00:00,1.1853693723678589,1.0286345481872559,0.6302766799926758,0.0,0.0,0.096,0.5342766799926758,-0.0
573,2013-03-22 22:30:00,1.2000000476837158,1.0126657485961914,0.6132782101631165,0.0,0.0,0.268,0.34527821016311644,-0.0
574,2013-03-22 23:00:00,0.3561057448387146,1.051279902458191,0.4838082790374756,0.0,0.0,0.899,0.959163677215576,-0.0
575,2013-03-22 23:30:00,1.2000000476837158,0.002538532018661499,1.094948410987854,0.0,0.0,0.713,0.37940987896919254,-0.0
576,2013-03-23 00:00:00,0.5487452745437622,1.1200095415115356,0.9213516116142273,0.0,0.0,0.132,1.2,-0.0
577,2013-03-23 00:30:00,0.04352889582514763,0.0,0.9861257076263428,0.0,0.0,0.211,0.989,-0.0
578,2013-03-23 01:00:00,0.0,0.0,0.860734224319458,0.0,1.081,0.125,0.12826577568054198,-0.055776577568054195
579,2013-03-23 01:30:00,1.170251488685608,1.1169407367706299,0.7545664310455322,0.0,1.256,0.163,0.8075277118682858,-0.0
580,2013-03-23 02:00:00,0.8035778999328613,0.5398150086402893,0.4324687123298645,0.0,1.156,0.207,0.7675312876701355,-0.10373017200469964
581,2013-03-23 02:30:00,1.1638157367706299,0.8002206683158875,1.0355918407440186,0.0,0.0,0.103,1.1617167563438415,-0.0
582,2013-03-23 03:00:00,0.04158082604408264,0.0,0.9897936582565308,0.0,1.038,0.294,0.17192309808731077,-0.08420063417434694
583,2013-03-23 03:30:00,0.9213932752609253,1.110668659210205,1.048768162727356,0.0,0.125,0.853,1.167485144615173,-0.0
584,2013-03-23 04:00:00,1.1350051164627075,0.0,1.1594585180282593,0.0,0.0,0.624,0.543485144615173,-0.0
585,2013-03-23 04:30:00,0.1449916660785675,0.7877044677734375,0.7424812316894531,0.0,0.0,0.14400000000000002,1.2,-0.0
586,2013-03-23 05:00:00,0.0,0.03151891380548477,1.1398664712905884,0.0,0.956,0.16399999999999998,0.06013352870941158,-0.00314615947902201
587,2013-03-23 05:30:00,0.868341863155365,1.2000000476837158,1.1254956722259521,0.0,0.0,0.7859999999999999,1.2,-0.0
588,2013-03-23 06:00:00,1.1722406148910522,0.03167828172445297,1.2000000476837158,0.0,0.0,0.6859999999999999,0.4823217659592629,-0.0
589,2013-03-23 06:30:00,0.22287273406982422,1.0250575542449951,1.0561161041259766,0.0,0.0,0.139,1.2,-0.0
590,2013-03-23 07:00:00,0.02147386595606804,0.0,1.174207091331482,0.0,0.0,0.15,1.05,-0.0
591,2013-03-23 07:30:00,0.03619332239031792,0.0004791971296072006,0.9873185157775879,0.013,0.0,0.061,1.002,-0.0
592,2013-03-23 08:00:00,0.03756222501397133,0.06735598295927048,0.7866344451904297,0.044,0.0,0.878,0.3202837627828121,-0.041116615951359264
593,2013-03-23 08:30:00,0.47355860471725464,1.2000000476837158,1.0952298641204834,0.063,0.0,0.7559999999999999,0.3392298641204835,-0.0
594,2013-03-23 09:00:00,1.1113393306732178,1.1767208576202393,0.9264280200004578,0.175,0.0,0.392,0.5344280200004577,-0.0
595,2013-03-23 09:30:00,0.6363121271133423,0.8010128736495972,0.67781662940979,0.281,0.0,0.07400000000000001,0.7414280200004577,-0.0
596,2013-03-23 10:00:00,1.1383355855941772,1.1529794931411743,0.7692235112190247,0.344,0.0,0.133,0.9524280200004576,-0.0
597,2013-03-23 10:30:00,0.19445520639419556,0.998842716217041,0.6688342094421387,0.5,0.0,0.038,1.2,-0.0
598,2013-03-23 11:00:00,0.12359386682510376,1.1900811195373535,0.6251973509788513,0.8059999999999999,0.0,0.115,1.2,-0.0
599,2013-03-23 11:30:00,0.2923550605773926,1.1875039339065552,0.67341148853302,1.15,0.0,0.392,1.2,-0.0
600,2013-03-23 12:00:00,0.16520072519779205,0.9297981858253479,0.857536792755127,1.444,0.0,0.334,1.2,-0.0
601,2013-03-23 12:30:00,0.01882210746407509,1.2000000476837158,0.35142120718955994,1.45,0.0,0.138,1.2,-0.0
602,2013-03-23 13:00:00,0.0,1.2000000476837158,0.2934829592704773,1.3630000000000002,0.0,0.107,1.2,-0.0
603,2013-03-23 13:30:00,0.03570905327796936,1.2000000476837158,0.33845189213752747,1.5,0.0,0.476,1.2,-0.0
604,2013-03-23 14:00:00,0.1432504802942276,1.2000000476837158,0.39305517077445984,0.406,0.0,0.389,1.0737495197057725,-0.0
605,2013-03-23 14:30:00,0.41206198930740356,0.5606343150138855,0.9082658886909485,1.219,0.0,0.123,1.2,-0.0
606,2013-03-23 15:00:00,0.0,1.2000000476837158,0.4160449504852295,1.144,0.0,0.034,1.2,-0.0
607,2013-03-23 15:30:00,0.031177662312984467,1.2000000476837158,0.4412287771701813,0.513,0.0,0.136,1.2,-0.0
608,2013-03-23 16:00:00,0.2595120072364807,1.1050975322723389,0.5729358196258545,0.344,0.0,0.204,1.0804879927635191,-0.0
609,2013-03-23 16:30:00,0.3243032395839691,0.9935804605484009,0.7830023765563965,0.894,0.0,0.199,1.2,-0.0
610,2013-03-23 17:00:00,0.3403030037879944,1.15585458278656,0.830948531627655,0.363,0.0,0.258,0.9646969962120056,-0.0
611,2013-03-23 17:30:00,0.30263715982437134,0.6793214678764343,0.8837659955024719,0.28800000000000003,0.0,0.303,1.1323030037879944,-0.0
612,2013-03-23 18:00:00,0.4466444253921509,0.8204295635223389,1.020619511604309,0.213,0.0,0.184,1.0836969962120055,-0.0
613,2013-03-23 18:30:00,0.45263350009918213,0.8981056809425354,0.9271668791770935,0.05,0.0,0.14,0.9936969962120056,-0.0
614,2013-03-23 19:00:00,0.8691800832748413,0.24599982798099518,1.0104433298110962,0.006,0.0,0.147,0.8634433298110962,-0.0
615,2013-03-23 19:30:00,0.08332418650388718,0.3154539465904236,0.6321577429771423,0.0,0.0,0.242,0.6214433298110962,-0.0
616,2013-03-23 20:00:00,0.6225747466087341,0.7652691602706909,0.661279022693634,0.0,0.0,0.25,0.41127902269363403,-0.0
617,2013-03-23 20:30:00,0.41522109508514404,0.9866561889648438,0.456176221370697,0.0,0.0,0.266,0.190176221370697,-0.0
618,2013-03-23 21:00:00,0.02594270184636116,1.2000000476837158,0.7231789231300354,0.0,0.0,0.255,0.4681789231300354,-0.0
619,2013-03-23 21:30:00,0.5394793152809143,1.0196506977081299,0.5507687330245972,0.0,0.0,0.162,0.38876873302459714,-0.0
620,2013-03-23 22:00:00,0.5248935222625732,1.0389840602874756,0.4232793152332306,0.0,0.0,0.185,0.2382793152332306,-0.0
621,2013-03-23 22:30:00,0.0,1.1095085144042969,0.5551605224609375,0.0,0.0,0.26,0.2951605224609375,-0.0
622,2013-03-23 23:00:00,0.003286752849817276,1.0917307138442993,0.5607736706733704,0.0,0.0,0.725,1.1929482412338257,-0.0
623,2013-03-23 23:30:00,1.1385475397109985,0.06051376089453697,1.197867751121521,0.0,0.0,0.701,0.45258975663781154,-0.0
624,2013-03-24 00:00:00,0.18752652406692505,1.1259329319000244,0.9372141361236572,0.0,0.0,0.145,1.2,-0.0
625,2013-03-24 00:30:00,0.17195306718349457,0.06395655870437622,1.0706082582473755,0.0,0.0,0.045,1.0910434412956236,-0.0
626,2013-03-24 01:00:00,0.011843699030578136,0.19389435648918152,0.9032390713691711,0.0,1.075,0.139,0.2967609286308288,-0.05230421677112577
627,2013-03-24 01:30:00,1.1061040163040161,1.2000000476837158,0.8378896713256836,0.0,1.25,0.107,0.44947809505462644,-0.0
628,2013-03-24 02:00:00,0.9761669635772705,1.2000000476837158,0.9303361177444458,0.0,0.919,0.045,0.5370437622070312,-0.0
629,2013-03-24 02:30:00,0.8778160214424133,1.2000000476837158,0.7698474526405334,0.0,0.0,0.146,1.1799124279022215,-0.0
630,2013-03-24 03:00:00,0.25302767753601074,0.02227078750729561,1.0681003332138062,0.0,1.125,0.172,0.1318996667861938,-0.050339531009793256
631,2013-03-24 03:30:00,1.0718916654586792,1.2000000476837158,1.0127711296081543,0.0,0.0,0.758,1.2,-0.0
632,2013-03-24 04:00:00,1.1630561351776123,0.07531820237636566,1.2000000476837158,0.0,0.0,0.705,0.4196818453073502,-0.0
633,2013-03-24 04:30:00,0.3224830627441406,1.1958065032958984,1.038106083869934,0.0,0.0,0.034,1.2,-0.0
634,2013-03-24 05:00:00,0.09586770832538605,0.03399180993437767,1.1374540328979492,0.0,0.963,0.222,0.06254596710205074,-0.022015199799835676
635,2013-03-24 05:30:00,1.0954313278198242,1.2000000476837158,1.145155668258667,0.0,0.0,0.7659999999999999,1.2,-0.0
636,2013-03-24 06:00:00,1.2000000476837158,0.04085854813456535,1.2000000476837158,0.0,0.0,0.625,0.5341414995491505,-0.0
637,2013-03-24 06:30:00,0.3162340521812439,0.9145985245704651,0.9410005807876587,0.0,0.0,0.152,1.2,-0.0
638,2013-03-24 07:00:00,0.061020150780677795,0.06503362953662872,1.2000000476837158,0.0,0.0,0.054000000000000006,1.080966418147087,-0.0
639,2013-03-24 07:30:00,0.0,0.10577365010976791,0.9554641246795654,0.006,0.0,0.119,0.9679664181470871,-0.0
640,2013-03-24 08:00:00,0.005480563268065453,0.2853732109069824,0.8320391178131104,0.063,0.0,0.095,1.2,-0.0
641,2013-03-24 08:30:00,0.23018035292625427,0.08650242537260056,1.1431548595428467,0.069,0.0,0.151,1.049,-0.0
642,2013-03-24 09:00:00,0.8409973382949829,0.10937836021184921,1.1603816747665405,0.081,0.0,0.474,0.6863816747665406,-0.0
643,2013-03-24 09:30:00,0.3685978651046753,0.7036526799201965,0.766403317451477,0.306,0.0,0.224,0.7683816747665406,-0.0
644,2013-03-24 10:00:00,0.7740852236747742,0.8212140202522278,0.8573296070098877,0.45,0.0,0.15,1.2,-0.0
645,2013-03-24 10:30:00,0.11703076958656311,1.0145671367645264,0.631554901599884,0.669,0.0,0.142,1.2,-0.0
646,2013-03-24 11:00:00,0.16337446868419647,1.1187584400177002,0.699306309223175,0.825,0.0,0.049,1.2,-0.0
647,2013-03-24 11:30:00,0.17465537786483765,1.1572209596633911,0.6599523425102234,1.138,0.0,0.201,1.2,-0.0
648,2013-03-24 12:00:00,0.07727689296007156,1.1581650972366333,0.619228184223175,1.406,0.0,0.413,1.2,-0.0
649,2013-03-24 12:30:00,0.0977640151977539,1.1336416006088257,0.6261557340621948,1.525,0.0,0.085,1.2,-0.0
650,2013-03-24 13:00:00,0.032248832285404205,1.1563923358917236,0.4271199405193329,1.556,0.0,0.52,1.2,-0.0
651,2013-03-24 13:30:00,0.09582889080047607,1.1178134679794312,0.49881428480148315,1.5630000000000002,0.0,0.076,1.2,-0.0
652,2013-03-24 14:00:00,0.06963197141885757,1.1692088842391968,0.4963921904563904,1.531,0.0,0.134,1.2,-0.0
653,2013-03-24 14:30:00,0.07612816244363785,1.1559828519821167,0.501238226890564,1.475,0.0,0.344,1.2,-0.0
654,2013-03-24 15:00:00,0.11711869388818741,1.1798137426376343,0.48449787497520447,1.406,0.0,0.213,1.2,-0.0
655,2013-03-24 15:30:00,0.07090460509061813,1.1893688440322876,0.5436291694641113,1.3,0.0,0.275,1.2,-0.0
656,2013-03-24 16:00:00,0.09995278716087341,1.2000000476837158,0.637550413608551,1.175,0.0,0.295,1.2,-0.0
657,2013-03-24 16:30:00,0.143935889005661,1.2000000476837158,0.9013853073120117,1.013,0.0,0.138,1.2,-0.0
658,2013-03-24 17:00:00,0.19283877313137054,1.2000000476837158,0.8066935539245605,0.7879999999999999,0.0,0.23,1.2,-0.0
659,2013-03-24 17:30:00,0.4437549114227295,0.9735472202301025,1.0202224254608154,0.5379999999999999,0.0,0.189,1.1052450885772702,-0.0
660,2013-03-24 18:00:00,0.2616797685623169,1.0398974418640137,0.8290353417396545,0.188,0.0,0.13,1.1647549114227296,-0.0
661,2013-03-24 18:30:00,0.34541207551956177,0.7970771193504333,1.1513152122497559,0.044,0.0,0.361,0.8742450885772703,-0.0
662,2013-03-24 19:00:00,0.6170154213905334,0.6564383506774902,1.0709820985794067,0.019,0.0,0.489,0.5819820985794067,-0.0
663,2013-03-24 19:30:00,0.2902671992778778,0.8678364753723145,0.8476036787033081,0.0,0.0,0.135,0.7126036787033081,-0.0
664,2013-03-24 20:00:00,0.7613154649734497,0.7477009296417236,0.6838995814323425,0.0,0.0,0.155,0.5576036787033081,-0.0
665,2013-03-24 20:30:00,1.1837965250015259,1.0937480926513672,0.6825689077377319,0.0,0.0,0.259,0.4235689077377319,-0.0
666,2013-03-24 21:00:00,0.7658985257148743,1.0565240383148193,0.5636040568351746,0.0,0.0,0.215,0.3486040568351746,-0.0
667,2013-03-24 21:30:00,0.5477978587150574,1.1219532489776611,0.5383839011192322,0.0,0.0,0.139,0.39938390111923217,-0.0
668,2013-03-24 22:00:00,1.1826249361038208,1.1274077892303467,0.5676953792572021,0.0,0.0,0.249,0.31869537925720215,-0.0
669,2013-03-24 22:30:00,0.14517320692539215,1.126175880432129,0.49531564116477966,0.0,0.0,0.329,0.16631564116477965,-0.0
670,2013-03-24 23:00:00,0.0,1.2000000476837158,0.913604736328125,0.0,0.0,0.936,1.1313686699867245,-0.0
671,2013-03-24 23:30:00,1.188047170639038,0.12677960097789764,1.1771049499511719,0.0,0.0,0.8220000000000001,0.3884830590486532,-0.0
672,2013-03-25 00:00:00,0.3106364607810974,1.2000000476837158,1.012058138847351,0.0,0.0,0.121,1.2,-0.0
673,2013-03-25 00:30:00,0.14427803456783295,0.044867321848869324,1.0864797830581665,0.0,0.0,0.21600000000000005,0.9391326781511306,-0.0
674,2013-03-25 01:00:00,0.0,0.2530350983142853,0.8985641598701477,0.0,1.063,0.219,0.29360361659526824,-0.10087709384441376
675,2013-03-25 01:30:00,1.0291566848754883,1.2000000476837158,0.8607268333435059,0.0,1.238,0.139,0.4357927191257476,-0.0
676,2013-03-25 02:00:00,1.0229113101959229,1.2000000476837158,0.9275287985801697,0.0,0.394,0.252,0.8824145140647889,-0.0
677,2013-03-25 02:30:00,0.8092001080513,0.4131685197353363,0.5337319374084473,0.0,0.413,0.173,0.836002452135086,-0.0
678,2013-03-25 03:00:00,0.8329770565032959,0.8396194577217102,0.8016649484634399,0.0,0.725,0.298,0.39833505153656,-0.08395594135284422
679,2013-03-25 03:30:00,1.00124192237854,1.2000000476837158,1.0517789125442505,0.0,0.0,0.843,0.760329849243164,-0.0
680,2013-03-25 04:00:00,1.1505643129348755,0.4483315646648407,0.9992311000823975,0.0,0.0,0.598,1.033008736848831,-0.0
681,2013-03-25 04:30:00,1.144465446472168,0.2031129002571106,1.2000000476837158,0.0,0.644,0.131,0.5558696737289431,-0.0
682,2013-03-25 05:00:00,0.8969500660896301,0.9070627689361572,0.8318620920181274,0.0,0.331,0.15,1.1001978836059565,-0.0
683,2013-03-25 05:30:00,0.40469110012054443,0.03856820613145828,0.758974015712738,0.0,0.0,0.807,0.37979207402467674,-0.023380431413054483
684,2013-03-25 06:00:00,0.2617194354534149,1.197307825088501,1.1217751502990723,0.0,0.0,0.7070000000000001,0.9361080268621453,-0.0
685,2013-03-25 06:30:00,1.175947666168213,0.046517230570316315,1.2000000476837158,0.0,0.0,0.071,1.0824828171133996,-0.0
686,2013-03-25 07:00:00,0.0,0.21115735173225403,0.81048983335495,0.0,0.0,0.133,1.0908770140409467,-0.0
687,2013-03-25 07:30:00,0.0,0.38860416412353516,0.92640221118927,0.013,0.0,0.026,1.0166418077945711,-0.0
688,2013-03-25 08:00:00,0.0,0.5205685496330261,0.7030959129333496,0.038,0.0,0.17800000000000002,0.9061478347778315,-0.0
689,2013-03-25 08:30:00,0.7813146114349365,0.6007331013679504,0.9816960692405701,0.056,0.0,0.127,0.8546960692405701,-0.0
690,2013-03-25 09:00:00,0.7858246564865112,0.4364965260028839,0.6680880784988403,0.08800000000000001,0.0,0.513,0.42969606924057,-0.0
691,2013-03-25 09:30:00,0.9948309659957886,1.0118175745010376,0.5362280011177063,0.331,0.0,0.106,0.65469606924057,-0.0
692,2013-03-25 10:00:00,1.108254313468933,1.170295238494873,0.6983934640884399,0.45,0.0,0.024,1.08069606924057,-0.0
693,2013-03-25 10:30:00,0.20362527668476105,1.116662621498108,0.5636548399925232,0.706,0.0,0.161,1.2,-0.0
694,2013-03-25 11:00:00,0.2399313747882843,1.0357844829559326,0.8003925681114197,0.813,0.0,0.077,1.2,-0.0
695,2013-03-25 11:30:00,0.21853414177894592,1.1472948789596558,0.7976282238960266,1.131,0.0,0.278,1.2,-0.0
696,2013-03-25 12:00:00,0.10611582547426224,1.0643856525421143,0.9931683540344238,1.388,0.0,0.228,1.2,-0.0
697,2013-03-25 12:30:00,0.01187172532081604,1.1683920621871948,0.865708589553833,1.4880000000000002,0.0,0.037000000000000005,1.2,-0.0
698,2013-03-25 13:00:00,0.0,1.1665782928466797,0.8145959377288818,1.394,0.0,0.187,1.2,-0.0
699,2013-03-25 13:30:00,0.0,1.1673572063446045,0.8608434796333313,1.588,0.0,0.284,1.2,-0.0
700,2013-03-25 14:00:00,0.0,1.1722493171691895,0.9288192391395569,1.256,0.0,0.19,1.2,-0.0
701,2013-03-25 14:30:00,0.0,1.1611818075180054,0.9446668028831482,1.481,0.0,0.204,1.2,-0.0
702,2013-03-25 15:00:00,0.0,1.1391615867614746,0.9403907060623169,1.431,0.0,0.231,1.2,-0.0
703,2013-03-25 15:30:00,0.0022185631096363068,1.1286169290542603,0.9628089070320129,1.306,0.0,0.401,1.2,-0.0
704,2013-03-25 16:00:00,0.12554824352264404,0.9694662094116211,1.1381001472473145,1.169,0.0,0.281,1.2,-0.0
705,2013-03-25 16:30:00,0.15911786258220673,1.0802462100982666,1.101873517036438,1.0,0.0,0.206,1.2,-0.0
706,2013-03-25 17:00:00,0.22036112844944,1.1167809963226318,1.0130901336669922,0.8059999999999999,0.0,0.282,1.2,-0.0
707,2013-03-25 17:30:00,0.44379550218582153,0.5685866475105286,1.121191143989563,0.55,0.0,0.066,1.2,-0.0
708,2013-03-25 18:00:00,0.17357847094535828,1.1050041913986206,0.7181699275970459,0.175,0.0,0.11,1.0914215290546418,-0.0
709,2013-03-25 18:30:00,0.24485641717910767,0.7825156450271606,0.960930585861206,0.038,0.0,0.483,0.6464215290546419,-0.0
710,2013-03-25 19:00:00,0.3889541029930115,0.7240921854972839,0.7821918725967407,0.006,0.0,0.5660000000000001,0.21619187259674066,-0.0
711,2013-03-25 19:30:00,0.3397602438926697,1.2000000476837158,1.0124577283859253,0.0,0.0,0.121,0.8914577283859253,-0.0
712,2013-03-25 20:00:00,0.00863311905413866,0.3583620488643646,0.5028632283210754,0.0,0.0,0.245,0.6464577283859253,-0.0
713,2013-03-25 20:30:00,0.3029855489730835,0.6756681203842163,0.6687989830970764,0.0,0.0,0.21600000000000005,0.45279898309707634,-0.0
714,2013-03-25 21:00:00,1.0875718593597412,0.9843115210533142,0.6284927725791931,0.0,0.0,0.16699999999999998,0.46149277257919313,-0.0
715,2013-03-25 21:30:00,1.1708017587661743,0.9505448937416077,0.6087005734443665,0.0,0.0,0.245,0.36370057344436646,-0.0
716,2013-03-25 22:00:00,0.35612741112709045,0.9841461181640625,0.5247217416763306,0.0,0.0,0.102,0.4227217416763306,-0.0
717,2013-03-25 22:30:00,1.1464341878890991,0.9589111804962158,0.5852294564247131,0.0,0.0,0.2,0.3852294564247131,-0.0
718,2013-03-25 23:00:00,0.7549935579299927,0.9912465810775757,0.5248454213142395,0.0,0.0,0.812,1.0262945060729978,-0.0
719,2013-03-25 23:30:00,1.184934377670288,0.06042901426553726,1.2000000476837158,0.0,0.0,0.599,0.5405710334181786,-0.0
720,2013-03-26 00:00:00,0.1733725666999817,0.9081698656082153,0.9258398413658142,0.0,0.0,0.156,1.2,-0.0
721,2013-03-26 00:30:00,0.05916130542755127,0.09149976074695587,1.2000000476837158,0.0,0.0,0.066,1.04250028693676,-0.0
722,2013-03-26 01:00:00,0.0,0.31981953978538513,0.8823539018630981,0.0,1.069,0.066,0.3176460981369018,-0.03696662117958069
723,2013-03-26 01:30:00,1.0487499237060547,1.2000000476837158,0.8847655057907104,0.0,1.238,0.115,0.41170775604248044,-0.0
724,2013-03-26 02:00:00,0.9866241216659546,1.2000000476837158,1.0138969421386719,0.0,1.256,0.025,0.29558444023132313,-0.0
725,2013-03-26 02:30:00,1.0385032892227173,1.2000000476837158,1.1119508743286133,0.0,0.013,0.175,1.2,-0.0
726,2013-03-26 03:00:00,0.10918240249156952,0.0460142083466053,1.2000000476837158,0.0,0.913,0.201,0.039985839337110474,-0.0
727,2013-03-26 03:30:00,0.7761210203170776,1.2000000476837158,1.1122146844863892,0.0,0.263,0.8240000000000001,1.2,-0.0
728,2013-03-26 04:00:00,1.1635957956314087,0.037586674094200134,1.2000000476837158,0.0,0.0,0.68,0.48241337358951564,-0.0
729,2013-03-26 04:30:00,0.25933387875556946,0.96973717212677,0.9823285341262817,0.0,0.025,0.032,1.2,-0.0
730,2013-03-26 05:00:00,0.00444748206064105,0.03410215303301811,1.180668830871582,0.0,0.944,0.243,0.019331169128417924,-0.010916996983587727
731,2013-03-26 05:30:00,1.1352144479751587,1.1520614624023438,1.1942662000656128,0.0,0.0,1.346,0.0,-0.3520247208309174
732,2013-03-26 06:00:00,0.990241289138794,1.1345787048339844,1.1947120428085327,0.0,0.0,1.266,0.0,-0.325583998746872
733,2013-03-26 06:30:00,0.9149349331855774,1.1195347309112549,1.1494148969650269,0.0,0.0,0.078,0.0,-0.012992355165481568
734,2013-03-26 07:00:00,1.2000000476837158,0.0,1.1646850109100342,0.0,0.0,0.061,1.1036850109100342,-0.0
735,2013-03-26 07:30:00,0.0,0.0,0.9453305006027222,0.013,0.0,0.393,0.7236850109100342,-0.0
736,2013-03-26 08:00:00,0.3969994783401489,0.6459741592407227,0.7466737031936646,0.094,0.0,0.38,0.9386558189392088,-0.0
737,2013-03-26 08:30:00,0.7706269025802612,0.49036920070648193,1.0713434219360352,0.106,0.0,0.457,0.6143434219360351,-0.0
738,2013-03-26 09:00:00,0.40150657296180725,0.7341224551200867,0.6359614133834839,0.163,0.0,0.4270000000000001,0.350343421936035,-0.0
739,2013-03-26 09:30:00,0.7647029161453247,0.7166786193847656,0.5059767365455627,0.4,0.0,0.024,0.726343421936035,-0.0
740,2013-03-26 10:00:00,1.1284992694854736,1.170441746711731,0.8099093437194824,0.431,0.0,0.119,1.038343421936035,-0.0
741,2013-03-26 10:30:00,0.12640929222106934,0.9950922131538391,0.5700397491455078,0.513,0.0,0.07,1.2,-0.0
742,2013-03-26 11:00:00,0.03711743652820587,1.0775952339172363,0.519844651222229,0.481,0.0,0.108,1.2,-0.0
743,2013-03-26 11:30:00,0.09080283343791962,1.0306586027145386,0.48645296692848206,0.575,0.0,0.272,1.2,-0.0
744,2013-03-26 12:00:00,0.20431065559387207,0.5950462818145752,0.8366531133651733,0.944,0.0,0.273,1.2,-0.0
745,2013-03-26 12:30:00,0.22150149941444397,1.0149668455123901,0.8984915018081665,1.113,0.0,0.145,1.2,-0.0
746,2013-03-26 13:00:00,0.0750330463051796,1.2000000476837158,0.6264804601669312,1.3630000000000002,0.0,0.062,1.2,-0.0
747,2013-03-26 13:30:00,0.0,1.2000000476837158,0.4618489444255829,1.356,0.0,0.141,1.2,-0.0
748,2013-03-26 14:00:00,0.01869351975619793,1.2000000476837158,0.4570651650428772,1.006,0.0,0.329,1.2,-0.0
749,2013-03-26 14:30:00,0.27872347831726074,0.9626774787902832,0.94295334815979,0.919,0.0,0.07400000000000001,1.2,-0.0
750,2013-03-26 15:00:00,0.22103586792945862,1.2000000476837158,0.6395984292030334,0.888,0.0,0.16,1.2,-0.0
751,2013-03-26 15:30:00,0.30722370743751526,1.2000000476837158,0.6419020891189575,0.8059999999999999,0.0,0.474,1.2,-0.0
752,2013-03-26 16:00:00,0.41599470376968384,0.2313070297241211,1.029950499534607,0.4,0.0,0.377,0.823,-0.0
753,2013-03-26 16:30:00,0.5193483233451843,0.3262147605419159,1.028209924697876,0.45,0.0,0.254,1.2,-0.0
754,2013-03-26 17:00:00,0.35446059703826904,0.8493635654449463,0.8000448346138,0.569,0.0,0.187,1.2,-0.0
755,2013-03-26 17:30:00,0.2608465254306793,1.0172761678695679,0.569974422454834,0.181,0.0,0.145,1.055,-0.0
756,2013-03-26 18:00:00,0.4533933401107788,0.7274120450019836,0.9216809868812561,0.113,0.0,0.139,1.029,-0.0
757,2013-03-26 18:30:00,0.8084835410118103,0.3322029113769531,1.09139084815979,0.081,0.0,0.131,0.9789999999999999,-0.0
758,2013-03-26 19:00:00,0.9433580636978149,0.30647408962249756,1.0533071756362915,0.025,0.0,0.303,0.7503071756362916,-0.0
759,2013-03-26 19:30:00,0.5373786091804504,0.6692836880683899,0.8014304041862488,0.0,0.0,0.193,0.6084304041862487,-0.0
760,2013-03-26 20:00:00,1.1764389276504517,0.9270153045654297,0.6834230422973633,0.0,0.0,0.257,0.4264230422973633,-0.0
761,2013-03-26 20:30:00,0.6907172799110413,1.049931526184082,0.5706514716148376,0.0,0.0,0.154,0.4166514716148376,-0.0
762,2013-03-26 21:00:00,1.2000000476837158,1.061868667602539,0.5455080270767212,0.0,0.0,0.224,0.3215080270767212,-0.0
763,2013-03-26 21:30:00,0.300304114818573,1.1497972011566162,0.49135059118270874,0.0,0.0,0.234,0.25735059118270875,-0.0
764,2013-03-26 22:00:00,0.21166671812534332,1.1922110319137573,0.5801970958709717,0.0,0.0,0.147,0.43319709587097166,-0.0
765,2013-03-26 22:30:00,1.2000000476837158,1.0397368669509888,0.5517795085906982,0.0,0.0,0.339,0.21277950859069822,-0.0
766,2013-03-26 23:00:00,0.11339349299669266,1.2000000476837158,0.8597182631492615,0.0,0.0,0.78,1.1944409351348875,-0.0
767,2013-03-26 23:30:00,1.2000000476837158,0.0729876235127449,1.1679315567016602,0.0,0.0,0.622,0.51613050621748,-0.0
768,2013-03-27 00:00:00,0.3378957509994507,1.0581356287002563,0.8776869773864746,0.0,0.0,0.126,1.2,-0.0
769,2013-03-27 00:30:00,0.32886454463005066,0.07704552263021469,1.1137157678604126,0.0,0.0,0.12,1.0029544773697854,-0.0
770,2013-03-27 01:00:00,0.04707569256424904,0.36519283056259155,0.816260576248169,0.0,1.069,0.16,0.383739423751831,-0.06558412090539935
771,2013-03-27 01:30:00,1.1052387952804565,1.2000000476837158,0.7985885143280029,0.0,1.238,0.473,0.401411485671997,-0.1283990380859375
772,2013-03-27 02:00:00,0.42006948590278625,1.2000000476837158,1.0625135898590088,0.0,1.256,0.495,0.13748641014099117,-0.07865354587554932
773,2013-03-27 02:30:00,1.1613712310791016,1.2000000476837158,1.1288316249847412,0.0,1.1,0.269,0.7560271320343016,-0.0
774,2013-03-27 03:00:00,0.6649455428123474,0.9887000322341919,0.44276201725006104,0.0,0.0,0.245,0.8542457036972048,-0.0
775,2013-03-27 03:30:00,0.581836998462677,0.5112470388412476,0.5302445888519287,0.0,1.181,0.741,0.6697554111480712,-0.24711938573837286
776,2013-03-27 04:00:00,0.37163132429122925,1.2000000476837158,0.12373422831296921,0.0,0.35600000000000004,0.6920000000000001,1.0762657716870307,-0.22401766416668897
777,2013-03-27 04:30:00,0.07942115515470505,0.0004152357578277588,1.1458181142807007,0.0,0.0,0.024,1.121402878522873,-0.0
778,2013-03-27 05:00:00,0.0,0.038612861186265945,0.9319943189620972,0.0,0.0,0.219,0.9024028785228729,-0.0
779,2013-03-27 05:30:00,0.0,0.35321223735809326,0.880827009677887,0.0,0.456,0.736,0.319172990322113,-0.018681565876007094
780,2013-03-27 06:00:00,0.47043904662132263,1.1918073892593384,0.6470099687576294,0.0,0.481,0.627,0.6618466300964355,-0.0
781,2013-03-27 06:30:00,1.1393563747406006,0.007451719604432583,0.7886373400688171,0.0,0.0,0.181,0.6001856204643845,-0.0
782,2013-03-27 07:00:00,1.147215485572815,0.933940589427948,0.5153820514678955,0.0,0.0,0.121,1.2,-0.0
783,2013-03-27 07:30:00,0.2766830027103424,0.019615044817328453,1.016121745109558,0.006,0.0,0.136,1.0443849551826716,-0.0
784,2013-03-27 08:00:00,0.0,0.09343397617340088,0.8221880197525024,0.025,0.0,0.261,0.8083849551826716,-0.0
785,2013-03-27 08:30:00,0.3986367881298065,0.5052396655082703,0.9570783972740173,0.05,0.0,0.311,0.6460783972740174,-0.0
786,2013-03-27 09:00:00,0.37784430384635925,0.7402464747428894,0.6817042827606201,0.08800000000000001,0.0,0.126,0.6080783972740174,-0.0
787,2013-03-27 09:30:00,1.0874569416046143,1.0788770914077759,0.5947730541229248,0.325,0.0,0.11,0.8230783972740173,-0.0
788,2013-03-27 10:00:00,1.0870474576950073,1.1717596054077148,0.7525922656059265,0.438,0.0,0.529,1.0479216027259826,-0.0
789,2013-03-27 10:30:00,0.42955127358436584,0.2855936884880066,0.9127016067504883,0.6559999999999999,0.0,0.494,1.2,-0.0
790,2013-03-27 11:00:00,0.1801331490278244,0.18267546594142914,0.900412380695343,0.775,0.0,0.825,0.9698668509721755,-0.0
791,2013-03-27 11:30:00,0.024728670716285706,0.08184294402599335,0.5843542218208313,1.05,0.0,0.049,1.2,-0.0
792,2013-03-27 12:00:00,0.024541277438402176,1.2000000476837158,0.6400253772735596,1.338,0.0,0.113,1.2,-0.0
793,2013-03-27 12:30:00,0.0,1.2000000476837158,0.5215430855751038,1.413,0.0,0.094,1.2,-0.0
794,2013-03-27 13:00:00,0.0,1.2000000476837158,0.457024484872818,1.506,0.0,0.039,1.2,-0.0
795,2013-03-27 13:30:00,0.0,1.1900005340576172,0.38807180523872375,1.5,0.0,0.138,1.2,-0.0
796,2013-03-27 14:00:00,0.0,1.2000000476837158,0.3819620907306671,1.4880000000000002,0.0,0.044,1.2,-0.0
797,2013-03-27 14:30:00,0.0,1.2000000476837158,0.3701137900352478,1.425,0.0,0.08900000000000001,1.2,-0.0
798,2013-03-27 15:00:00,0.0,1.1888483762741089,0.4113379120826721,1.338,0.0,0.118,1.2,-0.0
799,2013-03-27 15:30:00,0.0,1.1839509010314941,0.38082408905029297,1.256,0.0,0.025,1.2,-0.0
800,2013-03-27 16:00:00,0.0,1.1876041889190674,0.4596104919910431,1.119,0.0,0.136,1.2,-0.0
801,2013-03-27 16:30:00,0.01719795912504196,1.130244493484497,0.5160048604011536,0.969,0.0,0.114,1.2,-0.0
802,2013-03-27 17:00:00,0.07908450067043304,1.0733494758605957,0.5663721561431885,0.7879999999999999,0.0,0.135,1.2,-0.0
803,2013-03-27 17:30:00,0.2344445437192917,1.0121128559112549,0.6421899795532227,0.5,0.0,0.314,1.1515554562807082,-0.0
804,2013-03-27 18:00:00,0.35624608397483826,0.2542206645011902,0.9326117634773254,0.163,0.0,0.219,1.0294445437192916,-0.0
805,2013-03-27 18:30:00,0.6020984649658203,0.4247356355190277,1.079299807548523,0.038,0.0,0.083,0.996299807548523,-0.0
806,2013-03-27 19:00:00,0.0611359179019928,0.10338353365659714,0.7526065111160278,0.006,0.0,0.161,0.841299807548523,-0.0
807,2013-03-27 19:30:00,0.03977171331644058,0.2717140316963196,0.6069163084030151,0.0,0.0,0.197,0.6442998075485229,-0.0
808,2013-03-27 20:00:00,0.2661360204219818,0.5727126002311707,0.6244980096817017,0.0,0.0,0.183,0.4612998075485229,-0.0
809,2013-03-27 20:30:00,0.7754576206207275,0.9029332399368286,0.541606605052948,0.0,0.0,0.293,0.24860660505294802,-0.0
810,2013-03-27 21:00:00,0.05164856091141701,1.0715863704681396,0.6574957370758057,0.0,0.0,0.233,0.4244957370758057,-0.0
811,2013-03-27 21:30:00,0.4989306926727295,0.9380859732627869,0.5218167901039124,0.0,0.0,0.242,0.27981679010391236,-0.0
812,2013-03-27 22:00:00,0.05902204290032387,1.039409875869751,0.5314753651618958,0.0,0.0,0.156,0.3754753651618957,-0.0
813,2013-03-27 22:30:00,0.35363078117370605,0.9665811657905579,0.4366762638092041,0.0,0.0,0.154,0.2826762638092041,-0.0
814,2013-03-27 23:00:00,0.1728920340538025,1.005706548690796,0.3965524435043335,0.0,0.0,0.802,1.2,-0.0
815,2013-03-27 23:30:00,1.2000000476837158,0.007020018994808197,1.1475894451141357,0.0,0.0,0.66,0.5329799810051917,-0.0
816,2013-03-28 00:00:00,0.37331855297088623,0.710623562335968,0.6779685616493225,0.0,0.0,0.119,1.2,-0.0
817,2013-03-28 00:30:00,0.04857606440782547,0.0,1.0474988222122192,0.0,0.0,0.213,0.987,-0.0
818,2013-03-28 01:00:00,0.04464176669716835,0.08192509412765503,0.9940085411071777,0.0,1.069,0.113,0.0749165530204774,-0.04620165530204773
819,2013-03-28 01:30:00,1.2000000476837158,1.158762812614441,0.9050771594047546,0.0,1.188,0.17800000000000002,0.9254040813446044,-0.0
820,2013-03-28 02:00:00,0.804047167301178,0.38174623250961304,0.6541483998298645,0.0,0.0,0.16399999999999998,1.2,-0.0
821,2013-03-28 02:30:00,0.09221769869327545,0.1124035194516182,1.1634207963943481,0.0,0.519,0.102,0.46659648054838176,-0.0
822,2013-03-28 03:00:00,0.8320798277854919,0.9365348219871521,0.8326359987258911,0.0,0.563,0.243,0.9242722169160843,-0.0
823,2013-03-28 03:30:00,0.7763479948043823,0.1699879765510559,0.5788443684577942,0.0,0.0,0.7140000000000001,0.5154158250093461,-0.08238877418518069
824,2013-03-28 04:00:00,0.32202908396720886,0.8402514457702637,0.79719477891922,0.0,0.0,0.679,1.0499169042110439,-0.0
825,2013-03-28 04:30:00,1.2000000476837158,0.021601606160402298,1.1928188800811768,0.0,0.0,0.071,1.1002172739207745,-0.0
826,2013-03-28 05:00:00,0.04591688886284828,0.05751055106520653,0.8957158923149109,0.0,0.544,0.168,0.38821727392077443,-0.0
827,2013-03-28 05:30:00,0.660541296005249,1.0302106142044067,0.8317801356315613,0.0,0.406,0.7879999999999999,0.5993548379540444,-0.0
828,2013-03-28 06:00:00,1.2000000476837158,0.32696977257728577,1.0597892999649048,0.0,0.0,0.591,0.14181952738761905,-0.0
829,2013-03-28 06:30:00,0.3504132628440857,1.130104422569275,1.037453055381775,0.0,0.0,0.129,1.2,-0.0
830,2013-03-28 07:00:00,0.0,0.0,1.1484010219573975,0.0,0.0,0.057,1.143,-0.0
831,2013-03-28 07:30:00,0.0,0.0,1.0003429651260376,0.0,0.0,0.117,1.026,-0.0
832,2013-03-28 08:00:00,0.0,0.0,0.7942643165588379,0.025,0.0,0.273,0.778,-0.0
833,2013-03-28 08:30:00,0.32526230812072754,0.56643146276474,0.7128260731697083,0.044,0.0,0.061,0.7610000000000001,-0.0
834,2013-03-28 09:00:00,1.0864871740341187,0.7488024830818176,0.6014589071273804,0.069,0.0,0.099,0.7310000000000001,-0.0
835,2013-03-28 09:30:00,1.1066259145736694,0.894561231136322,0.6397620439529419,0.319,0.0,0.09,0.9600000000000001,-0.0
836,2013-03-28 10:00:00,0.33383065462112427,1.005029559135437,0.6456708908081055,0.425,0.0,0.04,1.2,-0.0
837,2013-03-28 10:30:00,0.0,1.0447866916656494,0.5876141786575317,0.65,0.0,0.13699999999999998,1.2,-0.0
838,2013-03-28 11:00:00,0.08821215480566025,1.1161668300628662,0.6859074234962463,0.775,0.0,0.133,1.2,-0.0
839,2013-03-28 11:30:00,0.1559862494468689,1.1235471963882446,0.728281557559967,1.031,0.0,0.421,1.2,-0.0
840,2013-03-28 12:00:00,0.11987999826669693,0.6817857623100281,0.9773060083389282,1.35,0.0,0.14,1.2,-0.0
841,2013-03-28 12:30:00,0.0,1.184705138206482,0.6043160557746887,1.444,0.0,0.134,1.2,-0.0
842,2013-03-28 13:00:00,0.0,1.1870282888412476,0.5935576558113098,1.525,0.0,0.025,1.2,-0.0
843,2013-03-28 13:30:00,0.0,1.1922928094863892,0.5109993815422058,1.494,0.0,0.113,1.2,-0.0
844,2013-03-28 14:00:00,0.0,1.1568663120269775,0.4872790277004242,1.506,0.0,0.106,1.2,-0.0
845,2013-03-28 14:30:00,0.0,1.1337107419967651,0.45273545384407043,0.619,0.0,0.058,1.2,-0.0
846,2013-03-28 15:00:00,0.08663268387317657,1.113897681236267,0.6459092497825623,0.35,0.0,0.152,1.2,-0.0
847,2013-03-28 15:30:00,0.16773797571659088,0.9854258298873901,0.6628816723823547,0.325,0.0,0.149,1.2,-0.0
848,2013-03-28 16:00:00,0.17606595158576965,0.9624807834625244,0.7005034685134888,0.488,0.0,0.06,1.2,-0.0
849,2013-03-28 16:30:00,0.11192096769809723,1.0293090343475342,0.5425044894218445,0.85,0.0,0.079,1.2,-0.0
850,2013-03-28 17:00:00,0.1561153084039688,1.0883620977401733,0.6695519089698792,0.394,0.0,0.142,1.2,-0.0
851,2013-03-28 17:30:00,0.12377449125051498,0.9632877707481384,0.5975973010063171,0.106,0.0,0.139,1.061,-0.0
852,2013-03-28 18:00:00,0.5658095479011536,0.28856366872787476,1.1121989488601685,0.025,0.0,0.081,1.0311989488601685,-0.0
853,2013-03-28 18:30:00,0.0,0.06747695803642273,0.8680046796798706,0.019,0.0,0.165,0.8851989488601685,-0.0
854,2013-03-28 19:00:00,0.09301120787858963,0.27488625049591064,0.837130069732666,0.0,0.0,0.268,0.6171989488601685,-0.0
855,2013-03-28 19:30:00,0.43925100564956665,0.6619589924812317,0.879851758480072,0.0,0.0,0.247,0.632851758480072,-0.0
856,2013-03-28 20:00:00,0.3344564437866211,0.668647289276123,0.8644044995307922,0.0,0.0,0.161,0.7034044995307922,-0.0
857,2013-03-28 20:30:00,0.10083404928445816,0.5648337602615356,0.7303757071495056,0.0,0.0,0.228,0.5023757071495056,-0.0
858,2013-03-28 21:00:00,1.0163846015930176,1.0326811075210571,0.7512772083282471,0.0,0.0,0.21600000000000005,0.535277208328247,-0.0
859,2013-03-28 21:30:00,1.0709763765335083,1.0089055299758911,0.688636064529419,0.0,0.0,0.119,0.569636064529419,-0.0
860,2013-03-28 22:00:00,1.2000000476837158,1.0649285316467285,0.571099042892456,0.0,0.0,0.152,0.41909904289245603,-0.0
861,2013-03-28 22:30:00,1.0448722839355469,1.1285645961761475,0.48028120398521423,0.0,0.0,0.281,0.1992812039852142,-0.0
862,2013-03-28 23:00:00,0.003345258068293333,1.2000000476837158,0.7593517303466797,0.0,0.0,0.797,1.2,-0.0
863,2013-03-28 23:30:00,1.2000000476837158,0.07082284986972809,1.2000000476837158,0.0,0.0,0.705,0.42417719781398777,-0.0
864,2013-03-29 00:00:00,0.3488727807998657,1.1688309907913208,1.0591334104537964,0.0,0.0,0.135,1.2,-0.0
865,2013-03-29 00:30:00,0.2557757794857025,0.04492754861712456,1.1914411783218384,0.0,0.0,0.023,1.1320724513828755,-0.0
866,2013-03-29 01:00:00,0.0,0.11002037674188614,0.9776621460914612,0.0,1.081,0.123,0.22233785390853877,-0.0409603133416176
867,2013-03-29 01:30:00,1.0343347787857056,1.2000000476837158,0.9564034342765808,0.0,1.256,0.077,0.6223242444992065,-0.0
868,2013-03-29 02:00:00,0.6501574516296387,1.1710816621780396,0.695956289768219,0.0,0.713,0.054000000000000006,0.504043710231781,-0.01785738614082336
869,2013-03-29 02:30:00,0.7934921979904175,1.2000000476837158,0.8654134273529053,0.0,0.331,0.133,0.9279125318527222,-0.0
870,2013-03-29 03:00:00,0.5732505321502686,0.4373480975627899,0.6752814054489136,0.0,0.925,0.134,0.5247185945510864,-0.050469175581932084
871,2013-03-29 03:30:00,0.850189208984375,0.9435428977012634,0.8262126445770264,0.0,0.0,0.7929999999999999,0.8140199131965637,-0.0
872,2013-03-29 04:00:00,0.9027453660964966,0.5447443723678589,1.044792890548706,0.0,0.15,0.639,0.6382158012390136,-0.0
873,2013-03-29 04:30:00,0.373064786195755,0.933603823184967,0.7263460159301758,0.0,0.8690000000000001,0.061,0.4736539840698242,-0.003696140627860984
874,2013-03-29 05:00:00,0.8955673575401306,1.2000000476837158,0.8804587125778198,0.0,0.0,0.214,1.2,-0.0
875,2013-03-29 05:30:00,0.4079342782497406,0.05759486183524132,1.1589207649230957,0.0,0.0,0.703,0.4394051381647587,-0.0
876,2013-03-29 06:00:00,0.2566210627555847,1.1199718713760376,1.0476590394973755,0.0,0.0,0.7,0.9012178522944447,-0.0
877,2013-03-29 06:30:00,1.1705148220062256,0.07943610846996307,1.2000000476837158,0.0,0.0,0.026,1.0945639392137527,-0.0
878,2013-03-29 07:00:00,0.0,0.2776646018028259,0.9479768872261047,0.0,0.513,0.153,0.46720751976966846,-0.0
879,2013-03-29 07:30:00,0.6953812837600708,0.9955090880393982,0.9095195531845093,0.0,0.163,0.161,1.2,-0.0
880,2013-03-29 08:00:00,0.27946457266807556,0.017889562994241714,1.196346640586853,0.025,0.0,0.105,1.0771104370057583,-0.0
881,2013-03-29 08:30:00,0.041806988418102264,0.12439368665218353,0.9403628706932068,0.038,0.0,0.41,0.7051104370057584,-0.0
882,2013-03-29 09:00:00,0.3593383729457855,0.6775231957435608,0.8033860921859741,0.08800000000000001,0.0,0.024,0.7793860921859741,-0.0
883,2013-03-29 09:30:00,1.2000000476837158,0.8816205263137817,0.784064531326294,0.338,0.0,0.105,1.0123860921859742,-0.0
884,2013-03-29 10:00:00,0.21752984821796417,0.9211136102676392,0.711876392364502,0.456,0.0,0.049,1.2,-0.0
885,2013-03-29 10:30:00,0.19813984632492065,1.0636893510818481,0.6509190201759338,0.6940000000000001,0.0,0.078,1.2,-0.0
886,2013-03-29 11:00:00,0.28650975227355957,1.138953685760498,0.7488906979560852,0.7809999999999999,0.0,0.141,1.2,-0.0
887,2013-03-29 11:30:00,0.35886988043785095,1.1002310514450073,0.7524353861808777,1.075,0.0,0.026,1.2,-0.0
888,2013-03-29 12:00:00,0.07601303607225418,1.1745433807373047,0.6893495917320251,0.6940000000000001,0.0,0.122,1.2,-0.0
889,2013-03-29 12:30:00,0.31891489028930664,1.1331031322479248,0.7025364637374878,0.7190000000000001,0.0,0.099,1.2,-0.0
890,2013-03-29 13:00:00,0.3303227722644806,1.143303632736206,0.7532891035079956,0.563,0.0,0.033,1.2,-0.0
891,2013-03-29 13:30:00,0.23229485750198364,1.1580204963684082,0.662778377532959,1.094,0.0,0.219,1.2,-0.0
892,2013-03-29 14:00:00,0.11544273048639297,1.2000000476837158,0.5776804089546204,1.431,0.0,0.394,1.2,-0.0
893,2013-03-29 14:30:00,0.13557647168636322,1.2000000476837158,0.4042145311832428,1.306,0.0,0.141,1.2,-0.0
894,2013-03-29 15:00:00,0.1145847737789154,1.2000000476837158,0.47050169110298157,1.056,0.0,0.284,1.2,-0.0
895,2013-03-29 15:30:00,0.18579056859016418,1.2000000476837158,0.6605727076530457,1.269,0.0,0.279,1.2,-0.0
896,2013-03-29 16:00:00,0.1120164692401886,1.2000000476837158,0.5274539589881897,1.138,0.0,0.204,1.2,-0.0
897,2013-03-29 16:30:00,0.12146399170160294,1.2000000476837158,0.5407027006149292,0.95,0.0,0.313,1.2,-0.0
898,2013-03-29 17:00:00,0.28871914744377136,0.8619971871376038,0.9481289386749268,0.888,0.0,0.174,1.2,-0.0
899,2013-03-29 17:30:00,0.24682465195655823,1.1884146928787231,0.6925453543663025,0.556,0.0,0.083,1.2,-0.0
900,2013-03-29 18:00:00,0.19562660157680511,1.1065552234649658,0.6127352714538574,0.163,0.0,0.097,1.103,-0.0
901,2013-03-29 18:30:00,0.2936581075191498,0.5684533715248108,0.9003007411956787,0.063,0.0,0.052000000000000005,1.1139999999999999,-0.0
902,2013-03-29 19:00:00,0.29724615812301636,0.11585923284292221,0.9641503691673279,0.006,0.0,0.199,0.9209999999999998,-0.0
903,2013-03-29 19:30:00,0.03622637316584587,0.17012599110603333,0.6622161865234375,0.0,0.0,0.17800000000000002,0.7429999999999998,-0.0
904,2013-03-29 20:00:00,0.05712767317891121,0.431594580411911,0.48925790190696716,0.0,0.0,0.182,0.5609999999999997,-0.0
905,2013-03-29 20:30:00,1.2000000476837158,0.9896838665008545,0.5181050896644592,0.0,0.0,0.25,0.3109999999999997,-0.0
906,2013-03-29 21:00:00,0.18732787668704987,1.0713365077972412,0.41318419575691223,0.0,0.0,0.153,0.2601841957569122,-0.0
907,2013-03-29 21:30:00,0.1478358805179596,1.0990861654281616,0.4119315445423126,0.0,0.0,0.234,0.1779315445423126,-0.0
908,2013-03-29 22:00:00,0.028897274285554886,1.193102240562439,0.6623510718345642,0.0,0.0,0.135,0.5273510718345642,-0.0
909,2013-03-29 22:30:00,1.2000000476837158,1.0548371076583862,0.5705274939537048,0.0,0.0,0.243,0.32752749395370484,-0.0
910,2013-03-29 23:00:00,0.2822790741920471,1.073297142982483,0.47274523973464966,0.0,0.0,0.767,1.1046478691101074,-0.0
911,2013-03-29 23:30:00,1.2000000476837158,0.07094594091176987,1.2000000476837158,0.0,0.0,0.63,0.49905410677194595,-0.0
912,2013-03-30 00:00:00,0.3221628665924072,1.0867407321929932,0.9897093772888184,0.0,0.0,0.59,0.9251510542631151,-0.0
913,2013-03-30 00:30:00,1.2000000476837158,0.11223919689655304,1.1991276741027832,0.0,0.0,0.035,1.0518884772062302,-0.0
914,2013-03-30 01:00:00,0.0,0.4404737055301666,0.8076212406158447,0.0,1.081,0.119,0.39237875938415523,-0.07389294193267824
915,2013-03-30 01:30:00,1.1174417734146118,1.1349127292633057,0.7739550471305847,0.0,1.238,0.066,0.42604495286941524,-0.013423104243278501
916,2013-03-30 02:00:00,1.070464015007019,1.2000000476837158,1.0245964527130127,0.0,1.025,0.07400000000000001,0.44891004657745365,-0.0
917,2013-03-30 02:30:00,1.002194881439209,1.2000000476837158,0.9781299829483032,0.0,0.0,0.09,1.2,-0.0
918,2013-03-30 03:00:00,0.2644525170326233,0.04019618779420853,1.0456151962280273,0.0,1.138,0.14400000000000002,0.1543848037719726,-0.052138099156618115
919,2013-03-30 03:30:00,1.0582369565963745,1.2000000476837158,0.9039171934127808,0.0,0.056,0.855,1.1802303447723388,-0.0
920,2013-03-30 04:00:00,1.1553953886032104,0.02736114151775837,1.1442797183990479,0.0,0.0,0.682,0.5301781689375639,-0.0
921,2013-03-30 04:30:00,0.3436279594898224,0.94687420129776,0.8927911520004272,0.0,0.65,0.14,0.802769460827112,-0.0
922,2013-03-30 05:00:00,0.7003231048583984,0.8014110326766968,0.49773335456848145,0.0,0.325,0.179,0.7022666454315185,-0.0035684819358586493
923,2013-03-30 05:30:00,0.8749711513519287,0.9942532181739807,0.6252743601799011,0.0,0.0,1.4409999999999998,0.5747256398200988,-0.21991828019142148
924,2013-03-30 06:00:00,0.7345413565635681,1.1290278434753418,0.7264965772628784,0.0,0.0,1.297,0.47350342273712154,-0.1212252873802185
925,2013-03-30 06:30:00,0.6784955859184265,1.0880639553070068,0.6859601736068726,0.0,0.0,0.046,1.2,-0.0
926,2013-03-30 07:00:00,0.023925069719552994,0.15661859512329102,1.1047022342681885,0.0,0.0,0.128,0.9153814048767089,-0.0
927,2013-03-30 07:30:00,0.0,0.46094968914985657,0.9658984541893005,0.006,0.0,0.379,0.9352875010967254,-0.0
928,2013-03-30 08:00:00,0.2399010956287384,0.4808659851551056,1.0703868865966797,0.025,0.0,0.417,0.7815590126514436,-0.0
929,2013-03-30 08:30:00,0.2912681996822357,0.6816823482513428,0.9833482503890991,0.044,0.0,0.35100000000000003,0.6323482503890991,-0.0
930,2013-03-30 09:00:00,0.2666865587234497,0.6679825186729431,0.7212916612625122,0.08800000000000001,0.0,0.06,0.6612916612625122,-0.0
931,2013-03-30 09:30:00,1.1474549770355225,1.0531816482543945,0.5413497686386108,0.344,0.0,0.087,0.918291661262512,-0.0
932,2013-03-30 10:00:00,0.606792151927948,1.0134848356246948,0.5726754069328308,0.45,0.0,0.035,1.2,-0.0
933,2013-03-30 10:30:00,0.0686236023902893,1.0759977102279663,0.49482953548431396,0.6809999999999999,0.0,0.106,1.2,-0.0
934,2013-03-30 11:00:00,0.17670418322086334,1.1452652215957642,0.5930675268173218,0.8059999999999999,0.0,0.17800000000000002,1.2,-0.0
935,2013-03-30 11:30:00,0.27565857768058777,1.0935702323913574,0.7116116285324097,1.056,0.0,0.188,1.2,-0.0
936,2013-03-30 12:00:00,0.030612744390964508,1.2000000476837158,0.5752830505371094,1.419,0.0,0.175,1.2,-0.0
937,2013-03-30 12:30:00,0.0,1.2000000476837158,0.5079809427261353,1.475,0.0,0.152,1.2,-0.0
938,2013-03-30 13:00:00,0.0,1.2000000476837158,0.5293803811073303,1.5630000000000002,0.0,0.045,1.2,-0.0
939,2013-03-30 13:30:00,0.0,1.194825291633606,0.48691272735595703,1.581,0.0,0.232,1.2,-0.0
940,2013-03-30 14:00:00,0.0,1.1571098566055298,0.5274628400802612,1.55,0.0,0.3,1.2,-0.0
941,2013-03-30 14:30:00,0.0,1.1449556350708008,0.5686874985694885,1.444,0.0,0.207,1.2,-0.0
942,2013-03-30 15:00:00,0.0,1.1566543579101562,0.6096132397651672,1.294,0.0,0.233,1.2,-0.0
943,2013-03-30 15:30:00,0.0,1.186349868774414,0.6867738962173462,1.338,0.0,0.215,1.2,-0.0
944,2013-03-30 16:00:00,0.0,1.1984106302261353,0.6243903636932373,1.2,0.0,0.111,1.2,-0.0
945,2013-03-30 16:30:00,0.007545252330601215,1.2000000476837158,0.6163861751556396,1.019,0.0,0.113,1.2,-0.0
946,2013-03-30 17:00:00,0.04920927435159683,1.2000000476837158,0.6253814101219177,0.6559999999999999,0.0,0.139,1.2,-0.0
947,2013-03-30 17:30:00,0.19685184955596924,1.1210685968399048,0.6245440244674683,0.231,0.0,0.058,1.1761481504440305,-0.0
948,2013-03-30 18:00:00,0.18435460329055786,1.0214533805847168,0.8437414765357971,0.194,0.0,0.066,1.1913490958213808,-0.0
949,2013-03-30 18:30:00,0.18079116940498352,0.9986460208892822,0.9092876315116882,0.038,0.0,0.349,0.8596509041786191,-0.0
950,2013-03-30 19:00:00,0.4681524932384491,0.6717922687530518,0.886125385761261,0.006,0.0,0.173,0.7131253857612609,-0.0
951,2013-03-30 19:30:00,0.09348569065332413,0.45702606439590454,0.521716296672821,0.0,0.0,0.344,0.36912538576126097,-0.0
952,2013-03-30 20:00:00,0.2319909632205963,0.9006521701812744,0.6273270845413208,0.0,0.0,0.255,0.3723270845413208,-0.0
953,2013-03-30 20:30:00,0.3253377676010132,0.9297879338264465,0.5123872756958008,0.0,0.0,0.219,0.2933872756958008,-0.0
954,2013-03-30 21:00:00,0.15217776596546173,0.9575907588005066,0.5889104008674622,0.0,0.0,0.179,0.40991040086746217,-0.0
955,2013-03-30 21:30:00,0.9541119933128357,0.8934438228607178,0.5347722768783569,0.0,0.0,0.366,0.16877227687835694,-0.0
956,2013-03-30 22:00:00,0.06573586165904999,1.1105680465698242,1.0071594715118408,0.0,0.0,0.1,0.9071594715118408,-0.0
957,2013-03-30 22:30:00,0.06511564552783966,0.15341073274612427,0.64260333776474,0.0,0.0,0.431,0.47615947151184085,-0.0
958,2013-03-30 23:00:00,0.5123579502105713,0.8500195741653442,0.7286282181739807,0.0,0.0,1.2919999999999998,0.505661482810974,-0.0
959,2013-03-30 23:30:00,0.7393104434013367,0.9158524870872498,0.7865186333656311,0.0,0.0,0.795,0.8778245472908021,-0.0
960,2013-03-31 00:00:00,1.1377469301223755,0.32433030009269714,1.133117437362671,0.0,0.0,0.175,1.2,-0.0
961,2013-03-31 00:30:00,0.0,0.0,1.1376456022262573,0.0,0.0,0.532,0.6679999999999999,-0.0
962,2013-03-31 01:00:00,0.2501896023750305,0.7562041878700256,0.7360260486602783,0.0,1.081,0.28300000000000003,0.46397395133972164,-0.08012781392097475
963,2013-03-31 01:30:00,0.9870878458023071,1.2000000476837158,0.9776349663734436,0.0,1.25,0.104,0.22236503362655635,-0.028111298398971557
964,2013-03-31 02:00:00,1.1077544689178467,1.174099087715149,1.0861265659332275,0.0,1.038,0.025,0.9181708450317382,-0.0
965,2013-03-31 02:30:00,0.8516839146614075,0.3995463252067566,0.5686693787574768,0.0,0.0,0.132,1.2,-0.0
966,2013-03-31 03:00:00,0.0,0.013030711561441422,1.159036636352539,0.0,1.188,0.14300000000000002,0.04096336364746089,-0.042809407520890234
967,2013-03-31 03:30:00,1.181997537612915,0.0,1.0903619527816772,0.0,0.0,0.782,0.3083619527816772,-0.0
968,2013-03-31 04:00:00,0.52828049659729,1.168999433517456,1.0093632936477661,0.0,0.0,0.634,1.1802766609191893,-0.0
969,2013-03-31 04:30:00,1.2000000476837158,0.017023388296365738,1.1753779649734497,0.0,0.394,0.063,0.7232766609191892,-0.0
970,2013-03-31 05:00:00,1.1862633228302002,0.7411730885505676,0.9033546447753906,0.0,0.563,0.207,0.642273589611054,-0.0
971,2013-03-31 05:30:00,0.6103188395500183,1.0804154872894287,0.5842451453208923,0.0,0.0,1.368,0.6157548546791076,-0.202153730721474
972,2013-03-31 06:00:00,0.7444493174552917,1.093508005142212,0.7982462048530579,0.0,0.0,1.3,0.4017537951469421,-0.11522830760478975
973,2013-03-31 06:30:00,0.7816041707992554,1.2000000476837158,0.7708413004875183,0.0,0.0,0.028,1.2,-0.0
974,2013-03-31 07:00:00,0.08037308603525162,0.027591492980718613,1.1242483854293823,0.0,0.0,0.121,1.0514085070192813,-0.0
975,2013-03-31 07:30:00,0.0,0.0817844569683075,0.8045135140419006,0.0,0.0,0.069,0.9824085070192814,-0.0
976,2013-03-31 08:00:00,0.0,0.22357714176177979,0.6941819787025452,0.013,0.0,0.157,1.2,-0.0
977,2013-03-31 08:30:00,0.0,0.0426848903298378,1.1536109447479248,0.031,0.0,0.175,1.0559999999999998,-0.0
978,2013-03-31 09:00:00,0.15420851111412048,0.0890648365020752,1.0465208292007446,0.044,0.0,0.411,0.6889999999999998,-0.0
979,2013-03-31 09:30:00,0.331498920917511,0.6753185391426086,0.7227380275726318,0.125,0.0,0.141,0.6729999999999998,-0.0
980,2013-03-31 10:00:00,1.1744979619979858,0.8282958269119263,0.671798050403595,0.219,0.0,0.058,0.8339999999999997,-0.0
981,2013-03-31 10:30:00,1.1678045988082886,1.0170929431915283,0.684884250164032,0.463,0.0,0.526,1.04,-0.0
982,2013-03-31 11:00:00,0.5238321423530579,0.23373055458068848,0.8666780591011047,0.6940000000000001,0.0,0.116,1.2,-0.0
983,2013-03-31 11:30:00,0.23548519611358643,1.076098918914795,0.5752988457679749,0.506,0.0,0.153,1.2,-0.0
984,2013-03-31 12:00:00,0.23872408270835876,0.9559392929077148,0.43461379408836365,0.713,0.0,0.373,1.2,-0.0
985,2013-03-31 12:30:00,0.48491746187210083,0.34416741132736206,0.8900681734085083,0.725,0.0,0.108,1.2,-0.0
986,2013-03-31 13:00:00,0.2523113191127777,1.1397186517715454,0.606266438961029,0.638,0.0,0.268,1.2,-0.0
987,2013-03-31 13:30:00,0.38373175263404846,0.7114617824554443,0.7724509239196777,0.838,0.0,0.26,1.2,-0.0
988,2013-03-31 14:00:00,0.44754067063331604,0.8077927827835083,0.9114543199539185,0.763,0.0,0.131,1.2,-0.0
989,2013-03-31 14:30:00,0.39303791522979736,1.1511462926864624,0.7211319208145142,0.769,0.0,0.29100000000000004,1.2,-0.0
990,2013-03-31 15:00:00,0.5249515175819397,0.5711655020713806,0.9903318881988525,0.813,0.0,0.684,0.8040484824180602,-0.0
991,2013-03-31 15:30:00,0.34894755482673645,0.026871273294091225,0.7260339856147766,0.85,0.0,0.473,1.1810484824180603,-0.0
992,2013-03-31 16:00:00,0.42342838644981384,0.18274201452732086,0.9809083938598633,0.7879999999999999,0.0,0.271,1.2,-0.0
993,2013-03-31 16:30:00,0.5383644104003906,0.6734009385108948,1.003708839416504,0.638,0.0,0.084,1.2,-0.0
994,2013-03-31 17:00:00,0.2846493721008301,1.2000000476837158,0.706586480140686,0.469,0.0,0.179,1.2,-0.0
995,2013-03-31 17:30:00,0.37196165323257446,1.0430777072906494,0.5820592045783997,0.338,0.0,0.174,1.026,-0.0
996,2013-03-31 18:00:00,0.29580387473106384,0.9594009518623352,0.7400360703468323,0.1,0.0,0.17600000000000002,0.9500000000000001,-0.0
997,2013-03-31 18:30:00,0.8592802286148071,0.4467129707336426,1.007704496383667,0.019,0.0,0.34,0.6677044963836669,-0.0
998,2013-03-31 19:00:00,0.46198970079421997,0.6941564083099365,0.7437677383422852,0.0,0.0,0.241,0.5027677383422852,-0.0
999,2013-03-31 19:30:00,1.023932695388794,0.9873367547988892,0.6523892283439636,0.0,0.0,0.5,0.15238922834396362,-0.0
1000,2013-03-31 20:00:00,0.08528828620910645,1.2000000476837158,0.985981822013855,0.0,0.0,0.262,0.723981822013855,-0.0
1001,2013-03-31 20:30:00,0.06823151558637619,0.7070434093475342,0.6497663259506226,0.0,0.0,0.21600000000000005,0.5079818220138549,-0.0
1002,2013-03-31 21:00:00,1.0448579788208008,1.0540744066238403,0.685469388961792,0.0,0.0,0.188,0.497469388961792,-0.0
1003,2013-03-31 21:30:00,1.1265140771865845,1.0419228076934814,0.6569774746894836,0.0,0.0,0.263,0.39397747468948363,-0.0
1004,2013-03-31 22:00:00,0.4406663179397583,1.069413185119629,0.5777359008789062,0.0,0.0,0.14,0.43773590087890624,-0.0
1005,2013-03-31 22:30:00,1.0749599933624268,1.0306766033172607,0.577134370803833,0.0,0.0,0.244,0.333134370803833,-0.0
1006,2013-03-31 23:00:00,0.22316041588783264,1.0506972074508667,0.5105141997337341,0.0,0.0,0.7709999999999999,1.1120340509414672,-0.0
1007,2013-03-31 23:30:00,1.1738132238388062,0.07084245979785919,1.2000000476837158,0.0,0.0,0.593,0.5361575878858567,-0.0
1008,2013-04-15 00:00:00,0.25340506434440613,0.9613160490989685,0.9437680244445801,0.0,1.106,0.102,0.358368775129318,-0.0
1009,2013-04-15 00:30:00,0.957266092300415,1.2000000476837158,1.0638105869293213,0.0,1.263,0.105,0.31526240205764844,-0.0
1010,2013-04-15 01:00:00,0.981491208076477,1.2000000476837158,1.1295979022979736,0.0,0.431,0.043,1.2,-0.0
1011,2013-04-15 01:30:00,0.2659803330898285,0.03535868227481842,1.0965187549591064,0.0,0.425,0.105,0.6346413177251815,-0.0
1012,2013-04-15 02:00:00,1.2000000476837158,0.6589264273643494,0.8702698349952698,0.0,0.7190000000000001,0.043,0.9097909371852874,-0.0
1013,2013-04-15 02:30:00,0.6774348020553589,0.3271600008010864,0.5670592784881592,0.0,0.0,0.102,1.2,-0.0
1014,2013-04-15 03:00:00,0.041768014430999756,0.015637539327144623,1.0807647705078125,0.0,0.0,0.041,1.1433624606728554,-0.0
1015,2013-04-15 03:30:00,0.03527870029211044,0.0,1.0182102918624878,0.0,0.544,0.787,0.12515216881036761,-0.08445322119712832
1016,2013-04-15 04:00:00,0.7452467679977417,1.165144681930542,0.904778242111206,0.0,0.438,0.037000000000000005,1.2,-0.0
1017,2013-04-15 04:30:00,0.24309906363487244,0.0,1.1076627969741821,0.0,0.0,0.11,1.0899999999999999,-0.0
1018,2013-04-15 05:00:00,0.0,0.0,0.9183938503265381,0.0,0.0,0.028,1.0619999999999998,-0.0
1019,2013-04-15 05:30:00,0.0,0.0003571547567844391,0.9214175939559937,0.0,0.0,0.7809999999999999,0.2809999999999999,-0.0
1020,2013-04-15 06:00:00,0.3484306335449219,1.1693649291992188,1.0948364734649658,0.0,0.0,0.028,1.2,-0.0
1021,2013-04-15 06:30:00,0.0,0.0,1.1310547590255737,0.0,0.0,0.108,1.0919999999999999,-0.0
1022,2013-04-15 07:00:00,0.0,0.0219830721616745,0.9788229465484619,0.025,0.0,0.029,1.0879999999999996,-0.0
1023,2013-04-15 07:30:00,0.0,0.09273070096969604,0.9564638733863831,0.08800000000000001,0.0,0.627,0.5489999999999997,-0.0
1024,2013-04-15 08:00:00,0.9570167064666748,0.9147497415542603,0.6278319954872131,0.156,0.0,0.441,0.8342502584457401,-0.0
1025,2013-04-15 08:30:00,0.47144249081611633,0.5642949938774109,1.0930414199829102,0.28800000000000003,0.0,0.203,0.91925025844574,-0.0
1026,2013-04-15 09:00:00,0.15191729366779327,0.6747142672538757,0.9379005432128906,0.363,0.0,0.035,1.2,-0.0
1027,2013-04-15 09:30:00,0.10844805836677551,1.0138028860092163,0.6228556036949158,0.463,0.0,0.177,1.2,-0.0
1028,2013-04-15 10:00:00,0.19292491674423218,0.9283573627471924,0.6194480657577515,0.481,0.0,0.11,1.2,-0.0
1029,2013-04-15 10:30:00,0.09393785148859024,1.0345449447631836,0.5358046293258667,0.431,0.0,0.4,1.1370621485114096,-0.0
1030,2013-04-15 11:00:00,0.2792847156524658,0.4570003151893616,1.0419387817382812,0.594,0.0,0.212,1.2,-0.0
1031,2013-04-15 11:30:00,0.2327566295862198,0.8380895853042603,0.733417809009552,1.281,0.0,0.484,1.2,-0.0
1032,2013-04-15 12:00:00,0.25639501214027405,1.0494693517684937,0.8643816709518433,1.281,0.0,0.127,1.2,-0.0
1033,2013-04-15 12:30:00,0.06945556402206421,1.1551789045333862,0.5832349061965942,1.3,0.0,0.16699999999999998,1.2,-0.0
1034,2013-04-15 13:00:00,0.1039343774318695,1.1297053098678589,0.553614616394043,1.088,0.0,0.328,1.2,-0.0
1035,2013-04-15 13:30:00,0.1899053454399109,1.0731186866760254,0.8000586032867432,0.8059999999999999,0.0,0.047,1.2,-0.0
1036,2013-04-15 14:00:00,0.24816764891147614,1.1507515907287598,0.6740322709083557,1.138,0.0,0.342,1.2,-0.0
1037,2013-04-15 14:30:00,0.19205640256404877,1.1642584800720215,0.6869349479675293,1.188,0.0,0.276,1.2,-0.0
1038,2013-04-15 15:00:00,0.17034050822257996,1.1586518287658691,0.5101112127304077,1.0,0.0,0.394,1.2,-0.0
1039,2013-04-15 15:30:00,0.4316033124923706,0.7631067037582397,0.9119729995727539,0.856,0.0,0.365,1.2,-0.0
1040,2013-04-15 16:00:00,0.5456674098968506,0.4868207573890686,0.9827170968055725,0.6,0.0,0.401,0.8533325901031494,-0.0
1041,2013-04-15 16:30:00,0.5311557650566101,0.5682522058486938,0.921329140663147,0.106,0.0,0.297,0.6623325901031495,-0.0
1042,2013-04-15 17:00:00,0.5488409996032715,0.6718465685844421,0.746143639087677,0.05,0.0,0.108,0.638143639087677,-0.0
1043,2013-04-15 17:30:00,1.2000000476837158,0.9561953544616699,0.5314441323280334,0.006,0.0,0.158,0.486143639087677,-0.0
1044,2013-04-15 18:00:00,1.2000000476837158,0.9607312679290771,0.551412045955658,0.0,0.0,0.13,0.42141204595565795,-0.0
1045,2013-04-15 18:30:00,1.2000000476837158,0.9479306936264038,0.568064272403717,0.0,0.0,0.246,0.32206427240371704,-0.0
1046,2013-04-15 19:00:00,0.3019752502441406,1.007729411125183,0.5494500398635864,0.0,0.0,0.13699999999999998,0.4124500398635864,-0.0
1047,2013-04-15 19:30:00,1.2000000476837158,0.9141679406166077,0.5912882685661316,0.0,0.0,0.153,0.43828826856613157,-0.0
1048,2013-04-15 20:00:00,1.2000000476837158,0.9368517994880676,0.6038255095481873,0.0,0.0,0.107,0.49682550954818727,-0.0
1049,2013-04-15 20:30:00,1.2000000476837158,0.8744266033172607,0.6361330151557922,0.0,0.0,0.231,0.40513301515579225,-0.0
1050,2013-04-15 21:00:00,0.8042839765548706,0.9797792434692383,0.5852304697036743,0.0,0.0,0.218,0.36723046970367434,-0.0
1051,2013-04-15 21:30:00,0.6524717211723328,1.048808217048645,0.5007373690605164,0.0,0.0,0.232,0.2687373690605164,-0.0
1052,2013-04-15 22:00:00,0.09648547321557999,1.0785713195800781,0.5953927040100098,0.0,0.0,0.13,0.46539270401000976,-0.0
1053,2013-04-15 22:30:00,1.1783894300460815,0.938056468963623,0.6491748094558716,0.0,0.0,0.079,0.5701748094558716,-0.0
1054,2013-04-15 23:00:00,1.1981618404388428,0.8933717012405396,0.6587911248207092,0.0,0.0,0.102,1.2,-0.0
1055,2013-04-15 23:30:00,0.07882954180240631,0.3073118031024933,1.2000000476837158,0.0,0.0,0.73,0.16268824458122255,-0.0
1056,2013-04-16 00:00:00,0.8667857646942139,1.2000000476837158,1.0684757232666016,0.0,1.1,0.104,0.8706234631538387,-0.0
1057,2013-04-16 00:30:00,0.8258500695228577,0.6792683601379395,0.597201943397522,0.0,1.275,0.044,0.602798056602478,-0.0817113343048095
1058,2013-04-16 01:00:00,0.7263911366462708,0.8465402126312256,0.19742794334888458,0.0,0.6940000000000001,0.109,1.0025720566511154,-0.04430083824872971
1059,2013-04-16 01:30:00,1.045100450515747,0.47769826650619507,0.6359480023384094,0.0,0.0,0.036000000000000004,1.081157620191574,-0.0
1060,2013-04-16 02:00:00,0.014440957456827164,0.48196983337402344,0.9933267831802368,0.0,1.131,0.113,0.20667321681976314,-0.06870582905769348
1061,2013-04-16 02:30:00,1.2000000476837158,1.1806666851043701,0.9765036106109619,0.0,0.0,0.033,1.2,-0.0
1062,2013-04-16 03:00:00,0.03869656100869179,0.31810444593429565,1.0790148973464966,0.0,0.0,0.116,0.7658955540657043,-0.0
1063,2013-04-16 03:30:00,1.0680983066558838,0.6901454925537109,0.874345600605011,0.0,0.0,0.7140000000000001,0.6640633993148805,-0.0
1064,2013-04-16 04:00:00,0.6025462746620178,0.8687226176261902,0.6481925249099731,0.0,0.8809999999999999,0.116,0.5518074750900268,-0.034285689134597806
1065,2013-04-16 04:30:00,0.8908742070198059,1.0812318325042725,0.8376587629318237,0.0,0.081,0.029,1.2,-0.0
1066,2013-04-16 05:00:00,0.18761515617370605,0.013676850125193596,1.1215161085128784,0.0,0.0,0.115,1.0713231498748064,-0.0
1067,2013-04-16 05:30:00,0.05349599942564964,0.07172637432813644,0.9081871509552002,0.0,0.0,1.372,0.23486237324774262,-0.14459559031069283
1068,2013-04-16 06:00:00,1.0440714359283447,1.2000000476837158,0.9155289530754089,0.0,0.0,0.5379999999999999,1.2,-0.0
1069,2013-04-16 06:30:00,1.2000000476837158,0.041302938014268875,1.2000000476837158,0.0,0.0,0.247,0.911697109669447,-0.0
1070,2013-04-16 07:00:00,0.027491774410009384,0.4079670011997223,1.0004987716674805,0.0,0.0,0.112,1.2,-0.0
1071,2013-04-16 07:30:00,0.0,0.1724948287010193,1.1555166244506836,0.0,0.0,0.159,0.8685051712989806,-0.0
1072,2013-04-16 08:00:00,0.010795801877975464,0.5146846175193787,0.947718620300293,0.0,0.0,0.442,0.90630503988266,-0.0
1073,2013-04-16 08:30:00,0.27812594175338745,0.6058003306388855,1.1367868185043335,0.0,0.0,0.14800000000000002,0.9887868185043335,-0.0
1074,2013-04-16 09:00:00,0.0,0.08031114935874939,0.7828642725944519,0.0,0.0,0.149,0.8397868185043335,-0.0
1075,2013-04-16 09:30:00,0.0,0.32462960481643677,0.5473052859306335,0.0,0.0,0.118,0.7217868185043335,-0.0
1076,2013-04-16 10:00:00,0.005554430186748505,0.4863007962703705,0.5182603001594543,0.0,0.0,0.061,0.6607868185043335,-0.0
1077,2013-04-16 10:30:00,1.0722382068634033,0.828213632106781,0.5040782690048218,0.0,0.0,0.188,0.4727868185043335,-0.0
1078,2013-04-16 11:00:00,1.103448748588562,0.9663355350494385,0.5122014880180359,0.0,0.0,0.189,0.3232014880180359,-0.0
1079,2013-04-16 11:30:00,0.5097541809082031,0.9995761513710022,0.35663244128227234,0.0,0.0,0.229,0.12763244128227233,-0.0
1080,2013-04-16 12:00:00,0.0,1.2000000476837158,0.6845178604125977,0.0,0.0,0.032,0.6525178604125976,-0.0
1081,2013-04-16 12:30:00,1.0946171283721924,0.852821946144104,0.449938029050827,0.581,0.0,0.113,1.2,-0.0
1082,2013-04-16 13:00:00,0.09055710583925247,1.16184663772583,0.5803468823432922,0.6809999999999999,0.0,0.046,1.2,-0.0
1083,2013-04-16 13:30:00,0.11360521614551544,1.2000000476837158,0.7052320837974548,0.856,0.0,0.311,1.2,-0.0
1084,2013-04-16 14:00:00,0.32585692405700684,0.6566881537437439,0.9772196412086487,0.7440000000000001,0.0,0.17,1.2,-0.0
1085,2013-04-16 14:30:00,0.23065553605556488,1.181259274482727,0.7284414768218994,0.8190000000000001,0.0,0.046,1.2,-0.0
1086,2013-04-16 15:00:00,0.18353486061096191,1.2000000476837158,0.8084021210670471,0.494,0.0,0.14300000000000002,1.2,-0.0
1087,2013-04-16 15:30:00,0.20117229223251343,1.0249476432800293,0.6072162389755249,0.263,0.0,0.174,1.0878277077674865,-0.0
1088,2013-04-16 16:00:00,0.22654101252555847,0.8572950959205627,0.8482635021209717,0.138,0.0,0.294,1.0181722922325134,-0.0
1089,2013-04-16 16:30:00,0.7541539072990417,0.4959469735622406,1.0787160396575928,0.063,0.0,0.188,0.8931722922325134,-0.0
1090,2013-04-16 17:00:00,0.8396159410476685,0.4193926453590393,0.8955700397491455,0.05,0.0,0.157,0.7861722922325134,-0.0
1091,2013-04-16 17:30:00,0.8480485677719116,0.4076043665409088,0.6141647100448608,0.006,0.0,0.052000000000000005,0.7401722922325134,-0.0
1092,2013-04-16 18:00:00,0.6575264930725098,0.5219994187355042,0.42135801911354065,0.0,0.0,0.23,0.5101722922325134,-0.0
1093,2013-04-16 18:30:00,1.2000000476837158,0.8363409638404846,0.4927480220794678,0.0,0.0,0.345,0.1651722922325134,-0.0
1094,2013-04-16 19:00:00,0.057856906205415726,1.1284642219543457,0.7245433330535889,0.0,0.0,0.526,0.19854333305358884,-0.0
1095,2013-04-16 19:30:00,0.14399009943008423,1.1348686218261719,0.844199001789093,0.0,0.0,0.285,0.5591990017890931,-0.0
1096,2013-04-16 20:00:00,0.9313745498657227,0.7503082752227783,0.6746985912322998,0.0,0.0,0.196,0.4786985912322998,-0.0
1097,2013-04-16 20:30:00,1.2000000476837158,0.8069719076156616,0.5124959349632263,0.0,0.0,0.248,0.2644959349632263,-0.0
1098,2013-04-16 21:00:00,0.1747470498085022,0.9850013852119446,0.4704883396625519,0.0,0.0,0.206,0.2644883396625519,-0.0
1099,2013-04-16 21:30:00,0.22634541988372803,1.014249563217163,0.45232489705085754,0.0,0.0,0.17800000000000002,0.2743248970508575,-0.0
1100,2013-04-16 22:00:00,0.49314236640930176,1.0048649311065674,0.4549548625946045,0.0,0.0,0.112,0.3429548625946045,-0.0
1101,2013-04-16 22:30:00,1.2000000476837158,0.9360001087188721,0.49681219458580017,0.0,0.0,0.071,0.42581219458580016,-0.0
1102,2013-04-16 23:00:00,1.2000000476837158,0.9056159257888794,0.5415549278259277,0.0,0.0,0.105,1.2,-0.0
1103,2013-04-16 23:30:00,0.0738157331943512,0.139047309756279,1.0823519229888916,0.0,0.0,0.7140000000000001,0.3469526902437209,-0.0
1104,2013-04-17 00:00:00,0.36728379130363464,1.179197907447815,1.0380358695983887,0.0,1.088,0.042,0.5968967120647428,-0.0
1105,2013-04-17 00:30:00,1.0718294382095337,1.1740394830703735,0.8696415424346924,0.0,1.263,0.031,0.3303584575653076,-0.04448913647651668
1106,2013-04-17 01:00:00,1.2000000476837158,1.2000000476837158,0.9643060564994812,0.0,1.263,0.162,0.31428303718566897,-0.0
1107,2013-04-17 01:30:00,1.2000000476837158,1.1230512857437134,1.0561463832855225,0.0,0.975,0.146,0.7273826398849484,-0.0
1108,2013-04-17 02:00:00,0.894291877746582,0.9545782208442688,0.5556754469871521,0.0,0.094,0.139,0.9576564993858343,-0.0
1109,2013-04-17 02:30:00,0.6526539921760559,0.3634812831878662,0.7521772384643555,0.0,1.15,0.032,0.4478227615356445,-0.03630170434951794
1110,2013-04-17 03:00:00,1.1927520036697388,1.102565884590149,0.8191195726394653,0.0,0.0,0.112,1.2,-0.0
1111,2013-04-17 03:30:00,0.3327285647392273,0.0,1.1431463956832886,0.0,0.0,0.711,0.489,-0.0
1112,2013-04-17 04:00:00,0.3805566430091858,0.918104350566864,0.9572432637214661,0.0,0.963,0.106,0.6348956494331358,-0.0
1113,2013-04-17 04:30:00,0.8259562849998474,1.0118067264556885,0.6508618593215942,0.0,0.0,0.028,1.2,-0.0
1114,2013-04-17 05:00:00,0.1630714237689972,0.0,1.1650346517562866,0.0,0.0,0.105,1.095,-0.0
1115,2013-04-17 05:30:00,0.08436000347137451,0.0,0.891523540019989,0.0,0.0,0.698,0.397,-0.0
1116,2013-04-17 06:00:00,0.5166751742362976,0.9629755020141602,1.0324536561965942,0.0,0.0,0.1,1.2,-0.0
1117,2013-04-17 06:30:00,0.04554343223571777,0.18056795001029968,1.1556389331817627,0.0,0.0,0.028,0.9914320499897002,-0.0
1118,2013-04-17 07:00:00,0.019419759511947632,0.19504719972610474,0.6779001355171204,0.006,0.0,0.103,0.8944320499897003,-0.0
1119,2013-04-17 07:30:00,0.016503741964697838,0.2845662534236908,0.8826057314872742,0.031,0.0,0.245,0.6804320499897003,-0.0
1120,2013-04-17 08:00:00,0.869209349155426,0.5542627573013306,0.9359872341156006,0.044,0.0,0.644,0.9528731427192686,-0.0
1121,2013-04-17 08:30:00,0.9313470721244812,0.3153465986251831,1.1164119243621826,0.2,0.0,0.304,0.8488731427192686,-0.0
1122,2013-04-17 09:00:00,0.2858995497226715,0.43914178013801575,0.9634082317352295,0.419,0.0,0.13,1.1378731427192688,-0.0
1123,2013-04-17 09:30:00,0.27907177805900574,0.8788349032402039,0.4923427104949951,0.5379999999999999,0.0,0.058,1.2,-0.0
1124,2013-04-17 10:00:00,0.18715691566467285,1.003495693206787,0.5460355281829834,0.7440000000000001,0.0,0.35100000000000003,1.2,-0.0
1125,2013-04-17 10:30:00,0.5166196823120117,0.21676284074783325,1.0656955242156982,0.9,0.0,0.102,1.2,-0.0
1126,2013-04-17 11:00:00,0.25533121824264526,1.06851327419281,0.6476637721061707,0.938,0.0,0.122,1.2,-0.0
1127,2013-04-17 11:30:00,0.24724097549915314,1.130440354347229,0.5788472890853882,1.081,0.0,0.362,1.2,-0.0
1128,2013-04-17 12:00:00,0.31622689962387085,0.760115385055542,0.8724358677864075,0.638,0.0,0.21600000000000005,1.2,-0.0
1129,2013-04-17 12:30:00,0.3725906014442444,0.8717369437217712,0.699592649936676,1.444,0.0,0.233,1.2,-0.0
1130,2013-04-17 13:00:00,0.08408354967832565,1.2000000476837158,0.37762612104415894,1.556,0.0,0.189,1.2,-0.0
1131,2013-04-17 13:30:00,0.035704150795936584,1.2000000476837158,0.36315929889678955,1.3130000000000002,0.0,0.036000000000000004,1.2,-0.0
1132,2013-04-17 14:00:00,0.041679006069898605,1.1826368570327759,0.4368923008441925,0.494,0.0,0.179,1.2,-0.0
1133,2013-04-17 14:30:00,0.2935527563095093,0.9771105647087097,0.5322988629341125,0.731,0.0,0.109,1.2,-0.0
1134,2013-04-17 15:00:00,0.3340960144996643,1.1183712482452393,0.6490216851234436,0.269,0.0,0.155,1.045,-0.0
1135,2013-04-17 15:30:00,0.28764837980270386,0.879838228225708,0.6833904385566711,0.463,0.0,0.081,1.2,-0.0
1136,2013-04-17 16:00:00,0.257329523563385,0.9904046654701233,0.4850509762763977,0.4,0.0,0.109,1.2,-0.0
1137,2013-04-17 16:30:00,0.36513251066207886,0.983968198299408,0.5167942643165588,0.131,0.0,0.191,1.009,-0.0
1138,2013-04-17 17:00:00,0.8436744213104248,0.344556987285614,1.0552549362182617,0.05,0.0,0.161,0.8979999999999999,-0.0
1139,2013-04-17 17:30:00,0.870790958404541,0.30983659625053406,0.8535818457603455,0.006,0.0,0.155,0.7489999999999999,-0.0
1140,2013-04-17 18:00:00,0.0,0.29430487751960754,0.47993990778923035,0.0,0.0,0.21,0.5389999999999999,-0.0
1141,2013-04-17 18:30:00,1.0025562047958374,0.858420729637146,0.5937283635139465,0.0,0.0,0.093,0.5007283635139466,-0.0
1142,2013-04-17 19:00:00,1.1868385076522827,0.8379486203193665,0.5061964392662048,0.0,0.0,0.118,0.38819643926620484,-0.0
1143,2013-04-17 19:30:00,1.111980676651001,0.834850013256073,0.472113698720932,0.0,0.0,0.196,0.276113698720932,-0.0
1144,2013-04-17 20:00:00,0.16478286683559418,1.0218180418014526,0.46747109293937683,0.0,0.0,0.191,0.27647109293937683,-0.0
1145,2013-04-17 20:30:00,0.1639547199010849,1.0439903736114502,0.44393390417099,0.0,0.0,0.27,0.17393390417098997,-0.0
1146,2013-04-17 21:00:00,0.0,1.152780294418335,0.8087578415870667,0.0,0.0,0.175,0.6337578415870666,-0.0
1147,2013-04-17 21:30:00,0.2000296413898468,0.6406808495521545,0.6381850242614746,0.0,0.0,0.259,0.3791850242614746,-0.0
1148,2013-04-17 22:00:00,0.5423394441604614,0.9963176846504211,0.5468860268592834,0.0,0.0,0.172,0.37488602685928346,-0.0
1149,2013-04-17 22:30:00,0.9912036061286926,0.947113573551178,0.5277167558670044,0.0,0.0,0.19,0.3377167558670044,-0.0
1150,2013-04-17 23:00:00,0.7730115056037903,0.9799715876579285,0.4823188781738281,0.0,0.0,0.037000000000000005,1.2,-0.0
1151,2013-04-17 23:30:00,0.0,0.07315747439861298,1.0282700061798096,0.0,0.0,0.79,0.33684252560138694,-0.0
1152,2013-04-18 00:00:00,0.4265500605106354,1.1586358547210693,1.080826759338379,0.0,1.081,0.06,0.6266790940761566,-0.0
1153,2013-04-18 00:30:00,0.7691558599472046,1.117608666419983,0.7869423627853394,0.0,1.263,0.105,0.4130576372146606,-0.07305244917869569
1154,2013-04-18 01:00:00,1.107110857963562,1.123067855834961,1.0326098203659058,0.0,1.263,0.052000000000000005,0.33581686973571784,-0.0
1155,2013-04-18 01:30:00,0.9929043650627136,1.2000000476837158,1.1161173582077026,0.0,0.494,0.319,0.9153662128448485,-0.0
1156,2013-04-18 02:00:00,1.1080888509750366,0.16154855489730835,0.5880705118179321,0.0,0.556,0.544,0.48884425592422476,-0.15982780430793764
1157,2013-04-18 02:30:00,0.7559877038002014,1.1982231140136719,1.085634469985962,0.0,0.6629999999999999,0.57,0.1910883741378785,-0.0
1158,2013-04-18 03:00:00,1.1140269041061401,1.2000000476837158,0.8227661848068237,0.0,0.0,0.5489999999999999,1.2,-0.0
1159,2013-04-18 03:30:00,1.1730246543884277,0.05893028900027275,1.1673915386199951,0.0,0.031,0.956,0.15406971099972733,-0.0
1160,2013-04-18 04:00:00,0.822210967540741,1.2000000476837158,1.147911548614502,0.0,0.975,0.303,0.8138605303168298,-0.0
1161,2013-04-18 04:30:00,0.7668887972831726,0.49415236711502075,0.5543528199195862,0.0,0.0,0.07,1.2,-0.0
1162,2013-04-18 05:00:00,0.0038329842500388622,0.07775922864675522,0.9930701851844788,0.0,0.0,0.083,1.0392407713532448,-0.0
1163,2013-04-18 05:30:00,0.01922597363591194,0.17525842785835266,0.6550993323326111,0.0,0.0,0.73,0.6162600294351577,-0.0
1164,2013-04-18 06:00:00,0.3544190227985382,0.7468699216842651,0.6359197497367859,0.0,0.0,0.091,1.2,-0.0
1165,2013-04-18 06:30:00,0.03417738527059555,0.2261153757572174,1.1136512756347656,0.0,0.0,0.056,0.9178846242427825,-0.0
1166,2013-04-18 07:00:00,0.0,0.4365459084510803,0.7179486155509949,0.006,0.0,0.094,1.2,-0.0
1167,2013-04-18 07:30:00,0.001232135109603405,0.24548199772834778,1.1173253059387207,0.044,0.0,0.095,0.9022858671620488,-0.0
1168,2013-04-18 08:00:00,0.8149895668029785,0.4737684428691864,0.8745861053466797,0.056,0.0,0.202,1.0076598228067157,-0.0
1169,2013-04-18 08:30:00,0.8611014485359192,0.5209910273551941,1.1822305917739868,0.163,0.0,0.389,0.7932305917739868,-0.0
1170,2013-04-18 09:00:00,0.3502439260482788,0.6837124228477478,0.9521045088768005,0.406,0.0,0.076,1.123230591773987,-0.0
1171,2013-04-18 09:30:00,0.23657748103141785,1.0443313121795654,0.5116162300109863,0.525,0.0,0.076,1.2,-0.0
1172,2013-04-18 10:00:00,0.22861140966415405,1.0761605501174927,0.5580314993858337,0.731,0.0,0.078,1.2,-0.0
1173,2013-04-18 10:30:00,0.25008705258369446,1.1803560256958008,0.6949135661125183,0.8059999999999999,0.0,0.114,1.2,-0.0
1174,2013-04-18 11:00:00,0.3222324848175049,1.1789984703063965,0.6879531145095825,0.769,0.0,0.466,1.1807675151824952,-0.0
1175,2013-04-18 11:30:00,0.4931980073451996,0.16845673322677612,1.056787133216858,1.025,0.0,0.6759999999999999,1.0942669622898098,-0.0
1176,2013-04-18 12:00:00,0.15344804525375366,0.10946376621723175,0.8204250931739807,1.206,0.0,1.047,1.2,-0.0
1177,2013-04-18 12:30:00,0.0661127120256424,0.04983951523900032,0.768327534198761,1.044,0.0,0.214,1.2,-0.0
1178,2013-04-18 13:00:00,0.1564919352531433,1.1852861642837524,0.5860009789466858,1.163,0.0,0.194,1.2,-0.0
1179,2013-04-18 13:30:00,0.07478954643011093,1.176670789718628,0.4801301658153534,1.356,0.0,0.277,1.2,-0.0
1180,2013-04-18 14:00:00,0.07636217027902603,1.2000000476837158,0.41369181871414185,0.981,0.0,0.13699999999999998,1.2,-0.0
1181,2013-04-18 14:30:00,0.15532603859901428,1.198225975036621,0.53305983543396,0.25,0.0,0.225,1.0696739614009858,-0.0
1182,2013-04-18 15:00:00,0.27758994698524475,0.8679147958755493,0.907611608505249,0.625,0.0,0.242,1.2,-0.0
1183,2013-04-18 15:30:00,0.33028334379196167,0.8327724933624268,0.7423490285873413,0.825,0.0,0.303,1.2,-0.0
1184,2013-04-18 16:00:00,0.4297753870487213,0.5523219108581543,0.9661649465560913,0.6,0.0,0.239,1.1312246129512786,-0.0
1185,2013-04-18 16:30:00,0.34851497411727905,0.7827826738357544,0.7537902593612671,0.263,0.0,0.274,0.9947753870487213,-0.0
1186,2013-04-18 17:00:00,0.27991801500320435,0.7067387700080872,0.9378005266189575,0.056,0.0,0.519,0.5317753870487213,-0.0
1187,2013-04-18 17:30:00,1.0239874124526978,0.9434679746627808,0.5645884275436401,0.013,0.0,0.101,0.46358842754364016,-0.0
1188,2013-04-18 18:00:00,1.2000000476837158,0.9114473462104797,0.5287154912948608,0.0,0.0,0.361,0.16771549129486085,-0.0
1189,2013-04-18 18:30:00,0.05305846780538559,1.2000000476837158,0.9471799731254578,0.0,0.0,0.785,0.16217997312545773,-0.0
1190,2013-04-18 19:00:00,0.519260048866272,1.2000000476837158,1.1609609127044678,0.0,0.0,0.341,0.8199609127044678,-0.0
1191,2013-04-18 19:30:00,0.23505452275276184,0.46633380651474,1.069934606552124,0.0,0.0,0.172,0.8979346065521241,-0.0
1192,2013-04-18 20:00:00,0.04083668068051338,0.15984390676021576,0.6945800185203552,0.0,0.0,0.255,0.6429346065521241,-0.0
1193,2013-04-18 20:30:00,0.22704891860485077,0.6090673804283142,0.708526074886322,0.0,0.0,0.214,0.49452607488632205,-0.0
1194,2013-04-18 21:00:00,0.9946420192718506,0.9560747146606445,0.6442053318023682,0.0,0.0,0.224,0.4202053318023682,-0.0
1195,2013-04-18 21:30:00,0.7914758920669556,0.976325273513794,0.6283917427062988,0.0,0.0,0.226,0.40239174270629885,-0.0
1196,2013-04-18 22:00:00,0.712724506855011,1.0110646486282349,0.5978057384490967,0.0,0.0,0.126,0.4718057384490967,-0.0
1197,2013-04-18 22:30:00,1.0834174156188965,0.932535707950592,0.638637125492096,0.0,0.0,0.085,0.553637125492096,-0.0
1198,2013-04-18 23:00:00,1.1133803129196167,0.9121209979057312,0.6636457443237305,0.0,0.0,0.063,1.2,-0.0
1199,2013-04-18 23:30:00,0.0,0.25535136461257935,1.2000000476837158,0.0,0.0,0.752,0.19264868307113647,-0.0
1200,2013-04-19 00:00:00,0.5697161555290222,1.2000000476837158,1.1981521844863892,0.0,1.075,0.589,0.3507025861740112,-0.0
1201,2013-04-19 00:30:00,1.1230722665786743,1.1963634490966797,0.8884007930755615,0.0,1.238,0.07400000000000001,0.3902313785552978,-0.0
1202,2013-04-19 01:00:00,0.9723333120346069,1.2000000476837158,1.1715351343154907,0.0,1.256,0.062,0.3015371952056885,-0.0
1203,2013-04-19 01:30:00,1.012230634689331,1.2000000476837158,1.1377445459365845,0.0,0.256,0.071,1.2,-0.0
1204,2013-04-19 02:00:00,0.2945393919944763,0.024612875655293465,1.124426245689392,0.0,0.6559999999999999,0.065,0.45438712434470657,-0.0
1205,2013-04-19 02:30:00,1.092689871788025,0.8915857076644897,0.861529529094696,0.0,0.55,0.065,1.1846400436460969,-0.0
1206,2013-04-19 03:00:00,0.2199910283088684,0.0,1.004801630973816,0.0,0.0,0.075,1.109640043646097,-0.0
1207,2013-04-19 03:30:00,0.02408497966825962,0.028232548385858536,0.9787957072257996,0.0,0.0,0.731,0.37864004364609694,-0.0
1208,2013-04-19 04:00:00,0.3517289459705353,1.1166095733642578,1.1135135889053345,0.0,0.975,0.079,0.6721103393435481,-0.0
1209,2013-04-19 04:30:00,0.7759681344032288,0.9193704128265381,0.6577834486961365,0.0,0.013,0.05,1.2,-0.0
1210,2013-04-19 05:00:00,0.3567975163459778,0.0,1.183191180229187,0.0,0.0,0.08900000000000001,1.111,-0.0
1211,2013-04-19 05:30:00,0.06454785168170929,0.004155926406383514,0.9802971482276917,0.0,0.0,0.7090000000000001,0.4019999999999999,-0.0
1212,2013-04-19 06:00:00,0.4627360701560974,1.050297498703003,0.9963228702545166,0.0,0.0,0.096,1.2,-0.0
1213,2013-04-19 06:30:00,0.11916244029998779,0.3188090920448303,1.2000000476837158,0.0,0.0,0.03,0.8511909556388855,-0.0
1214,2013-04-19 07:00:00,0.5712292194366455,0.6698017120361328,0.86390221118927,0.013,0.0,0.1,1.1018163766860962,-0.0
1215,2013-04-19 07:30:00,0.1580222249031067,0.47724995017051697,1.1816771030426025,0.044,0.0,0.092,0.7391172964572904,-0.0
1216,2013-04-19 08:00:00,1.2000000476837158,0.6107776761054993,1.0156210660934448,0.044,0.0,0.21,1.2,-0.0
1217,2013-04-19 08:30:00,0.6745171546936035,0.29233792424201965,1.2000000476837158,0.16899999999999998,0.0,0.362,0.8380000476837158,-0.0
1218,2013-04-19 09:00:00,0.3526519238948822,0.5129707455635071,1.0530118942260742,0.406,0.0,0.094,1.1500000476837158,-0.0
1219,2013-04-19 09:30:00,0.2839835584163666,0.9415900111198425,0.4930461645126343,0.575,0.0,0.17,1.2,-0.0
1220,2013-04-19 10:00:00,0.2664199471473694,0.8715724945068359,0.6155654788017273,0.763,0.0,0.31,1.2,-0.0
1221,2013-04-19 10:30:00,0.4384990334510803,0.3194872736930847,1.035561203956604,0.875,0.0,0.355,1.2,-0.0
1222,2013-04-19 11:00:00,0.393189013004303,0.3651738166809082,1.0783464908599854,0.938,0.0,0.394,1.2,-0.0
1223,2013-04-19 11:30:00,0.3683917820453644,0.3831195533275604,1.0275551080703735,1.131,0.0,0.495,1.2,-0.0
1224,2013-04-19 12:00:00,0.24838683009147644,0.6840177178382874,0.815895676612854,1.231,0.0,0.415,1.2,-0.0
1225,2013-04-19 12:30:00,0.1638021022081375,1.1397385597229004,0.7019355297088623,0.931,0.0,0.799,1.1681978977918623,-0.0
1226,2013-04-19 13:00:00,0.10139180719852448,0.038684796541929245,0.6178362369537354,0.75,0.0,0.603,1.2,-0.0
1227,2013-04-19 13:30:00,0.15624329447746277,0.11230751872062683,0.8372871279716492,0.7,0.0,0.375,1.2,-0.0
1228,2013-04-19 14:00:00,0.4829719066619873,0.4964631497859955,1.0842771530151367,0.506,0.0,0.044,1.1790280933380126,-0.0
1229,2013-04-19 14:30:00,0.21896708011627197,1.1488456726074219,0.5766298174858093,0.7440000000000001,0.0,0.999,0.7679767332077029,-0.0
1230,2013-04-19 15:00:00,0.47980576753616333,0.028121449053287506,1.058709979057312,0.888,0.0,1.528,0.9442407660484309,-0.0
1231,2013-04-19 15:30:00,0.25443482398986816,0.06842931360006332,1.2000000476837158,0.438,0.0,1.262,0.12156522369384759,-0.0
1232,2013-04-19 16:00:00,0.548431932926178,0.06227140873670578,1.2000000476837158,0.613,0.0,0.968,0.29656811475753786,-0.0
1233,2013-04-19 16:30:00,0.9590779542922974,0.02715594507753849,1.2000000476837158,0.269,0.0,1.162,0.0380000476837159,-0.0
1234,2013-04-19 17:00:00,0.6048653721809387,0.03921002149581909,1.2000000476837158,0.056,0.0,0.96,0.24000004768371586,-0.0
1235,2013-04-19 17:30:00,0.9243497252464294,1.2000000476837158,1.2000000476837158,0.006,0.0,0.154,1.046000047683716,-0.0
1236,2013-04-19 18:00:00,0.11610084027051926,0.1365242600440979,0.9287341833114624,0.0,0.0,0.369,0.6770000476837159,-0.0
1237,2013-04-19 18:30:00,0.40067625045776367,0.7370560169219971,0.8543295860290527,0.0,0.0,0.779,0.07532958602905271,-0.0
1238,2013-04-19 19:00:00,0.865206241607666,1.2000000476837158,1.1327390670776367,0.0,0.0,0.19,0.9427390670776368,-0.0
1239,2013-04-19 19:30:00,0.00778013002127409,0.17221945524215698,0.7782347202301025,0.0,0.0,0.223,0.7197390670776368,-0.0
1240,2013-04-19 20:00:00,0.08513358980417252,0.49264290928840637,0.6345404982566833,0.0,0.0,0.247,0.4727390670776368,-0.0
1241,2013-04-19 20:30:00,0.9561112523078918,0.9424028992652893,0.6149483323097229,0.0,0.0,0.192,0.4229483323097229,-0.0
1242,2013-04-19 21:00:00,1.0057238340377808,0.9445136189460754,0.5507614016532898,0.0,0.0,0.222,0.3287614016532898,-0.0
1243,2013-04-19 21:30:00,0.3223235309123993,1.001427412033081,0.4452705979347229,0.0,0.0,0.053,0.3922705979347229,-0.0
1244,2013-04-19 22:00:00,1.1926524639129639,0.910683810710907,0.4624345898628235,0.0,0.0,0.128,0.3344345898628235,-0.0
1245,2013-04-19 22:30:00,0.8505573272705078,0.9591653943061829,0.40490344166755676,0.0,0.0,0.035,0.36990344166755673,-0.0
1246,2013-04-19 23:00:00,1.1827287673950195,0.880196213722229,0.45253685116767883,0.0,0.0,0.342,1.2,-0.0
1247,2013-04-19 23:30:00,1.137573480606079,0.0,1.2000000476837158,0.0,0.0,1.186,0.014000047683715877,-0.0
1248,2013-04-20 00:00:00,1.0964958667755127,1.2000000476837158,1.1967544555664062,0.0,1.081,0.121,1.1699998569488526,-0.0
1249,2013-04-20 00:30:00,0.5665227770805359,0.05287953466176987,1.0132451057434082,0.0,1.256,0.518,0.18675489425659175,-0.1634234142816067
1250,2013-04-20 01:00:00,1.075193166732788,1.188218355178833,1.2000000476837158,0.0,1.25,0.578,0.21027190399169926,-0.0
1251,2013-04-20 01:30:00,1.2000000476837158,1.1702901124954224,1.048157811164856,0.0,0.138,0.523,1.2,-0.0
1252,2013-04-20 02:00:00,1.2000000476837158,0.0,1.2000000476837158,0.0,0.813,0.568,0.0,-0.048869987125396704
1253,2013-04-20 02:30:00,0.9681167602539062,1.1318989992141724,0.7656741738319397,0.0,0.413,0.529,0.36622482538223267,-0.22075248253822327
1254,2013-04-20 03:00:00,0.5385109782218933,1.1200387477874756,0.623130738735199,0.0,0.0,0.5589999999999999,1.188511601448059,-0.0
1255,2013-04-20 03:30:00,1.2000000476837158,0.0,1.2000000476837158,0.0,0.0,1.217,0.0,-0.0045899871253967505
1256,2013-04-20 04:00:00,1.1641483306884766,1.13694429397583,1.2000000476837158,0.0,0.919,0.248,0.0,-0.15255442462921143
1257,2013-04-20 04:30:00,1.1663278341293335,0.0,0.5840613842010498,0.0,0.08800000000000001,0.114,0.3820613842010498,-0.0
1258,2013-04-20 05:00:00,1.2000000476837158,0.8221041560173035,0.6093044281005859,0.0,0.0,0.117,1.2,-0.0
1259,2013-04-20 05:30:00,0.010031908750534058,0.0,1.099609375,0.0,0.0,0.812,0.3879999999999999,-0.0
1260,2013-04-20 06:00:00,0.5785858631134033,1.0592762231826782,1.0451165437698364,0.0,0.0,0.062,1.2,-0.0
1261,2013-04-20 06:30:00,0.056280408054590225,0.2257109433412552,1.1764470338821411,0.0,0.0,0.07200000000000001,0.9022890566587447,-0.0
1262,2013-04-20 07:00:00,0.057316940277814865,0.35374268889427185,0.8576055765151978,0.0,0.0,0.068,1.2,-0.0
1263,2013-04-20 07:30:00,0.019718611612915993,0.020302698016166687,1.0706924200057983,0.0,0.0,0.181,0.9986973019838332,-0.0
1264,2013-04-20 08:00:00,0.047544725239276886,0.15743514895439148,0.8209468722343445,0.0,0.0,0.145,0.8536973019838332,-0.0
1265,2013-04-20 08:30:00,0.06199498847126961,0.3638807535171509,0.9178547859191895,0.0,0.0,0.34700000000000003,0.5708547859191895,-0.0
1266,2013-04-20 09:00:00,0.4287785589694977,0.7556196451187134,0.8050563335418701,0.0,0.0,0.109,0.6960563335418701,-0.0
1267,2013-04-20 09:30:00,0.052182234823703766,0.4686811566352844,0.5048314332962036,0.0,0.0,0.084,0.6120563335418701,-0.0
1268,2013-04-20 10:00:00,1.0027666091918945,0.8861662745475769,0.5228993892669678,0.0,0.0,0.375,0.23705633354187006,-0.0
1269,2013-04-20 10:30:00,0.06014658510684967,1.2000000476837158,0.8456640839576721,0.0,0.0,0.404,0.4416640839576721,-0.0
1270,2013-04-20 11:00:00,0.36723649501800537,0.9591342210769653,0.7306753396987915,0.0,0.0,0.344,0.38667533969879153,-0.0
1271,2013-04-20 11:30:00,0.3168239891529083,0.9881434440612793,0.6115708351135254,0.0,0.0,0.31,0.3015708351135254,-0.0
1272,2013-04-20 12:00:00,0.13265712559223175,1.1137182712554932,0.6512802243232727,0.0,0.0,0.342,0.3092802243232727,-0.0
1273,2013-04-20 12:30:00,0.12601180374622345,1.0827503204345703,0.7165541052818298,0.0,0.0,0.841,0.0,-0.03360039157390594
1274,2013-04-20 13:00:00,1.005495309829712,1.1530362367630005,1.1116679906845093,0.0,0.0,0.303,0.8086679906845093,-0.0
1275,2013-04-20 13:30:00,0.13590389490127563,0.5426349639892578,0.9845618009567261,0.0,0.0,0.147,0.837561800956726,-0.0
1276,2013-04-20 14:00:00,0.0,0.3518272340297699,0.5459045767784119,0.0,0.0,1.23,0.2916572241783142,-0.1847057642698288
1277,2013-04-20 14:30:00,0.9412093758583069,1.2000000476837158,0.8122236132621765,0.0,0.0,1.64,0.0,-0.22349962441921234
1278,2013-04-20 15:00:00,1.1780576705932617,1.1982179880142212,1.0193313360214233,0.0,0.0,1.72,0.0,-0.18918053927421571
1279,2013-04-20 15:30:00,1.1724636554718018,1.1663583517074585,1.078302264213562,0.0,0.0,1.641,0.0,-0.15192838866233827
1280,2013-04-20 16:00:00,1.1808322668075562,1.1660629510879517,1.072810411453247,0.138,0.0,0.642,0.43081041145324706,-0.0
1281,2013-04-20 16:30:00,1.171919822692871,0.9453503489494324,0.5259100198745728,0.225,0.0,0.069,0.5868104114532471,-0.0
1282,2013-04-20 17:00:00,1.2000000476837158,1.0673868656158447,0.6838991045951843,0.08800000000000001,0.0,0.112,0.5718991045951843,-0.0
1283,2013-04-20 17:30:00,1.1801667213439941,0.9176918268203735,0.5455541610717773,0.019,0.0,0.053,0.5378991045951844,-0.0
1284,2013-04-20 18:00:00,1.2000000476837158,0.9611781239509583,0.5240288972854614,0.0,0.0,0.508,0.02989910459518441,-0.0
1285,2013-04-20 18:30:00,0.10612919926643372,1.2000000476837158,0.9959695935249329,0.0,0.0,0.202,0.7939695935249329,-0.0
1286,2013-04-20 19:00:00,0.007916087284684181,0.3685634434223175,0.5806893110275269,0.0,0.0,0.197,0.5969695935249328,-0.0
1287,2013-04-20 19:30:00,0.7362714409828186,0.7493876814842224,0.5720238089561462,0.0,0.0,0.257,0.33996959352493283,-0.0
1288,2013-04-20 20:00:00,0.33925753831863403,1.0059670209884644,0.3783157169818878,0.0,0.0,0.173,0.20531571698188783,-0.0
1289,2013-04-20 20:30:00,0.06949492543935776,1.0537868738174438,0.39442551136016846,0.0,0.0,0.263,0.13142551136016845,-0.0
1290,2013-04-20 21:00:00,0.03659160062670708,1.1962486505508423,0.6610116958618164,0.0,0.0,0.171,0.49001169586181637,-0.0
1291,2013-04-20 21:30:00,1.2000000476837158,0.9585838913917542,0.49839556217193604,0.0,0.0,0.15,0.348395562171936,-0.0
1292,2013-04-20 22:00:00,0.9987828731536865,0.9732043147087097,0.31092962622642517,0.0,0.0,0.057,0.291395562171936,-0.0
1293,2013-04-20 22:30:00,1.1520984172821045,0.8888199329376221,0.2808910012245178,0.0,0.0,0.124,0.16739556217193602,-0.0
1294,2013-04-20 23:00:00,0.08037146925926208,1.0594573020935059,0.3446817994117737,0.0,0.0,0.032,1.2,-0.0
1295,2013-04-20 23:30:00,0.04090877249836922,0.0,1.041941523551941,0.0,0.0,0.825,0.375,-0.0
1296,2013-04-21 00:00:00,0.41684406995773315,1.0801887512207031,0.9593746066093445,0.0,1.081,0.593,0.24062539339065547,-0.03909981904506684
1297,2013-04-21 00:30:00,1.0640259981155396,1.112192153930664,0.7581837177276611,0.0,1.263,0.139,0.604557059288025,-0.0
1298,2013-04-21 01:00:00,0.9094441533088684,1.0625702142715454,0.6516827940940857,0.0,1.231,0.044,0.5483172059059143,-0.056980153875350985
1299,2013-04-21 01:30:00,1.2000000476837158,0.9241369962692261,0.840871274471283,0.0,0.7190000000000001,0.09,0.7702285919189452,-0.0
1300,2013-04-21 02:00:00,0.708200216293335,0.7175949811935425,0.45833346247673035,0.0,0.131,0.043,1.167947834968567,-0.0
1301,2013-04-21 02:30:00,0.19293555617332458,0.0,1.2000000476837158,0.0,1.075,0.093,0.032000047683715865,-0.0
1302,2013-04-21 03:00:00,0.9366927742958069,1.1469675302505493,1.156043291091919,0.0,0.0,0.039,0.022924286842346264,-0.008079544572830201
1303,2013-04-21 03:30:00,1.198417067527771,0.0,1.1839370727539062,0.0,0.0,0.768,0.41593707275390623,-0.0
1304,2013-04-21 04:00:00,0.3081461191177368,1.0610878467559814,1.0492024421691895,0.0,0.406,0.028,1.2,-0.0
1305,2013-04-21 04:30:00,0.24719160795211792,0.004456444177776575,1.1460754871368408,0.0,0.613,0.095,0.4875435558222234,-0.0
1306,2013-04-21 05:00:00,0.9710001349449158,0.9425954818725586,0.9383164644241333,0.0,0.0,0.5820000000000001,1.1003174064829944,-0.0
1307,2013-04-21 05:30:00,1.2000000476837158,0.07306917011737823,1.2000000476837158,0.0,0.0,1.166,0.0,-0.010548663057088832
1308,2013-04-21 06:00:00,1.1916260719299316,1.2000000476837158,1.2000000476837158,0.0,0.0,0.579,1.2,-0.0
1309,2013-04-21 06:30:00,1.1884595155715942,0.05665692314505577,1.2000000476837158,0.0,0.0,0.094,1.04934312453866,-0.0
1310,2013-04-21 07:00:00,0.0,0.19784608483314514,1.047954797744751,0.006,0.0,0.043,1.2,-0.0
1311,2013-04-21 07:30:00,0.0,0.06876873224973679,1.174338936805725,0.025,0.0,0.08199999999999999,1.074231267750263,-0.0
1312,2013-04-21 08:00:00,0.0,0.27386918663978577,0.9087247252464294,0.038,0.0,0.107,1.1086682778596881,-0.0
1313,2013-04-21 08:30:00,0.002879031002521515,0.41464030742645264,1.0566636323928833,0.056,0.0,0.418,0.7466682778596883,-0.0
1314,2013-04-21 09:00:00,0.36940890550613403,0.7224536538124084,0.7670972347259521,0.35,0.0,0.133,0.9636682778596883,-0.0
1315,2013-04-21 09:30:00,0.18183891475200653,0.8982651829719543,0.579084575176239,0.525,0.0,0.066,1.2,-0.0
1316,2013-04-21 10:00:00,0.05905500799417496,1.1131709814071655,0.5211743116378784,0.75,0.0,0.562,1.2,-0.0
1317,2013-04-21 10:30:00,0.0010247230529785156,0.09369765967130661,0.9536370038986206,0.8440000000000001,0.0,0.067,1.2,-0.0
1318,2013-04-21 11:00:00,0.12322288751602173,1.1774046421051025,0.7208670377731323,0.994,0.0,0.122,1.2,-0.0
1319,2013-04-21 11:30:00,0.06408853828907013,1.2000000476837158,0.7137058973312378,1.075,0.0,0.09,1.2,-0.0
1320,2013-04-21 12:00:00,0.030878696590662003,1.2000000476837158,0.6413900256156921,1.331,0.0,0.117,1.2,-0.0
1321,2013-04-21 12:30:00,0.0,1.2000000476837158,0.5441621541976929,1.094,0.0,0.033,1.2,-0.0
1322,2013-04-21 13:00:00,0.010057589039206505,1.2000000476837158,0.6476516127586365,0.688,0.0,0.106,1.2,-0.0
1323,2013-04-21 13:30:00,0.16805730760097504,1.2000000476837158,0.6314031481742859,0.8690000000000001,0.0,0.035,1.2,-0.0
1324,2013-04-21 14:00:00,0.13447846472263336,1.2000000476837158,0.6675936579704285,0.794,0.0,0.105,1.2,-0.0
1325,2013-04-21 14:30:00,0.21186590194702148,1.2000000476837158,0.6547653675079346,1.138,0.0,0.034,1.2,-0.0
1326,2013-04-21 15:00:00,0.01418306864798069,1.2000000476837158,0.6014784574508667,1.106,0.0,0.107,1.2,-0.0
1327,2013-04-21 15:30:00,0.07894875854253769,1.2000000476837158,0.6607099771499634,0.7190000000000001,0.0,0.041,1.2,-0.0
1328,2013-04-21 16:00:00,0.19296836853027344,1.2000000476837158,0.6587006449699402,0.319,0.0,0.1,1.2,-0.0
1329,2013-04-21 16:30:00,0.2129385769367218,1.0221182107925415,0.5660218000411987,0.131,0.0,0.059,1.141,-0.0
1330,2013-04-21 17:00:00,0.318015992641449,0.5488867163658142,1.022216558456421,0.05,0.0,0.165,1.026,-0.0
1331,2013-04-21 17:30:00,0.7608359456062317,0.26458311080932617,0.9915626645088196,0.006,0.0,0.124,0.908,-0.0
1332,2013-04-21 18:00:00,0.0,0.24940907955169678,0.5878977179527283,0.0,0.0,0.16699999999999998,0.7410000000000001,-0.0
1333,2013-04-21 18:30:00,0.0017528152093291283,0.4041023552417755,0.61256343126297,0.0,0.0,0.451,0.2900000000000001,-0.0
1334,2013-04-21 19:00:00,0.09899763762950897,1.196766972541809,0.9210708737373352,0.0,0.0,0.16399999999999998,0.7570708737373353,-0.0
1335,2013-04-21 19:30:00,0.0,0.4241296648979187,0.5831354260444641,0.0,0.0,0.35700000000000004,0.40007087373733524,-0.0
1336,2013-04-21 20:00:00,0.31810301542282104,0.9983272552490234,0.6719749569892883,0.0,0.0,0.27,0.4019749569892883,-0.0
1337,2013-04-21 20:30:00,0.4584594666957855,0.9932619333267212,0.5980113744735718,0.0,0.0,0.303,0.2950113744735718,-0.0
1338,2013-04-21 21:00:00,0.036457303911447525,1.0519057512283325,0.645992636680603,0.0,0.0,0.234,0.41199263668060304,-0.0
1339,2013-04-21 21:30:00,0.7559777498245239,0.9538881182670593,0.5817363262176514,0.0,0.0,0.2,0.38173632621765136,-0.0
1340,2013-04-21 22:00:00,0.7495474815368652,0.9087365865707397,0.5618818998336792,0.0,0.0,0.163,0.39888189983367917,-0.0
1341,2013-04-21 22:30:00,0.9744052290916443,0.8907588124275208,0.5412214398384094,0.0,0.0,0.046,0.49522143983840944,-0.0
1342,2013-04-21 23:00:00,1.1087828874588013,0.8565596342086792,0.6316651701927185,0.0,0.0,0.397,1.2,-0.0
1343,2013-04-21 23:30:00,1.0900745391845703,0.002610543742775917,1.2000000476837158,0.0,0.0,1.181,0.016389503940939854,-0.0
1344,2013-05-13 00:00:00,1.1016546487808228,1.2000000476837158,1.2000000476837158,0.0,1.063,0.11,1.1942209921181204,-0.0
1345,2013-05-13 00:30:00,0.4829673767089844,0.026539864018559456,1.054760456085205,0.0,1.219,0.146,0.14523954391479488,-0.057342139216959534
1346,2013-05-13 01:00:00,1.086514949798584,1.193189024925232,0.9975144863128662,0.0,0.838,0.129,1.149331887245178,-0.0
1347,2013-05-13 01:30:00,0.45531192421913147,0.030830848962068558,0.9894795417785645,0.0,0.825,0.5429999999999999,0.1906831944286822,-0.11052485293954609
1348,2013-05-13 02:00:00,0.7770829200744629,1.1881935596466064,1.1138187646865845,0.0,0.6,0.534,0.8964400514960289,-0.0
1349,2013-05-13 02:30:00,1.2000000476837158,0.0,0.9712812900543213,0.0,0.6629999999999999,0.584,0.0,-0.07444405168533323
1350,2013-05-13 03:00:00,0.9152191877365112,1.1140601634979248,0.79004967212677,0.0,0.606,0.542,0.3240104913711548,-0.2393410491371155
1351,2013-05-13 03:30:00,0.1726057380437851,1.117372751235962,0.6587972640991211,0.0,0.381,1.219,0.5412027359008789,-0.08278104686737066
1352,2013-05-13 04:00:00,0.7265694737434387,0.872563898563385,0.5997612476348877,0.0,0.325,0.073,1.2,-0.0
1353,2013-05-13 04:30:00,0.2739101052284241,0.0,0.9992095828056335,0.0,0.231,0.09,0.879,-0.0
1354,2013-05-13 05:00:00,0.0662524551153183,0.5159839391708374,0.779552161693573,0.0,0.313,0.056,0.9570160608291625,-0.0
1355,2013-05-13 05:30:00,0.15876591205596924,0.582204282283783,0.7386157512664795,0.0,0.063,1.449,0.46138424873352046,-0.2347975762224197
1356,2013-05-13 06:00:00,0.9731635451316833,1.2000000476837158,0.7166715264320374,0.0,0.238,0.6890000000000001,0.5502314548492431,-0.0
1357,2013-05-13 06:30:00,1.2000000476837158,0.6272360682487488,0.8875498175621033,0.0,0.0,0.095,0.4552314548492431,-0.0
1358,2013-05-13 07:00:00,1.07585608959198,0.9247243404388428,0.8459020256996155,0.0,0.0,0.031,1.2,-0.0
1359,2013-05-13 07:30:00,0.03961341828107834,0.3145541250705719,1.0717207193374634,0.056,0.0,0.095,0.8068324566483498,-0.0
1360,2013-05-13 08:00:00,1.18546462059021,0.5783880352973938,0.9014894962310791,0.094,0.0,0.166,1.0539470514059064,-0.0
1361,2013-05-13 08:30:00,0.64411860704422,0.4304408133029938,1.1230626106262207,0.106,0.0,0.391,0.7689470514059065,-0.0
1362,2013-05-13 09:00:00,0.41377007961273193,0.6984376311302185,0.8317398428916931,0.188,0.0,0.113,0.8439470514059064,-0.0
1363,2013-05-13 09:30:00,0.8866190314292908,0.7709828615188599,0.645728588104248,0.338,0.0,0.094,1.0879470514059064,-0.0
1364,2013-05-13 10:00:00,0.3311827480792999,0.9665680527687073,0.5697644948959351,0.375,0.0,0.128,1.2,-0.0
1365,2013-05-13 10:30:00,0.3739226162433624,1.021793246269226,0.5001469254493713,0.519,0.0,0.079,1.2,-0.0
1366,2013-05-13 11:00:00,0.23299366235733032,1.1303895711898804,0.5770270228385925,0.581,0.0,0.111,1.2,-0.0
1367,2013-05-13 11:30:00,0.2518899440765381,1.1500705480575562,0.6350355744361877,0.606,0.0,0.239,1.2,-0.0
1368,2013-05-13 12:00:00,0.42224693298339844,0.8628926873207092,0.8755220174789429,0.688,0.0,0.192,1.2,-0.0
1369,2013-05-13 12:30:00,0.44302046298980713,1.042684555053711,0.7884430289268494,0.8,0.0,0.052000000000000005,1.2,-0.0
1370,2013-05-13 13:00:00,0.2762502133846283,1.2000000476837158,0.7162988185882568,0.644,0.0,0.09,1.2,-0.0
1371,2013-05-13 13:30:00,0.28381457924842834,1.2000000476837158,0.6257437467575073,0.269,0.0,0.086,1.1139999999999999,-0.0
1372,2013-05-13 14:00:00,0.3055537939071655,1.0052300691604614,0.5904269814491272,0.25,0.0,0.109,1.177,-0.0
1373,2013-05-13 14:30:00,0.35434338450431824,0.9212775826454163,0.6926056742668152,0.225,0.0,0.078,1.145,-0.0
1374,2013-05-13 15:00:00,0.31824591755867004,0.9134006500244141,0.7721306085586548,0.306,0.0,0.14,1.1149999999999998,-0.0
1375,2013-05-13 15:30:00,0.3012126684188843,0.8827978372573853,0.6153334975242615,0.225,0.0,0.063,1.2,-0.0
1376,2013-05-13 16:00:00,0.28634223341941833,0.8886322975158691,0.8357018828392029,0.163,0.0,0.255,0.945,-0.0
1377,2013-05-13 16:30:00,0.5277182459831238,0.5467662811279297,0.9957171082496643,0.05,0.0,0.18,0.8157171082496644,-0.0
1378,2013-05-13 17:00:00,0.6599059104919434,0.43346983194351196,0.7030882239341736,0.006,0.0,0.16399999999999998,0.6577171082496645,-0.0
1379,2013-05-13 17:30:00,0.4130968451499939,0.5599005818367004,0.5121831893920898,0.0,0.0,0.141,0.5167171082496644,-0.0
1380,2013-05-13 18:00:00,1.1452828645706177,0.9246297478675842,0.48511260747909546,0.0,0.0,0.185,0.33171710824966444,-0.0
1381,2013-05-13 18:30:00,0.2384040504693985,1.0042574405670166,0.39779818058013916,0.0,0.0,0.204,0.19379818058013917,-0.0
1382,2013-05-13 19:00:00,0.05232507362961769,1.1154897212982178,0.5587389469146729,0.0,0.0,0.664,0.0,-0.028420484333038343
1383,2013-05-13 19:30:00,0.7210486531257629,1.1671475172042847,1.0018279552459717,0.0,0.0,0.292,0.7098279552459716,-0.0
1384,2013-05-13 20:00:00,0.28786230087280273,0.6179165840148926,0.8372721076011658,0.0,0.0,0.28300000000000003,0.5542721076011657,-0.0
1385,2013-05-13 20:30:00,0.5656263828277588,0.7230471968650818,0.6997402310371399,0.0,0.0,0.269,0.4307402310371399,-0.0
1386,2013-05-13 21:00:00,0.5241764783859253,0.898108720779419,0.5413914322853088,0.0,0.0,0.181,0.36039143228530884,-0.0
1387,2013-05-13 21:30:00,0.6983672976493835,0.9365994334220886,0.42971158027648926,0.0,0.0,0.223,0.20671158027648925,-0.0
1388,2013-05-13 22:00:00,0.03672941401600838,1.0821515321731567,0.6264054775238037,0.0,0.0,0.129,0.4974054775238037,-0.0
1389,2013-05-13 22:30:00,1.2000000476837158,0.9320673942565918,0.5238524079322815,0.0,0.0,0.061,0.4628524079322815,-0.0
1390,2013-05-13 23:00:00,1.2000000476837158,0.9365195035934448,0.47752952575683594,0.0,0.0,0.12,1.2,-0.0
1391,2013-05-13 23:30:00,0.0833689272403717,0.4160851836204529,1.2000000476837158,0.0,0.0,0.679,0.10491486406326289,-0.0
1392,2013-05-14 00:00:00,0.7704485058784485,1.2000000476837158,0.8840864896774292,0.0,1.063,0.092,1.0351702241897582,-0.0
1393,2013-05-14 00:30:00,0.8754287958145142,0.22900772094726562,0.8215773105621338,0.0,1.219,0.029,0.37842268943786617,-0.037507085876464855
1394,2013-05-14 01:00:00,1.1340736150741577,1.1614460945129395,0.88245689868927,0.0,1.138,0.115,0.4287085266113282,-0.0
1395,2013-05-14 01:30:00,1.0618928670883179,1.2000000476837158,1.014435052871704,0.0,0.631,0.029,0.8825828990936276,-0.0
1396,2013-05-14 02:00:00,0.8780003786087036,0.583516538143158,0.4729357063770294,0.0,0.456,0.113,0.7270642936229705,-0.012081590087413675
1397,2013-05-14 02:30:00,1.2000000476837158,0.8070183396339417,0.7084977626800537,0.0,0.456,0.028,0.8548530731201172,-0.0
1398,2013-05-14 03:00:00,1.0125689506530762,0.6588783264160156,0.4612666368484497,0.0,0.338,0.131,0.7624155273437498,-0.0
1399,2013-05-14 03:30:00,1.2000000476837158,0.7955377697944641,0.7167448401451111,0.0,0.35600000000000004,0.672,0.48325515985488887,-0.0625384757709503
1400,2013-05-14 04:00:00,0.6094430685043335,1.2000000476837158,0.6328684091567993,0.0,0.281,0.101,1.0514896326065064,-0.0
1401,2013-05-14 04:30:00,0.41774842143058777,0.11007817089557648,0.7313010692596436,0.0,0.306,0.037000000000000005,0.7084896326065064,-0.0
1402,2013-05-14 05:00:00,1.162676453590393,0.7359908819198608,0.8716452121734619,0.0,0.319,0.117,1.0110298528671262,-0.0
1403,2013-05-14 05:30:00,0.26666268706321716,0.2666345238685608,0.7921664714813232,0.0,0.188,1.3869999999999998,0.4078335285186767,-0.18131249469280225
1404,2013-05-14 06:00:00,0.8323611617088318,1.1946401596069336,0.6691377758979797,0.0,0.05,0.738,0.8016927833557128,-0.0
1405,2013-05-14 06:30:00,1.1766821146011353,0.4410102665424347,0.9494434595108032,0.0,0.0,0.05,1.2,-0.0
1406,2013-05-14 07:00:00,0.0,0.035719845443964005,1.072258710861206,0.0,0.0,0.111,1.053280154556036,-0.0
1407,2013-05-14 07:30:00,0.0,0.16507785022258759,0.8081125617027283,0.019,0.0,0.043,1.2,-0.0
1408,2013-05-14 08:00:00,0.0,0.07955861836671829,1.0503807067871094,0.063,0.0,0.154,1.0294413816332817,-0.0
1409,2013-05-14 08:30:00,0.413916677236557,0.39490440487861633,0.9854164719581604,0.081,0.0,0.396,0.7144413816332816,-0.0
1410,2013-05-14 09:00:00,0.21957409381866455,0.6773777604103088,0.7175152897834778,0.119,0.0,0.15,0.6834413816332816,-0.0
1411,2013-05-14 09:30:00,1.1055759191513062,0.9299445748329163,0.6715336441993713,0.188,0.0,0.104,0.7674413816332816,-0.0
1412,2013-05-14 10:00:00,1.1011700630187988,1.0089538097381592,0.6731485724449158,0.431,0.0,0.059,1.1394413816332816,-0.0
1413,2013-05-14 10:30:00,0.18854093551635742,1.048661231994629,0.6001288294792175,0.669,0.0,0.184,1.2,-0.0
1414,2013-05-14 11:00:00,0.36106735467910767,1.0389961004257202,0.7598548531532288,0.8190000000000001,0.0,0.442,1.2,-0.0
1415,2013-05-14 11:30:00,0.3890170156955719,0.22862805426120758,1.0491348505020142,0.8809999999999999,0.0,0.317,1.2,-0.0
1416,2013-05-14 12:00:00,0.4366834759712219,0.5926990509033203,0.9981921911239624,0.919,0.0,0.24,1.2,-0.0
1417,2013-05-14 12:30:00,0.3340291976928711,1.0357303619384766,0.8898771405220032,1.144,0.0,0.155,1.2,-0.0
1418,2013-05-14 13:00:00,0.08389052748680115,1.1515955924987793,0.6787514686584473,1.225,0.0,0.032,1.2,-0.0
1419,2013-05-14 13:30:00,0.06603232026100159,1.144883155822754,0.701720118522644,1.238,0.0,0.119,1.2,-0.0
1420,2013-05-14 14:00:00,0.06638854742050171,1.128577709197998,0.7218579053878784,1.194,0.0,0.045,1.2,-0.0
1421,2013-05-14 14:30:00,0.12220558524131775,1.140232801437378,0.8031545877456665,1.063,0.0,0.439,1.2,-0.0
1422,2013-05-14 15:00:00,0.5289040803909302,0.20953646302223206,1.1012276411056519,0.925,0.0,0.1,1.2,-0.0
1423,2013-05-14 15:30:00,0.4159604012966156,1.1558200120925903,0.8111602067947388,0.706,0.0,0.18600000000000005,1.2,-0.0
1424,2013-05-14 16:00:00,0.559441089630127,0.815916895866394,0.8721137642860413,0.381,0.0,0.303,0.897,-0.0
1425,2013-05-14 16:30:00,0.3825927972793579,0.27914682030677795,0.9512903690338135,0.106,0.0,0.327,0.6760000000000002,-0.0
1426,2013-05-14 17:00:00,0.4328128695487976,0.49466609954833984,0.7704848051071167,0.006,0.0,0.908,0.0,-0.0371291026210785
1427,2013-05-14 17:30:00,1.049967885017395,1.182231068611145,1.163569688796997,0.0,0.0,0.192,0.9715696887969971,-0.0
1428,2013-05-14 18:00:00,0.012325176037847996,0.006008259952068329,0.8855955600738525,0.0,0.0,0.149,0.8225696887969971,-0.0
1429,2013-05-14 18:30:00,0.01614547148346901,0.19253729283809662,0.5586445927619934,0.0,0.0,0.5920000000000001,0.2639250960350037,-0.009005959954261802
1430,2013-05-14 19:00:00,0.111097551882267,1.1521798372268677,0.9370102286338806,0.0,0.0,0.21,0.7270102286338807,-0.0
1431,2013-05-14 19:30:00,0.04695543646812439,0.41758644580841064,0.5488327145576477,0.0,0.0,0.184,0.5430102286338807,-0.0
1432,2013-05-14 20:00:00,1.0051690340042114,0.8207955360412598,0.5372596979141235,0.0,0.0,0.268,0.2750102286338807,-0.0
1433,2013-05-14 20:30:00,0.0024001765996217728,1.00166916847229,0.6190086007118225,0.0,0.0,0.181,0.4380086007118225,-0.0
1434,2013-05-14 21:00:00,0.7968698740005493,0.8483206629753113,0.541746973991394,0.0,0.0,0.269,0.272746973991394,-0.0
1435,2013-05-14 21:30:00,0.008073803037405014,1.0289306640625,0.6335300207138062,0.0,0.0,0.157,0.4765300207138061,-0.0
1436,2013-05-14 22:00:00,1.044864296913147,0.8613481521606445,0.5558609962463379,0.0,0.0,0.205,0.35086099624633793,-0.0
1437,2013-05-14 22:30:00,0.3302951157093048,0.8988050222396851,0.5196000933647156,0.0,0.0,0.049,0.4706000933647156,-0.0
1438,2013-05-14 23:00:00,1.1746389865875244,0.8365889191627502,0.5050184726715088,0.0,0.0,0.126,1.2,-0.0
1439,2013-05-14 23:30:00,0.0,0.08659905195236206,1.1928074359893799,0.0,0.0,0.687,0.42640094804763784,-0.0
1440,2013-05-15 00:00:00,0.4973059594631195,1.0190056562423706,1.0821995735168457,0.0,1.063,0.068,0.5971924476623536,-0.0
1441,2013-05-15 00:30:00,0.8553977608680725,1.1438744068145752,0.7537565231323242,0.0,1.225,0.039,0.44624347686767574,-0.05148027790069583
1442,2013-05-15 01:00:00,1.1533201932907104,1.0966124534606934,0.9775247573852539,0.0,1.225,0.557,0.22247524261474605,-0.10626515544891361
1443,2013-05-15 01:30:00,0.8650946617126465,1.2000000476837158,1.2000000476837158,0.0,1.031,0.848,0.07604951477050792,-0.0
1444,2013-05-15 02:00:00,1.1167676448822021,1.1745491027832031,0.8371466398239136,0.0,0.569,0.894,0.8103518676757807,-0.0
1445,2013-05-15 02:30:00,1.1695430278778076,0.11410856992006302,1.2000000476837158,0.0,0.6,0.573,0.0,-0.023519301003813727
1446,2013-05-15 03:00:00,0.8967143893241882,1.2000000476837158,0.4949360191822052,0.0,0.6629999999999999,0.605,1.1319999523162843,-0.0
1447,2013-05-15 03:30:00,1.2000000476837158,0.030518466606736183,1.2000000476837158,0.0,0.469,1.158,0.0,-0.12352997310921547
1448,2013-05-15 04:00:00,1.1342177391052246,1.2000000476837158,0.8631243109703064,0.0,0.35,0.578,1.2,-0.0
1449,2013-05-15 04:30:00,1.1866410970687866,0.022745534777641296,1.2000000476837158,0.0,0.369,0.219,0.5892545129060746,-0.0
1450,2013-05-15 05:00:00,1.147194743156433,0.7991317510604858,0.8998364806175232,0.0,0.338,0.112,1.1723592231273647,-0.0
1451,2013-05-15 05:30:00,0.20279866456985474,0.010464058257639408,1.18236243724823,0.0,0.3,0.662,0.21035922312736466,-0.0
1452,2013-05-15 06:00:00,0.21171024441719055,1.1798832416534424,1.0756089687347412,0.0,0.119,0.087,1.2,-0.0
1453,2013-05-15 06:30:00,0.07674352824687958,0.06281908601522446,1.2000000476837158,0.0,0.16899999999999998,0.027000000000000003,0.9411809616684913,-0.0
1454,2013-05-15 07:00:00,0.0,0.37895306944847107,0.7278806567192078,0.0,0.0,0.08900000000000001,1.2,-0.0
1455,2013-05-15 07:30:00,0.0,0.08991631865501404,1.0711708068847656,0.013,0.0,0.026,1.0970836813449858,-0.0
1456,2013-05-15 08:00:00,0.0,0.13217470049858093,0.7981526255607605,0.025,0.0,0.233,1.0656579368114474,-0.0
1457,2013-05-15 08:30:00,0.6565015912055969,0.07805527746677399,1.1069523096084595,0.031,0.0,0.07200000000000001,1.0349523096084594,-0.0
1458,2013-05-15 09:00:00,0.06126462295651436,0.06434241682291031,0.715732991695404,0.05,0.0,0.369,0.7159523096084595,-0.0
1459,2013-05-15 09:30:00,0.3991626799106598,0.630979061126709,0.7347953915596008,0.344,0.0,0.133,0.9269523096084593,-0.0
1460,2013-05-15 10:00:00,0.29134342074394226,0.774429202079773,0.682516872882843,0.588,0.0,0.152,1.2,-0.0
1461,2013-05-15 10:30:00,0.23004862666130066,1.055773377418518,0.6110323667526245,0.75,0.0,0.1,1.2,-0.0
1462,2013-05-15 11:00:00,0.2645992040634155,1.1832852363586426,0.7208176255226135,0.813,0.0,0.275,1.2,-0.0
1463,2013-05-15 11:30:00,0.42646458745002747,0.5818506479263306,1.0675314664840698,0.875,0.0,0.222,1.2,-0.0
1464,2013-05-15 12:00:00,0.37880370020866394,1.0370417833328247,0.9290379285812378,0.963,0.0,0.5329999999999999,1.2,-0.0
1465,2013-05-15 12:30:00,0.20878608524799347,0.08077213913202286,1.0014523267745972,1.131,0.0,0.228,1.2,-0.0
1466,2013-05-15 13:00:00,0.11584097146987915,1.168229103088379,0.6884329319000244,1.206,0.0,0.146,1.2,-0.0
1467,2013-05-15 13:30:00,0.04179147630929947,1.179507851600647,0.65326988697052,1.269,0.0,0.183,1.2,-0.0
1468,2013-05-15 14:00:00,0.013991745188832283,1.1831761598587036,0.5899575352668762,1.213,0.0,0.111,1.2,-0.0
1469,2013-05-15 14:30:00,0.0010637156665325165,1.1643363237380981,0.6203963160514832,1.15,0.0,0.273,1.2,-0.0
1470,2013-05-15 15:00:00,0.06892281770706177,1.1795281171798706,0.6211437582969666,0.95,0.0,0.285,1.2,-0.0
1471,2013-05-15 15:30:00,0.2541443109512329,1.0474480390548706,0.9017479419708252,0.7809999999999999,0.0,0.322,1.2,-0.0
1472,2013-05-15 16:00:00,0.39002180099487305,0.641649067401886,1.0402071475982666,0.413,0.0,0.297,0.925978199005127,-0.0
1473,2013-05-15 16:30:00,0.20751650631427765,0.5798578262329102,0.9907795786857605,0.081,0.0,0.584,0.422978199005127,-0.0
1474,2013-05-15 17:00:00,1.1241282224655151,0.9910919070243835,0.5490748882293701,0.006,0.0,0.35100000000000003,0.19807488822937008,-0.0
1475,2013-05-15 17:30:00,0.0,1.2000000476837158,0.8924888968467712,0.0,0.0,0.215,0.6774888968467713,-0.0
1476,2013-05-15 18:00:00,0.11646977066993713,0.6145277619361877,0.6499790549278259,0.0,0.0,0.362,0.3154888968467713,-0.0
1477,2013-05-15 18:30:00,0.07779260724782944,1.1193487644195557,0.695318341255188,0.0,0.0,0.278,0.41731834125518796,-0.0
1478,2013-05-15 19:00:00,0.3658994138240814,0.9755539298057556,0.5261054635047913,0.0,0.0,0.07400000000000001,0.45210546350479125,-0.0
1479,2013-05-15 19:30:00,1.2000000476837158,0.8721195459365845,0.48194801807403564,0.0,0.0,0.159,0.3229480180740356,-0.0
1480,2013-05-15 20:00:00,0.24655210971832275,0.9594660997390747,0.3962844908237457,0.0,0.0,0.077,0.3192844908237457,-0.0
1481,2013-05-15 20:30:00,0.7213374972343445,0.9054645895957947,0.38841521739959717,0.0,0.0,0.202,0.18641521739959716,-0.0
1482,2013-05-15 21:00:00,0.07262317091226578,1.1743576526641846,0.6319862008094788,0.0,0.0,0.188,0.44398620080947876,-0.0
1483,2013-05-15 21:30:00,0.8921733498573303,0.9878957867622375,0.4526170790195465,0.0,0.0,0.26,0.1926170790195465,-0.0
1484,2013-05-15 22:00:00,0.08679291605949402,1.2000000476837158,0.6727830171585083,0.0,0.0,0.202,0.4707830171585083,-0.0
1485,2013-05-15 22:30:00,1.0338135957717896,0.9411493539810181,0.46103763580322266,0.0,0.0,0.171,0.29978301715850825,-0.0
1486,2013-05-15 23:00:00,0.1830541342496872,1.068145990371704,0.3862820863723755,0.0,0.0,0.103,1.2,-0.0
1487,2013-05-15 23:30:00,0.05153195187449455,0.3739575445652008,1.1079517602920532,0.0,0.0,0.7040000000000001,0.12204245543479908,-0.0
1488,2013-05-16 00:00:00,0.9023468494415283,1.2000000476837158,0.8089517951011658,0.0,1.05,0.162,0.943915041446686,-0.0
1489,2013-05-16 00:30:00,0.8053510189056396,0.24719208478927612,0.7301570177078247,0.0,1.238,0.053,0.46095010852813756,-0.08981350670814515
1490,2013-05-16 01:00:00,0.1688753366470337,0.6918095946311951,0.0071176644414663315,0.0,1.238,0.078,1.1456420387178663,-0.21332919301897288
1491,2013-05-16 01:30:00,1.1603620052337646,0.47844335436820984,1.2000000476837158,0.0,0.863,0.043,0.0,-0.014882738412022669
1492,2013-05-16 02:00:00,1.2000000476837158,0.0,1.2000000476837158,0.0,0.506,0.086,0.6080000476837158,-0.0
1493,2013-05-16 02:30:00,1.1567893028259277,0.6819287538528442,0.84638911485672,0.0,0.388,0.032,1.2,-0.0
1494,2013-05-16 03:00:00,0.14172416925430298,0.0,1.1955944299697876,0.0,0.6,0.117,0.483,-0.0
1495,2013-05-16 03:30:00,0.9978782534599304,0.8372527956962585,0.8788290023803711,0.0,0.444,0.664,0.6887472043037414,-0.0
1496,2013-05-16 04:00:00,1.1786280870437622,0.6355114579200745,0.9220728278160095,0.0,0.35,0.099,1.1379941334724426,-0.0
1497,2013-05-16 04:30:00,0.14785055816173553,0.0,1.1984416246414185,0.0,0.038,0.026,1.1344416246414184,-0.0
1498,2013-05-16 05:00:00,0.029154259711503983,0.0,1.1048107147216797,0.0,0.25,0.12,0.7644416246414184,-0.0
1499,2013-05-16 05:30:00,0.9329385757446289,0.6054012775421143,0.9477890729904175,0.0,0.306,0.66,0.4997154731750487,-0.0
1500,2013-05-16 06:00:00,0.7212938666343689,0.975922167301178,0.5632784366607666,0.0,0.263,0.095,1.2,-0.0
1501,2013-05-16 06:30:00,0.2603486180305481,0.0,1.2000000476837158,0.0,0.013,0.027000000000000003,1.160000047683716,-0.0
1502,2013-05-16 07:00:00,0.05757814645767212,0.0,1.1787561178207397,0.0,0.0,0.096,1.0827561178207397,-0.0
1503,2013-05-16 07:30:00,0.06687778979539871,0.023910414427518845,0.9705984592437744,0.006,0.0,0.035,1.0537561178207397,-0.0
1504,2013-05-16 08:00:00,0.031046852469444275,0.04850435256958008,0.8945998549461365,0.025,0.0,0.307,0.7717561178207397,-0.0
1505,2013-05-16 08:30:00,0.47874537110328674,0.5998345613479614,0.9326444268226624,0.031,0.0,0.428,0.5046444268226624,-0.0
1506,2013-05-16 09:00:00,0.735613226890564,0.9013159871101379,0.602198600769043,0.044,0.0,0.153,0.44919860076904294,-0.0
1507,2013-05-16 09:30:00,1.2000000476837158,0.9786972403526306,0.5125144720077515,0.338,0.0,0.294,0.49319860076904304,-0.0
1508,2013-05-16 10:00:00,0.9507080316543579,0.45696210861206055,0.7707870602607727,0.575,0.0,0.626,0.44219860076904294,-0.0
1509,2013-05-16 10:30:00,0.7056951522827148,0.07344824075698853,1.1663994789123535,0.738,0.0,0.748,0.45070432662963866,-0.0
1510,2013-05-16 11:00:00,0.8187636137008667,0.08347301930189133,1.2000000476837158,0.8059999999999999,0.0,0.081,1.2,-0.0
1511,2013-05-16 11:30:00,0.20606769621372223,1.2000000476837158,0.9165906310081482,0.6,0.0,0.08800000000000001,1.2,-0.0
1512,2013-05-16 12:00:00,0.1708991676568985,1.196233868598938,0.7576653957366943,0.419,0.0,0.057,1.2,-0.0
1513,2013-05-16 12:30:00,0.21891595423221588,1.0894551277160645,0.6165047883987427,0.456,0.0,0.098,1.2,-0.0
1514,2013-05-16 13:00:00,0.18786659836769104,1.0878182649612427,0.5748254060745239,0.581,0.0,0.077,1.2,-0.0
1515,2013-05-16 13:30:00,0.1835002899169922,1.1892883777618408,0.722667932510376,0.8809999999999999,0.0,0.118,1.2,-0.0
1516,2013-05-16 14:00:00,0.27148333191871643,1.2000000476837158,0.9117197394371033,0.525,0.0,0.333,1.1205166680812835,-0.0
1517,2013-05-16 14:30:00,0.4053282141685486,0.4450263977050781,1.032334566116333,0.256,0.0,0.313,0.9664833319187165,-0.0
1518,2013-05-16 15:00:00,0.3115822970867157,0.5533021688461304,1.0965874195098877,0.4,0.0,0.909,0.8464510390758511,-0.0
1519,2013-05-16 15:30:00,0.8123810291290283,0.5295072197914124,0.506570041179657,0.7190000000000001,0.0,0.809,0.7445489609241488,-0.0
1520,2013-05-16 16:00:00,0.4714280068874359,0.01606503315269947,0.7959052324295044,0.35600000000000004,0.0,0.992,0.3046437284946444,-0.052945587244033816
1521,2013-05-16 16:30:00,0.4600006937980652,0.024311333894729614,1.183825969696045,0.08800000000000001,0.0,0.648,0.5358259696960449,-0.0
1522,2013-05-16 17:00:00,1.1948785781860352,0.9189009666442871,0.5442397594451904,0.006,0.0,0.107,0.43723975944519045,-0.0
1523,2013-05-16 17:30:00,1.1820982694625854,0.8816808462142944,0.5233219861984253,0.0,0.0,0.222,0.3013219861984253,-0.0
1524,2013-05-16 18:00:00,0.14720170199871063,1.022135615348816,0.5023608207702637,0.0,0.0,0.257,0.24536082077026367,-0.0
1525,2013-05-16 18:30:00,0.036835648119449615,1.1021251678466797,0.6428747773170471,0.0,0.0,0.486,0.15687477731704713,-0.0
1526,2013-05-16 19:00:00,0.030399933457374573,1.2000000476837158,1.0219862461090088,0.0,0.0,0.403,0.6189862461090088,-0.0
1527,2013-05-16 19:30:00,0.2333475947380066,0.7099453210830688,0.7308542728424072,0.0,0.0,0.207,0.5238542728424073,-0.0
1528,2013-05-16 20:00:00,1.1386390924453735,0.8524268269538879,0.6020265221595764,0.0,0.0,0.24,0.3620265221595764,-0.0
1529,2013-05-16 20:30:00,0.48536044359207153,0.9485564231872559,0.4678098261356354,0.0,0.0,0.248,0.21980982613563538,-0.0
1530,2013-05-16 21:00:00,0.055401511490345,1.113038182258606,0.695686399936676,0.0,0.0,0.182,0.5136863999366761,-0.0
1531,2013-05-16 21:30:00,1.1541838645935059,0.849190890789032,0.5678914785385132,0.0,0.0,0.284,0.2838914785385132,-0.0
1532,2013-05-16 22:00:00,0.14753274619579315,1.0103812217712402,0.6426029801368713,0.0,0.0,0.091,0.5516029801368714,-0.0
1533,2013-05-16 22:30:00,1.2000000476837158,0.8380163908004761,0.5530768632888794,0.0,0.0,0.109,0.4440768632888794,-0.0
1534,2013-05-16 23:00:00,1.2000000476837158,0.8411304950714111,0.509901225566864,0.0,0.0,0.103,1.2,-0.0
1535,2013-05-16 23:30:00,0.03674567490816116,0.0,1.2000000476837158,0.0,0.0,0.7,0.5000000476837159,-0.0
1536,2013-05-17 00:00:00,0.2759334146976471,0.9126288294792175,1.0144977569580078,0.0,1.056,0.607,0.18550224304199214,-0.043505415329933225
1537,2013-05-17 00:30:00,0.928423285484314,1.1906709671020508,0.8818345665931702,0.0,1.231,0.15,0.6573245468139647,-0.0
1538,2013-05-17 01:00:00,0.834942638874054,1.1100080013275146,0.6514133214950562,0.0,1.244,0.126,0.5485866785049438,-0.0957443773460388
1539,2013-05-17 01:30:00,1.1098973751068115,1.037768006324768,0.9033309817314148,0.0,1.238,0.035,0.29666901826858516,-0.016411038160324097
1540,2013-05-17 02:00:00,1.0893467664718628,1.2000000476837158,1.128493070602417,0.0,0.706,0.121,0.9796619157791138,-0.0
1541,2013-05-17 02:30:00,0.6941977739334106,0.34052449464797974,0.6501179337501526,0.0,0.481,0.034,0.7851516737937926,-0.0
1542,2013-05-17 03:00:00,1.1508041620254517,0.6801056861877441,0.7959285378456116,0.0,0.6,0.14,0.6095909662246707,-0.0
1543,2013-05-17 03:30:00,0.6967786550521851,0.9362335801124573,0.6636399626731873,0.0,0.513,0.674,0.5363600373268127,-0.07526939846992509
1544,2013-05-17 04:00:00,0.4901358187198639,1.1602946519851685,0.7663226127624512,0.0,0.319,0.107,0.9409852733612061,-0.0
1545,2013-05-17 04:30:00,0.5378336310386658,0.42323461174964905,0.6268691420555115,0.0,0.344,0.037000000000000005,0.9137948415279387,-0.0
1546,2013-05-17 05:00:00,0.33845579624176025,0.6800248622894287,0.7796337008476257,0.0,0.563,0.129,0.4203662991523742,-0.005394828014373692
1547,2013-05-17 05:30:00,0.9925390481948853,1.2000000476837158,0.8915550708770752,0.0,0.0,0.6709999999999999,0.8882673540115357,-0.0
1548,2013-05-17 06:00:00,1.2000000476837158,0.17116615176200867,1.1877124309539795,0.0,0.0,0.099,0.9175462791919708,-0.0
1549,2013-05-17 06:30:00,0.10819333791732788,0.5424463748931885,0.9864196181297302,0.0,0.0,0.038,1.1844610667228697,-0.0
1550,2013-05-17 07:00:00,0.12459611147642136,0.5926327109336853,1.2000000476837158,0.0,0.0,0.091,0.5474452033042911,-0.0
1551,2013-05-17 07:30:00,1.2000000476837158,0.8947413563728333,0.90804523229599,0.013,0.0,0.332,1.2,-0.0
1552,2013-05-17 08:00:00,1.1765336990356445,0.27034991979599,1.2000000476837158,0.025,0.0,0.525,0.4046501278877258,-0.0
1553,2013-05-17 08:30:00,0.8490128517150879,1.2000000476837158,0.8645986318588257,0.038,0.0,0.4,0.46459863185882566,-0.0
1554,2013-05-17 09:00:00,0.9025146961212158,1.0225603580474854,0.6402492523193359,0.05,0.0,0.387,0.2532492523193359,-0.0
1555,2013-05-17 09:30:00,0.2624516785144806,1.2000000476837158,0.8440130949020386,0.344,0.0,0.067,0.8585614163875579,-0.0
1556,2013-05-17 10:00:00,0.7756567597389221,1.0243003368377686,0.5773253440856934,0.556,0.0,0.08,1.2,-0.0
1557,2013-05-17 10:30:00,0.2976798415184021,1.1146847009658813,0.49630725383758545,0.75,0.0,0.106,1.2,-0.0
1558,2013-05-17 11:00:00,0.3551088571548462,1.1898003816604614,0.6218693256378174,0.813,0.0,0.081,1.2,-0.0
1559,2013-05-17 11:30:00,0.33754128217697144,1.2000000476837158,0.6883831024169922,0.8809999999999999,0.0,0.09,1.2,-0.0
1560,2013-05-17 12:00:00,0.29847854375839233,1.2000000476837158,0.7192660570144653,0.988,0.0,0.061,1.2,-0.0
1561,2013-05-17 12:30:00,0.14781713485717773,1.2000000476837158,0.7202656865119934,1.113,0.0,0.084,1.2,-0.0
1562,2013-05-17 13:00:00,0.10067538172006607,1.2000000476837158,0.6714826822280884,1.181,0.0,0.063,1.2,-0.0
1563,2013-05-17 13:30:00,0.044671885669231415,1.2000000476837158,0.6577720046043396,1.238,0.0,0.12,1.2,-0.0
1564,2013-05-17 14:00:00,0.04321380704641342,1.2000000476837158,0.6646263599395752,1.194,0.0,0.333,1.2,-0.0
1565,2013-05-17 14:30:00,0.17299528419971466,1.1040269136428833,0.9634596705436707,1.044,0.0,0.134,1.2,-0.0
1566,2013-05-17 15:00:00,0.143900528550148,1.1956232786178589,0.6487104892730713,0.925,0.0,0.232,1.2,-0.0
1567,2013-05-17 15:30:00,0.35186266899108887,0.8880490064620972,0.9389873743057251,0.6809999999999999,0.0,0.653,0.8761373310089111,-0.0
1568,2013-05-17 16:00:00,0.2650436758995056,0.017799563705921173,0.879342257976532,0.35,0.0,1.685,0.26183874893188475,-0.1945893828392029
1569,2013-05-17 16:30:00,0.8191399574279785,1.1898808479309082,1.1436313390731812,0.075,0.0,1.731,0.0,-0.15858953845024112
1570,2013-05-17 17:00:00,1.1857420206069946,1.2000000476837158,1.1504985094070435,0.006,0.0,0.342,0.8084985094070434,-0.0
1571,2013-05-17 17:30:00,0.3890990614891052,0.6535241007804871,0.9947302937507629,0.0,0.0,0.158,0.8367302937507629,-0.0
1572,2013-05-17 18:00:00,0.0,0.343217134475708,0.5609038472175598,0.0,0.0,0.194,0.6427302937507628,-0.0
1573,2013-05-17 18:30:00,0.25314009189605713,0.6673646569252014,0.5836039185523987,0.0,0.0,0.8740000000000001,0.05912637519836417,-0.0784069419908524
1574,2013-05-17 19:00:00,0.9082614183425903,1.1842246055603027,0.983506977558136,0.0,0.0,0.511,0.472506977558136,-0.0
1575,2013-05-17 19:30:00,0.3186236619949341,1.0162169933319092,0.7257564663887024,0.0,0.0,0.29,0.4357564663887024,-0.0
1576,2013-05-17 20:00:00,0.5797783136367798,1.0226256847381592,0.5610604286193848,0.0,0.0,0.275,0.28606042861938474,-0.0
1577,2013-05-17 20:30:00,0.08969612419605255,1.1871705055236816,0.6178134083747864,0.0,0.0,0.21,0.4078134083747864,-0.0
1578,2013-05-17 21:00:00,0.9550327062606812,1.03411066532135,0.5166053771972656,0.0,0.0,0.201,0.3156053771972656,-0.0
1579,2013-05-17 21:30:00,0.3358452320098877,1.0382754802703857,0.5123128890991211,0.0,0.0,0.228,0.2843128890991211,-0.0
1580,2013-05-17 22:00:00,0.060974325984716415,1.0957821607589722,0.5992911458015442,0.0,0.0,0.049,0.5502911458015441,-0.0
1581,2013-05-17 22:30:00,1.1699832677841187,0.8779060244560242,0.5725144743919373,0.0,0.0,0.319,0.25351447439193725,-0.0
1582,2013-05-17 23:00:00,0.017044207081198692,1.1613634824752808,0.8449570536613464,0.0,0.0,0.964,0.9676075687408445,-0.0
1583,2013-05-17 23:30:00,1.178707480430603,0.09975623339414597,1.2000000476837158,0.0,0.0,1.579,0.0,-0.12926417014181613
1584,2013-05-18 00:00:00,1.2000000476837158,1.178605318069458,0.9596638679504395,0.0,1.044,0.047,0.21894145011901855,-0.13898414501190187
1585,2013-05-18 00:30:00,0.4549444615840912,1.0478099584579468,0.6239412426948547,0.0,1.238,0.578,0.5760587573051452,-0.07499293632030489
1586,2013-05-18 01:00:00,0.7379717826843262,1.159206748008728,0.9258881211280823,0.0,1.231,0.63,0.2741118788719177,-0.19174361414909363
1587,2013-05-18 01:30:00,0.8480896949768066,1.2000000476837158,1.16685950756073,0.0,0.506,0.557,0.7887761945724486,-0.0
1588,2013-05-18 02:00:00,1.2000000476837158,0.055548571050167084,0.8378710150718689,0.0,0.306,0.608,0.006453750550746817,-0.03555294011414051
1589,2013-05-18 02:30:00,1.0155742168426514,1.2000000476837158,0.7906373143196106,0.0,0.85,0.505,1.0320924512147904,-0.0
1590,2013-05-18 03:00:00,1.2000000476837158,0.0,0.9176323413848877,0.0,0.0,0.608,0.42409245121479044,-0.0
1591,2013-05-18 03:30:00,0.38452404737472534,1.0369794368743896,0.8400728106498718,0.0,0.0,0.6659999999999999,1.0488356606960292,-0.0
1592,2013-05-18 04:00:00,1.186842918395996,0.051426708698272705,1.1539922952651978,0.0,0.506,0.099,0.49756558656692507,-0.0
1593,2013-05-18 04:30:00,1.1389634609222412,0.8897410035133362,0.8337239027023315,0.0,0.513,0.026,1.1761278233528136,-0.0
1594,2013-05-18 05:00:00,0.09334993362426758,0.03046836517751217,0.9667686820030212,0.0,0.0,0.118,1.0992759881168603,-0.0
1595,2013-05-18 05:30:00,0.0,0.026340404525399208,0.8880602717399597,0.0,0.0,0.659,0.4402759881168603,-0.0
1596,2013-05-18 06:00:00,0.34928274154663086,1.0405853986740112,0.8607210516929626,0.0,0.0,0.08800000000000001,1.2,-0.0
1597,2013-05-18 06:30:00,0.02276156283915043,0.05454787611961365,1.110346794128418,0.0,0.0,0.691,0.45445212388038636,-0.0
1598,2013-05-18 07:00:00,0.3109965920448303,1.07427179813385,0.9428259134292603,0.0,0.0,0.487,1.129823954105377,-0.0
1599,2013-05-18 07:30:00,1.1353470087051392,0.016591696068644524,1.1591235399246216,0.006,0.0,0.541,0.601531843855977,-0.0
1600,2013-05-18 08:00:00,0.15358653664588928,0.840873122215271,0.7726510167121887,0.025,0.0,0.207,1.2,-0.0
1601,2013-05-18 08:30:00,0.23797661066055298,0.06043393537402153,1.1560908555984497,0.038,0.0,0.101,1.099,-0.0
1602,2013-05-18 09:00:00,0.054281044751405716,0.0629231259226799,0.9311778545379639,0.05,0.0,0.389,0.76,-0.0
1603,2013-05-18 09:30:00,0.35859182476997375,0.7452717423439026,0.7928953170776367,0.35,0.0,0.059,1.051,-0.0
1604,2013-05-18 10:00:00,0.279344767332077,1.015222430229187,0.5670756101608276,0.569,0.0,0.062,1.2,-0.0
1605,2013-05-18 10:30:00,0.1831354796886444,1.1743665933609009,0.6080807447433472,0.7440000000000001,0.0,0.081,1.2,-0.0
1606,2013-05-18 11:00:00,0.22975289821624756,1.2000000476837158,0.7376331686973572,0.813,0.0,0.063,1.2,-0.0
1607,2013-05-18 11:30:00,0.2253352403640747,1.2000000476837158,0.7624695897102356,0.8809999999999999,0.0,0.077,1.2,-0.0
1608,2013-05-18 12:00:00,0.1998436450958252,1.2000000476837158,0.7559419870376587,0.975,0.0,0.465,1.2,-0.0
1609,2013-05-18 12:30:00,0.2507914900779724,0.5463801026344299,0.9860249161720276,1.106,0.0,0.11,1.2,-0.0
1610,2013-05-18 13:00:00,0.050432413816452026,1.1977965831756592,0.7178242206573486,1.175,0.0,0.042,1.2,-0.0
1611,2013-05-18 13:30:00,0.024448981508612633,1.1673128604888916,0.7035408020019531,1.244,0.0,0.087,1.2,-0.0
1612,2013-05-18 14:00:00,0.0,1.1811554431915283,0.6874282360076904,1.194,0.0,0.036000000000000004,1.2,-0.0
1613,2013-05-18 14:30:00,0.0,1.199381947517395,0.6716121435165405,1.075,0.0,0.094,1.2,-0.0
1614,2013-05-18 15:00:00,0.0,1.1724838018417358,0.7162153720855713,0.925,0.0,0.031,1.2,-0.0
1615,2013-05-18 15:30:00,0.021339163184165955,1.2000000476837158,0.7593777775764465,0.6809999999999999,0.0,0.155,1.2,-0.0
1616,2013-05-18 16:00:00,0.2001337707042694,1.110571265220642,0.7557237148284912,0.35,0.0,0.17800000000000002,1.1718662292957305,-0.0
1617,2013-05-18 16:30:00,0.20798596739768982,0.9215470552444458,0.7399715185165405,0.069,0.0,0.159,1.0691337707042694,-0.0
1618,2013-05-18 17:00:00,0.7188541293144226,0.2481442540884018,1.2000000476837158,0.006,0.0,0.158,1.042000047683716,-0.0
1619,2013-05-18 17:30:00,0.0,0.05408027768135071,0.8275226950645447,0.0,0.0,0.324,0.7180000476837158,-0.0
1620,2013-05-18 18:00:00,0.22277376055717468,0.6626460552215576,0.7460830211639404,0.0,0.0,0.233,0.5130830211639404,-0.0
1621,2013-05-18 18:30:00,1.0016429424285889,0.8475937247276306,0.6417949199676514,0.0,0.0,0.316,0.32579491996765136,-0.0
1622,2013-05-18 19:00:00,0.15424054861068726,1.0234851837158203,0.5696833729743958,0.0,0.0,0.247,0.32268337297439575,-0.0
1623,2013-05-18 19:30:00,0.18922002613544464,1.0588159561157227,0.4552893340587616,0.0,0.0,0.262,0.19328933405876159,-0.0
1624,2013-05-18 20:00:00,0.018495693802833557,1.1546565294265747,0.7037890553474426,0.0,0.0,0.24,0.46378905534744264,-0.0
1625,2013-05-18 20:30:00,0.9663674235343933,0.914901614189148,0.5510363578796387,0.0,0.0,0.179,0.3720363578796387,-0.0
1626,2013-05-18 21:00:00,1.024043321609497,1.0043317079544067,0.4545977711677551,0.0,0.0,0.28,0.1745977711677551,-0.0
1627,2013-05-18 21:30:00,0.02230832725763321,1.2000000476837158,0.7837597131729126,0.0,0.0,0.181,0.6027597131729125,-0.0
1628,2013-05-18 22:00:00,1.122588872909546,0.8193308711051941,0.5879641771316528,0.0,0.0,0.394,0.20875971317291253,-0.0
1629,2013-05-18 22:30:00,0.036380842328071594,1.2000000476837158,0.8647105693817139,0.0,0.0,0.07,0.7947105693817138,-0.0
1630,2013-05-18 23:00:00,0.06486892700195312,0.33530154824256897,0.5629945397377014,0.0,0.0,0.098,0.6967105693817138,-0.0
1631,2013-05-18 23:30:00,1.2000000476837158,0.743718147277832,0.8195515871047974,0.0,0.0,0.722,0.74086071395874,-0.0
1632,2013-05-19 00:00:00,0.7517427802085876,0.8479368686676025,0.6645996570587158,0.0,1.069,0.069,0.5354003429412841,-0.05203586395263668
1633,2013-05-19 00:30:00,1.0502043962478638,1.0083340406417847,0.8001757264137268,0.0,1.225,0.105,0.39982427358627315,-0.03874590001106263
1634,2013-05-19 01:00:00,0.9439521431922913,1.2000000476837158,1.0232768058776855,0.0,1.213,0.035,0.35235140514373764,-0.0
1635,2013-05-19 01:30:00,1.0757654905319214,1.1937801837921143,1.091471552848816,0.0,0.175,0.104,1.2,-0.0
1636,2013-05-19 02:00:00,0.2853369116783142,0.0,1.0563435554504395,0.0,0.519,0.026,0.6549999999999999,-0.0
1637,2013-05-19 02:30:00,1.2000000476837158,0.752578854560852,0.869762122631073,0.0,0.6940000000000001,0.099,0.7444211454391478,-0.0
1638,2013-05-19 03:00:00,0.5108131170272827,0.9231600165367126,0.49031853675842285,0.0,0.0,0.051,1.1369976925849916,-0.0
1639,2013-05-19 03:30:00,0.08961591869592667,0.002449650317430496,1.0355610847473145,0.0,0.0,0.733,0.40399769258499163,-0.0
1640,2013-05-19 04:00:00,0.3848074972629547,1.0377920866012573,0.9116414189338684,0.0,0.244,0.025,1.2,-0.0
1641,2013-05-19 04:30:00,0.09484503418207169,0.0,1.0650513172149658,0.0,0.769,0.092,0.33899999999999997,-0.0
1642,2013-05-19 05:00:00,0.9642234444618225,1.2000000476837158,0.8880001902580261,0.0,0.0,0.055,1.2,-0.0
1643,2013-05-19 05:30:00,0.0010809898376464844,0.07559620589017868,1.083299160003662,0.0,0.0,0.716,0.4084037941098213,-0.0
1644,2013-05-19 06:00:00,0.32705020904541016,1.1014595031738281,0.9530282616615295,0.0,0.0,0.034,1.2,-0.0
1645,2013-05-19 06:30:00,0.0,0.1685638129711151,1.0904749631881714,0.0,0.0,0.086,0.9454361870288849,-0.0
1646,2013-05-19 07:00:00,0.0,0.41586554050445557,0.8066849112510681,0.0,0.0,0.037000000000000005,1.2,-0.0
1647,2013-05-19 07:30:00,0.0,0.2289547622203827,1.1104061603546143,0.013,0.0,0.076,0.9080452377796172,-0.0
1648,2013-05-19 08:00:00,0.0,0.38625386357307434,0.7902417778968811,0.025,0.0,0.195,1.2,-0.0
1649,2013-05-19 08:30:00,0.002412855625152588,0.07642701268196106,1.1484872102737427,0.038,0.0,0.687,0.5485871443748473,-0.0
1650,2013-05-19 09:00:00,1.0277354717254639,0.8310031890869141,0.5940045118331909,0.056,0.0,0.16,0.44458714437484737,-0.0
1651,2013-05-19 09:30:00,1.0630483627319336,0.7912975549697876,0.4826560616493225,0.306,0.0,0.076,0.6745871443748472,-0.0
1652,2013-05-19 10:00:00,1.1482166051864624,1.0344315767288208,0.7412890791893005,0.5379999999999999,0.0,0.08900000000000001,1.2,-0.0
1653,2013-05-19 10:30:00,0.1468430608510971,1.0585169792175293,0.5484710335731506,0.738,0.0,0.078,1.2,-0.0
1654,2013-05-19 11:00:00,0.1654435247182846,1.1657217741012573,0.7394345998764038,0.8,0.0,0.177,1.2,-0.0
1655,2013-05-19 11:30:00,0.2682545483112335,1.1469197273254395,0.8638220429420471,0.8690000000000001,0.0,0.117,1.2,-0.0
1656,2013-05-19 12:00:00,0.197660893201828,1.1582701206207275,0.8794513940811157,0.969,0.0,0.174,1.2,-0.0
1657,2013-05-19 12:30:00,0.14433462917804718,1.155627965927124,0.8203659057617188,1.081,0.0,0.162,1.2,-0.0
1658,2013-05-19 13:00:00,0.06754615157842636,1.1391701698303223,0.8035240173339844,1.156,0.0,0.12,1.2,-0.0
1659,2013-05-19 13:30:00,0.06717687100172043,1.1721471548080444,0.8052711486816406,1.225,0.0,0.062,1.2,-0.0
1660,2013-05-19 14:00:00,0.07815683633089066,1.2000000476837158,0.799088180065155,1.188,0.0,0.115,1.2,-0.0
1661,2013-05-19 14:30:00,0.09578672051429749,1.2000000476837158,0.8041607141494751,1.069,0.0,0.303,1.2,-0.0
1662,2013-05-19 15:00:00,0.15400414168834686,1.2000000476837158,0.957293689250946,0.931,0.0,0.077,1.2,-0.0
1663,2013-05-19 15:30:00,0.12433042377233505,1.2000000476837158,0.7626446485519409,0.675,0.0,1.495,0.43735535144805904,-0.049055159309506435
1664,2013-05-19 16:00:00,0.3625946044921875,0.011930990032851696,1.1131945848464966,0.344,0.0,1.6469999999999998,0.0,-0.1441274620914459
1665,2013-05-19 16:30:00,1.1123393774032593,0.0,1.0928336381912231,0.063,0.0,1.521,0.0,-0.11560491768836974
1666,2013-05-19 17:00:00,1.1932982206344604,1.1949412822723389,0.9491762518882751,0.013,0.0,1.24,0.0,-0.07852241199016571
1667,2013-05-19 17:30:00,1.1872013807296753,1.2000000476837158,1.0336101055145264,0.0,0.0,0.204,0.8296101055145264,-0.0
1668,2013-05-19 18:00:00,0.01984095200896263,0.36833858489990234,0.5625585317611694,0.0,0.0,0.31,0.5196101055145264,-0.0
1669,2013-05-19 18:30:00,0.5891071557998657,0.8073665499687195,0.7385476231575012,0.0,0.0,0.3,0.43854762315750123,-0.0
1670,2013-05-19 19:00:00,0.5453405380249023,0.8959468603134155,0.6306380033493042,0.0,0.0,0.264,0.3666380033493042,-0.0
1671,2013-05-19 19:30:00,0.2990766763687134,0.952515184879303,0.5121034383773804,0.0,0.0,0.208,0.3041034383773804,-0.0
1672,2013-05-19 20:00:00,0.14379294216632843,1.0243922472000122,0.4773392379283905,0.0,0.0,0.203,0.2743392379283905,-0.0
1673,2013-05-19 20:30:00,0.05201856791973114,1.0393797159194946,0.526159405708313,0.0,0.0,0.251,0.275159405708313,-0.0
1674,2013-05-19 21:00:00,0.06601724028587341,1.0407702922821045,0.6265111565589905,0.0,0.0,0.388,0.23851115655899047,-0.0
1675,2013-05-19 21:30:00,0.039310161024332047,1.1319177150726318,0.9255948066711426,0.0,0.0,0.179,0.7465948066711425,-0.0
1676,2013-05-19 22:00:00,0.053280942142009735,0.43260329961776733,0.559561550617218,0.0,0.0,0.051,0.6955948066711425,-0.0
1677,2013-05-19 22:30:00,0.36574244499206543,0.4774799346923828,0.5423191785812378,0.0,0.0,0.103,0.5925948066711425,-0.0
1678,2013-05-19 23:00:00,1.180436372756958,0.8322483897209167,0.5666933059692383,0.0,0.0,0.085,1.2,-0.0
1679,2013-05-19 23:30:00,0.01443177554756403,0.2810017466545105,1.171285629272461,0.0,0.0,0.716,0.2029982533454895,-0.0
1680,2013-05-27 00:00:00,0.6720002889633179,1.1056582927703857,1.0983905792236328,0.0,1.063,0.034,0.9913452005386354,-0.0
1681,2013-05-27 00:30:00,0.7468624711036682,0.32182466983795166,0.6250393986701965,0.0,1.238,0.511,0.5749606013298034,-0.18971756722450261
1682,2013-05-27 01:00:00,0.8959873914718628,1.1256957054138184,0.8564324975013733,0.0,1.231,0.588,0.34356750249862666,-0.18377844105720523
1683,2013-05-27 01:30:00,0.6572414636611938,1.141898512840271,1.2000000476837158,0.0,1.238,0.51,0.022966529846191408,-0.0
1684,2013-05-27 02:00:00,1.1521210670471191,0.0,1.2000000476837158,0.0,1.244,0.6659999999999999,0.0,-0.1842199952316284
1685,2013-05-27 02:30:00,0.5968850255012512,1.1322261095046997,1.2000000476837158,0.0,1.225,0.275,0.0,-0.1899726061820984
1686,2013-05-27 03:00:00,0.9910854697227478,0.0,0.41708487272262573,0.0,0.019,0.13,0.2680848727226257,-0.0
1687,2013-05-27 03:30:00,0.20419573783874512,0.9571838974952698,0.5133559703826904,0.0,0.619,0.652,0.8356463570594787,-0.0
1688,2013-05-27 04:00:00,1.1798954010009766,0.0,1.0860438346862793,0.0,0.563,0.102,0.4210438346862794,-0.0
1689,2013-05-27 04:30:00,1.105936884880066,0.9445456266403198,0.8375501036643982,0.0,0.0,0.037000000000000005,1.2,-0.0
1690,2013-05-27 05:00:00,0.0,0.2570834159851074,1.0099736452102661,0.0,0.0,0.13699999999999998,0.8059165840148925,-0.0
1691,2013-05-27 05:30:00,0.15482397377490997,0.521987795829773,0.9564644694328308,0.0,0.0,0.6509999999999999,0.815179036140442,-0.0
1692,2013-05-27 06:00:00,0.5337255001068115,0.6951692700386047,0.7560870051383972,0.0,0.913,0.095,0.44391299486160274,-0.03389403371810916
1693,2013-05-27 06:30:00,0.9514995217323303,1.1775891780853271,0.8773515820503235,0.0,0.094,0.028,1.2,-0.0
1694,2013-05-27 07:00:00,0.1699279248714447,0.00968128815293312,1.0112601518630981,0.0,0.0,0.101,1.0893187118470669,-0.0
1695,2013-05-27 07:30:00,0.03299834579229355,0.07254287600517273,0.922669529914856,0.0,0.0,0.038,1.0513187118470668,-0.0
1696,2013-05-27 08:00:00,0.021432220935821533,0.2169557511806488,0.8971922993659973,0.025,0.0,0.192,1.0491101623177528,-0.0
1697,2013-05-27 08:30:00,0.10561484098434448,0.40340057015419006,1.1413121223449707,0.094,0.0,0.115,1.0281101623177529,-0.0
1698,2013-05-27 09:00:00,0.5685373544692993,0.41760140657424927,1.0037918090820312,0.119,0.0,0.405,0.7421101623177528,-0.0
1699,2013-05-27 09:30:00,0.2852857708930969,0.7293031215667725,0.8310583233833313,0.16899999999999998,0.0,0.031,0.8801101623177529,-0.0
1700,2013-05-27 10:00:00,0.5770910978317261,0.695385754108429,0.661512553691864,0.3,0.0,0.103,1.0771101623177528,-0.0
1701,2013-05-27 10:30:00,0.3317539095878601,0.8686408400535583,0.6443987488746643,0.738,0.0,0.029,1.2,-0.0
1702,2013-05-27 11:00:00,0.2271299958229065,1.198554515838623,0.7641297578811646,0.794,0.0,0.11,1.2,-0.0
1703,2013-05-27 11:30:00,0.32730749249458313,1.2000000476837158,0.7393988966941833,0.8059999999999999,0.0,0.032,1.2,-0.0
1704,2013-05-27 12:00:00,0.2712847888469696,1.1701737642288208,0.813705563545227,0.638,0.0,0.147,1.2,-0.0
1705,2013-05-27 12:30:00,0.3234342038631439,1.029587984085083,0.7040513753890991,0.556,0.0,0.467,0.965565796136856,-0.0
1706,2013-05-27 13:00:00,0.6602070927619934,0.4151853919029236,0.9674028158187866,0.813,0.0,0.134,1.2,-0.0
1707,2013-05-27 13:30:00,0.35776492953300476,1.1337177753448486,0.8428874611854553,0.6940000000000001,0.0,0.028,1.2,-0.0
1708,2013-05-27 14:00:00,0.22917599976062775,1.079939365386963,0.7806275486946106,0.763,0.0,0.112,1.2,-0.0
1709,2013-05-27 14:30:00,0.3001288175582886,1.0815361738204956,0.8322404623031616,0.769,0.0,0.029,1.2,-0.0
1710,2013-05-27 15:00:00,0.25246307253837585,1.150168776512146,0.8398166298866272,0.894,0.0,0.109,1.2,-0.0
1711,2013-05-27 15:30:00,0.21626496315002441,1.1182016134262085,0.8060576319694519,0.506,0.0,0.028,1.2,-0.0
1712,2013-05-27 16:00:00,0.2299034744501114,0.986890435218811,0.6339437365531921,0.28800000000000003,0.0,0.131,1.1270965255498886,-0.0
1713,2013-05-27 16:30:00,0.34689944982528687,0.7999862432479858,0.7274608016014099,0.044,0.0,0.05,1.1210965255498886,-0.0
1714,2013-05-27 17:00:00,0.14529380202293396,0.06582540273666382,1.0897800922393799,0.006,0.0,0.115,1.0120965255498886,-0.0
1715,2013-05-27 17:30:00,0.08004417270421982,0.03189564868807793,0.8013922572135925,0.0,0.0,0.687,0.32509652554988855,-0.0
1716,2013-05-27 18:00:00,0.48314908146858215,1.121799111366272,1.0295720100402832,0.0,0.0,0.945,0.08457201004028325,-0.0
1717,2013-05-27 18:30:00,1.0713001489639282,1.1609917879104614,1.160347819328308,0.0,0.0,0.722,0.43834781932830813,-0.0
1718,2013-05-27 19:00:00,0.5926822423934937,1.033353328704834,0.9911401867866516,0.0,0.0,0.217,0.7741401867866516,-0.0
1719,2013-05-27 19:30:00,0.08705233782529831,0.45557552576065063,0.6071373224258423,0.0,0.0,0.281,0.4931401867866516,-0.0
1720,2013-05-27 20:00:00,0.8020937442779541,0.8739930987358093,0.6671580076217651,0.0,0.0,0.268,0.3991580076217651,-0.0
1721,2013-05-27 20:30:00,0.552150547504425,0.9433966279029846,0.4919096827507019,0.0,0.0,0.247,0.2449096827507019,-0.0
1722,2013-05-27 21:00:00,0.04121074080467224,1.1253509521484375,0.6444461941719055,0.0,0.0,0.15,0.4944461941719055,-0.0
1723,2013-05-27 21:30:00,1.1620779037475586,0.9024250507354736,0.48265311121940613,0.0,0.0,0.615,0.011793082952499367,-0.03573365997076035
1724,2013-05-27 22:00:00,0.731894850730896,1.1768324375152588,0.9524593353271484,0.0,0.0,0.054000000000000006,0.8984593353271484,-0.0
1725,2013-05-27 22:30:00,0.05084031820297241,0.18389974534511566,0.6564266085624695,0.0,0.0,0.111,0.7874593353271484,-0.0
1726,2013-05-27 23:00:00,0.026930512860417366,0.367399126291275,0.5830084085464478,0.0,0.0,0.063,0.7244593353271485,-0.0
1727,2013-05-27 23:30:00,1.2000000476837158,0.669318675994873,0.839118480682373,0.0,0.0,0.7290000000000001,0.7527626533508298,-0.0
1728,2013-05-28 00:00:00,0.7407575845718384,0.8378740549087524,0.6262897253036499,0.0,1.056,0.512,0.57371027469635,-0.17555096363067624
1729,2013-05-28 00:30:00,0.8551760315895081,1.2000000476837158,1.0972933769226074,0.0,1.231,0.096,0.10270662307739253,-0.03403272201538087
1730,2013-05-28 01:00:00,1.1380691528320312,0.03498482331633568,1.2000000476837158,0.0,1.238,0.045,0.0,-0.019448477563261984
1731,2013-05-28 01:30:00,1.1918781995773315,0.013947672210633755,1.2000000476837158,0.0,0.469,0.084,0.6330523754730821,-0.0
1732,2013-05-28 02:00:00,1.2000000476837158,0.7699360847473145,0.9373500943183899,0.0,0.331,0.055,1.1779591643065213,-0.0
1733,2013-05-28 02:30:00,0.31146568059921265,0.0701458752155304,1.1627429723739624,0.0,0.856,0.07200000000000001,0.24593579617142697,-0.0
1734,2013-05-28 03:00:00,1.0981214046478271,1.2000000476837158,0.9852216839790344,0.0,0.0,0.1,1.2,-0.0
1735,2013-05-28 03:30:00,0.10426689684391022,0.24422062933444977,1.1829352378845215,0.0,0.0,0.687,0.26877937066555013,-0.0
1736,2013-05-28 04:00:00,0.26381516456604004,1.2000000476837158,1.0068455934524536,0.0,0.619,0.08199999999999999,1.161441210985184,-0.0
1737,2013-05-28 04:30:00,0.4222272038459778,0.021753204986453056,0.9259637594223022,0.0,0.35600000000000004,0.059,0.7464412109851839,-0.0
1738,2013-05-28 05:00:00,1.1980451345443726,0.6719555854797363,0.7862225770950317,0.0,0.0,0.133,1.2,-0.0
1739,2013-05-28 05:30:00,0.0867852121591568,0.26873892545700073,1.1379059553146362,0.0,0.0,1.485,0.062094044685363725,-0.16627490193843844
1740,2013-05-28 06:00:00,1.2000000476837158,1.1680887937545776,0.7019890546798706,0.0,0.0,0.711,1.2,-0.0
1741,2013-05-28 06:30:00,1.2000000476837158,0.005765755660831928,1.1328980922698975,0.0,0.0,0.146,1.048234244339168,-0.0
1742,2013-05-28 07:00:00,0.061447612941265106,0.11712205410003662,0.7095167636871338,0.0,0.0,0.096,0.9522342443391679,-0.0
1743,2013-05-28 07:30:00,0.04024331644177437,0.2740411162376404,0.7969021201133728,0.006,0.0,0.034,1.2,-0.0
1744,2013-05-28 08:00:00,0.04341767728328705,0.0,0.974968671798706,0.025,0.0,0.255,0.945,-0.0
1745,2013-05-28 08:30:00,0.7706573009490967,0.3683287799358368,0.9797982573509216,0.131,0.0,0.362,0.7140000000000001,-0.0
1746,2013-05-28 09:00:00,0.33009329438209534,0.5386230945587158,0.7754819989204407,0.15,0.0,0.157,0.7070000000000001,-0.0
1747,2013-05-28 09:30:00,0.7540081143379211,0.5053895115852356,0.7621608376502991,0.219,0.0,0.037000000000000005,0.889,-0.0
1748,2013-05-28 10:00:00,0.4328131377696991,0.644016444683075,0.6641266345977783,0.35600000000000004,0.0,0.118,1.2,-0.0
1749,2013-05-28 10:30:00,0.3789134621620178,0.8266858458518982,0.5192426443099976,0.481,0.0,0.05,1.2,-0.0
1750,2013-05-28 11:00:00,0.21217894554138184,0.9203885197639465,0.46362465620040894,0.606,0.0,0.313,1.2,-0.0
1751,2013-05-28 11:30:00,0.4411472976207733,0.3364517092704773,0.9919296503067017,0.6629999999999999,0.0,0.096,1.2,-0.0
1752,2013-05-28 12:00:00,0.22059659659862518,0.9689065217971802,0.533614456653595,0.8,0.0,0.116,1.2,-0.0
1753,2013-05-28 12:30:00,0.3100433647632599,1.1177819967269897,0.6227582097053528,0.7809999999999999,0.0,0.034,1.2,-0.0
1754,2013-05-28 13:00:00,0.20472586154937744,1.184870958328247,0.5707809329032898,0.725,0.0,0.107,1.2,-0.0
1755,2013-05-28 13:30:00,0.24945130944252014,1.1252810955047607,0.5807372331619263,0.556,0.0,0.042,1.2,-0.0
1756,2013-05-28 14:00:00,0.15297909080982208,1.0775738954544067,0.4715423882007599,0.28800000000000003,0.0,0.098,1.2,-0.0
1757,2013-05-28 14:30:00,0.31438058614730835,0.8757717609405518,0.5375626087188721,0.231,0.0,0.052000000000000005,1.148,-0.0
1758,2013-05-28 15:00:00,0.30464521050453186,0.8624609708786011,0.6121376156806946,0.056,0.0,0.08800000000000001,1.1640000000000001,-0.0
1759,2013-05-28 15:30:00,0.35905808210372925,0.08687634021043777,1.1032999753952026,0.15,0.0,0.282,0.9539999999999997,-0.0
1760,2013-05-28 16:00:00,0.5645626187324524,0.7078635692596436,0.9386137127876282,0.08800000000000001,0.0,0.28800000000000003,0.7539999999999998,-0.0
1761,2013-05-28 16:30:00,0.46701478958129883,0.6611970067024231,0.7483947277069092,0.05,0.0,0.121,0.6829999999999998,-0.0
1762,2013-05-28 17:00:00,1.0732797384262085,0.6699605584144592,0.48932161927223206,0.0,0.0,0.211,0.47199999999999986,-0.0
1763,2013-05-28 17:30:00,1.0653496980667114,0.9491487145423889,0.5018219947814941,0.0,0.0,0.202,0.2998219947814941,-0.0
1764,2013-05-28 18:00:00,0.21973365545272827,1.0727862119674683,0.4143196940422058,0.0,0.0,0.3,0.11431969404220582,-0.0
1765,2013-05-28 18:30:00,0.0,1.2000000476837158,0.8825007677078247,0.0,0.0,0.306,0.5765007677078247,-0.0
1766,2013-05-28 19:00:00,0.4680967926979065,0.7222201824188232,0.756754457950592,0.0,0.0,0.365,0.39175445795059205,-0.0
1767,2013-05-28 19:30:00,0.408290833234787,0.9473424553871155,0.6395096778869629,0.0,0.0,0.399,0.24050967788696287,-0.0
1768,2013-05-28 20:00:00,0.001926373690366745,1.2000000476837158,0.8566645979881287,0.0,0.0,0.179,0.6776645979881286,-0.0
1769,2013-05-28 20:30:00,0.06917881965637207,0.5464251637458801,0.49865826964378357,0.0,0.0,0.246,0.4316645979881286,-0.0
1770,2013-05-28 21:00:00,0.8650897145271301,0.9249057769775391,0.4937686026096344,0.0,0.0,0.168,0.32576860260963436,-0.0
1771,2013-05-28 21:30:00,0.8665411472320557,0.9410591125488281,0.3660479784011841,0.0,0.0,0.255,0.11104797840118408,-0.0
1772,2013-05-28 22:00:00,0.0026323648635298014,1.1629414558410645,0.8082659840583801,0.0,0.0,0.338,0.4702659840583801,-0.0
1773,2013-05-28 22:30:00,0.5456844568252563,0.8302786350250244,0.64080810546875,0.0,0.0,0.117,0.52380810546875,-0.0
1774,2013-05-28 23:00:00,1.158015489578247,0.859332799911499,0.544607937335968,0.0,0.0,0.685,1.0080509891510008,-0.0
1775,2013-05-28 23:30:00,1.1378405094146729,0.2075292468070984,1.2000000476837158,0.0,0.0,1.612,0.0,-0.06362041790485377
1776,2013-05-29 00:00:00,1.1634501218795776,1.1810517311096191,1.1254260540008545,0.0,1.063,0.073,0.05562567710876465,-0.13157256771087644
1777,2013-05-29 00:30:00,1.1956007480621338,0.0,0.44325125217437744,0.0,1.238,0.586,0.0,-0.23769487478256227
1778,2013-05-29 01:00:00,0.4316985011100769,1.1886004209518433,0.9243274331092834,0.0,1.238,0.509,0.2642729878425598,-0.28765729878425605
1779,2013-05-29 01:30:00,0.16283094882965088,1.1686607599258423,0.958497941493988,0.0,1.238,0.58,0.24150205850601192,-0.04231137441158296
1780,2013-05-29 02:00:00,1.1688867807388306,1.1787842512130737,0.967371940612793,0.0,0.175,0.509,1.2,-0.0
1781,2013-05-29 02:30:00,1.2000000476837158,0.0,1.1725660562515259,0.0,0.606,0.5770000000000001,0.027433943748474077,-0.0028171648120880266
1782,2013-05-29 03:00:00,0.7255593538284302,1.1733781099319458,0.391012579202652,0.0,0.6,0.544,1.2,-0.0
1783,2013-05-29 03:30:00,1.1656802892684937,0.009983052499592304,1.1184228658676147,0.0,0.0,0.921,0.2690169475004076,-0.0
1784,2013-05-29 04:00:00,0.41399046778678894,1.1732676029205322,1.0875883102416992,0.0,0.0,0.039,1.2,-0.0
1785,2013-05-29 04:30:00,0.0,0.3477492034435272,1.1366891860961914,0.0,0.7809999999999999,0.081,0.06331081390380855,-0.01972620468378065
1786,2013-05-29 05:00:00,0.9982504844665527,1.1760716438293457,1.0565946102142334,0.0,0.275,0.083,1.2,-0.0
1787,2013-05-29 05:30:00,0.08013265579938889,0.09483513236045837,1.1227113008499146,0.0,0.0,0.6859999999999999,0.41916486763954164,-0.0
1788,2013-05-29 06:00:00,0.27791738510131836,1.096664309501648,0.9253257513046265,0.0,0.0,0.061,1.2,-0.0
1789,2013-05-29 06:30:00,0.042803674936294556,0.12186548858880997,1.0854533910751343,0.0,0.0,0.055,1.02313451141119,-0.0
1790,2013-05-29 07:00:00,0.0,0.24507515132427216,0.8124691843986511,0.0,0.0,0.084,1.2,-0.0
1791,2013-05-29 07:30:00,0.0008964403532445431,0.0720805674791336,1.0516221523284912,0.019,0.0,0.044,1.1020229921676217,-0.0
1792,2013-05-29 08:00:00,0.0,0.15198232233524323,0.8943466544151306,0.081,0.0,0.23,1.0949716933295133,-0.0
1793,2013-05-29 08:30:00,0.9060431718826294,0.40236717462539673,1.1136473417282104,0.05,0.0,0.092,1.0529716933295132,-0.0
1794,2013-05-29 09:00:00,0.42158374190330505,0.3452540338039398,0.8655446171760559,0.119,0.0,0.123,1.0489716933295132,-0.0
1795,2013-05-29 09:30:00,0.5535427927970886,0.5487101078033447,0.8684868216514587,0.269,0.0,0.398,0.9530283066704867,-0.0
1796,2013-05-29 10:00:00,0.2854645848274231,0.6220676898956299,0.9692399501800537,0.369,0.0,0.081,1.2,-0.0
1797,2013-05-29 10:30:00,0.3004913032054901,0.9858338832855225,0.5101287364959717,0.7,0.0,0.073,1.2,-0.0
1798,2013-05-29 11:00:00,0.1969006210565567,1.2000000476837158,0.6353949904441833,0.794,0.0,0.067,1.2,-0.0
1799,2013-05-29 11:30:00,0.22206103801727295,1.1977227926254272,0.6578244566917419,0.825,0.0,0.085,1.2,-0.0
1800,2013-05-29 12:00:00,0.2291620671749115,1.1676623821258545,0.666738748550415,0.9,0.0,0.084,1.2,-0.0
1801,2013-05-29 12:30:00,0.13216166198253632,1.1706821918487549,0.6647986173629761,0.969,0.0,0.146,1.2,-0.0
1802,2013-05-29 13:00:00,0.08671301603317261,1.15896475315094,0.7510183453559875,1.006,0.0,0.14400000000000002,1.2,-0.0
1803,2013-05-29 13:30:00,0.05857265368103981,1.1371452808380127,0.7386388778686523,1.075,0.0,0.08800000000000001,1.2,-0.0
1804,2013-05-29 14:00:00,0.05904658883810043,1.1509859561920166,0.6688999533653259,1.1,0.0,0.55,1.2,-0.0
1805,2013-05-29 14:30:00,0.38273870944976807,0.7782790064811707,0.995594322681427,1.0,0.0,0.14,1.2,-0.0
1806,2013-05-29 15:00:00,0.09462037682533264,1.1704332828521729,0.6211027503013611,0.856,0.0,0.043,1.2,-0.0
1807,2013-05-29 15:30:00,0.14933672547340393,1.1703979969024658,0.6581986546516418,0.581,0.0,0.954,0.677663274526596,-0.0
1808,2013-05-29 16:00:00,0.6653846502304077,0.0,0.8674050569534302,0.156,0.0,0.938,0.0,-0.01906063462257384
1809,2013-05-29 16:30:00,0.6444952487945557,1.141674518585205,1.0549023151397705,0.006,0.0,0.439,0.6159023151397705,-0.0
1810,2013-05-29 17:00:00,0.2801734507083893,0.71098792552948,0.6831982731819153,0.0,0.0,0.152,0.5311982731819153,-0.0
1811,2013-05-29 17:30:00,1.2000000476837158,0.898887574672699,0.5083629488945007,0.0,0.0,0.188,0.34319827318191526,-0.0
1812,2013-05-29 18:00:00,0.7555267214775085,0.9286283850669861,0.42668452858924866,0.0,0.0,0.14800000000000002,0.27868452858924864,-0.0
1813,2013-05-29 18:30:00,0.49290549755096436,1.0126502513885498,0.4345132112503052,0.0,0.0,0.4370000000000001,0.0,-0.0006714329624176325
1814,2013-05-29 19:00:00,0.05374516546726227,1.2000000476837158,1.015967607498169,0.0,0.0,0.953,0.06296760749816899,-0.0
1815,2013-05-29 19:30:00,0.8441946506500244,1.2000000476837158,1.099798321723938,0.0,0.0,0.206,0.893798321723938,-0.0
1816,2013-05-29 20:00:00,0.0,0.28720638155937195,0.6810113787651062,0.0,0.0,0.159,0.734798321723938,-0.0
1817,2013-05-29 20:30:00,0.002485666424036026,0.4393472373485565,0.5674440264701843,0.0,0.0,0.261,0.473798321723938,-0.0
1818,2013-05-29 21:00:00,0.9118557572364807,0.9178966879844666,0.6312668323516846,0.0,0.0,0.17,0.46126683235168453,-0.0
1819,2013-05-29 21:30:00,1.2000000476837158,0.963725209236145,0.5920350551605225,0.0,0.0,0.639,0.0,-0.01268053510665894
1820,2013-05-29 22:00:00,0.7131640911102295,1.1728301048278809,1.1034927368164062,0.0,0.0,0.061,1.0424927368164063,-0.0
1821,2013-05-29 22:30:00,0.04797578975558281,0.005448393523693085,1.0816152095794678,0.0,0.0,0.104,0.9776152095794678,-0.0
1822,2013-05-29 23:00:00,0.0470857247710228,0.04209797456860542,0.882051408290863,0.0,0.0,0.094,0.8836152095794677,-0.0
1823,2013-05-29 23:30:00,0.016092350706458092,0.2790640592575073,0.7088016271591187,0.0,0.0,0.701,0.4538776416778565,-0.07324085666656494
1824,2013-05-30 00:00:00,0.24953317642211914,1.2000000476837158,0.8473672270774841,0.0,1.063,0.14300000000000002,0.3526327729225158,-0.017924788069725077
1825,2013-05-30 00:30:00,0.9988766312599182,1.2000000476837158,1.1151230335235596,0.0,1.225,0.065,0.4047344064712523,-0.0
1826,2013-05-30 01:00:00,1.063920497894287,1.2000000476837158,1.1591328382492065,0.0,1.238,0.075,0.2775311393737793,-0.0
1827,2013-05-30 01:30:00,1.0718671083450317,1.1956627368927002,1.1757535934448242,0.0,0.519,0.043,1.2,-0.0
1828,2013-05-30 02:00:00,0.17588289082050323,0.03154726326465607,1.0896013975143433,0.0,0.306,0.08199999999999999,0.7804527367353439,-0.0
1829,2013-05-30 02:30:00,0.8882884383201599,0.7402962446212769,1.0144014358520508,0.0,0.913,0.036000000000000004,0.3497982819080352,-0.0
1830,2013-05-30 03:00:00,1.0731374025344849,1.180411458015442,1.1325812339782715,0.0,0.0,0.125,1.2,-0.0
1831,2013-05-30 03:30:00,0.38567548990249634,0.0,1.2000000476837158,0.0,0.0,0.6509999999999999,0.5490000476837159,-0.0
1832,2013-05-30 04:00:00,0.19437164068222046,0.7486215233802795,0.8793860077857971,0.0,0.388,0.095,1.2,-0.0
1833,2013-05-30 04:30:00,0.45033228397369385,0.0,1.1840896606445312,0.0,0.631,0.026,0.5429999999999999,-0.0
1834,2013-05-30 05:00:00,1.2000000476837158,0.7994081974029541,0.9523670673370361,0.0,0.0,0.13,1.2,-0.0
1835,2013-05-30 05:30:00,0.139527827501297,0.36530134081840515,1.184752106666565,0.0,0.0,1.4380000000000002,0.015247893333435014,-0.16700829322099692
1836,2013-05-30 06:00:00,1.2000000476837158,1.1948015689849854,0.8581939935684204,0.0,0.0,0.728,1.2,-0.0
1837,2013-05-30 06:30:00,1.2000000476837158,0.0195466298609972,1.2000000476837158,0.0,0.0,0.11,1.0704534178227185,-0.0
1838,2013-05-30 07:00:00,0.09903539717197418,0.18737076222896576,0.8873170614242554,0.0,0.0,0.093,1.178722402125597,-0.0
1839,2013-05-30 07:30:00,0.10771737992763519,0.18245768547058105,1.1483768224716187,0.013,0.0,0.35100000000000003,0.6830975102782249,-0.0
1840,2013-05-30 08:00:00,0.4661158323287964,0.7298378944396973,0.931621789932251,0.063,0.0,0.414,0.9639670850038531,-0.0
1841,2013-05-30 08:30:00,0.8279542326927185,0.47649821639060974,1.150115728378296,0.075,0.0,0.235,0.9151157283782959,-0.0
1842,2013-05-30 09:00:00,0.8403089046478271,0.5240099430084229,0.9945468902587891,0.138,0.0,0.459,0.5941157283782958,-0.0
1843,2013-05-30 09:30:00,1.0562433004379272,0.7592905759811401,0.6842848658561707,0.3,0.0,0.159,0.7351157283782959,-0.0
1844,2013-05-30 10:00:00,0.8343374133110046,0.7260517477989197,0.7584125399589539,0.563,0.0,0.149,1.2,-0.0
1845,2013-05-30 10:30:00,0.38125795125961304,1.032039999961853,0.4667719006538391,0.688,0.0,0.042,1.2,-0.0
1846,2013-05-30 11:00:00,0.31516963243484497,1.1486339569091797,0.5005676746368408,0.775,0.0,0.28800000000000003,1.2,-0.0
1847,2013-05-30 11:30:00,0.5005226731300354,0.7170823812484741,0.9316971898078918,0.831,0.0,0.17800000000000002,1.2,-0.0
1848,2013-05-30 12:00:00,0.37568584084510803,1.1623872518539429,0.626262366771698,0.794,0.0,0.64,0.978314159154892,-0.0
1849,2013-05-30 12:30:00,0.5046675801277161,0.6036339998245239,0.6332478523254395,0.963,0.0,0.34600000000000003,1.2,-0.0
1850,2013-05-30 13:00:00,0.2865028977394104,0.8968911170959473,0.9183681011199951,0.994,0.0,0.255,1.2,-0.0
1851,2013-05-30 13:30:00,0.13085386157035828,1.1260756254196167,0.677929699420929,1.063,0.0,0.409,1.2,-0.0
1852,2013-05-30 14:00:00,0.212911456823349,1.0292373895645142,0.9139596819877625,0.8,0.0,0.05,1.2,-0.0
1853,2013-05-30 14:30:00,0.17381857335567474,1.1535801887512207,0.5673622488975525,0.475,0.0,0.126,1.2,-0.0
1854,2013-05-30 15:00:00,0.1870841681957245,0.9132212400436401,0.3756735026836395,0.644,0.0,0.171,1.2,-0.0
1855,2013-05-30 15:30:00,0.2511591911315918,1.0301477909088135,0.50779128074646,0.444,0.0,0.301,1.0918408088684082,-0.0
1856,2013-05-30 16:00:00,0.2851410210132599,0.6985265016555786,0.805956244468689,0.206,0.0,0.214,1.0941591911315918,-0.0
1857,2013-05-30 16:30:00,0.3688732981681824,0.8197409510612488,0.8414034843444824,0.069,0.0,0.268,0.8951591911315917,-0.0
1858,2013-05-30 17:00:00,0.6621152758598328,0.580625057220459,0.8537073135375977,0.013,0.0,0.161,0.7471591911315917,-0.0
1859,2013-05-30 17:30:00,0.19428089261054993,0.3825203776359558,0.46316275000572205,0.0,0.0,0.211,0.5361591911315917,-0.0
1860,2013-05-30 18:00:00,1.0104466676712036,0.8137453198432922,0.5227590799331665,0.0,0.0,0.14800000000000002,0.3881591911315917,-0.0
1861,2013-05-30 18:30:00,0.941244900226593,0.9448635578155518,0.3907674252986908,0.0,0.0,0.369,0.0217674252986908,-0.0
1862,2013-05-30 19:00:00,0.0,1.1901642084121704,0.9688579440116882,0.0,0.0,0.931,0.03785794401168818,-0.0
1863,2013-05-30 19:30:00,0.9639497995376587,1.1794682741165161,1.0501242876052856,0.0,0.0,0.17600000000000002,0.8741242876052856,-0.0
1864,2013-05-30 20:00:00,0.011865572072565556,0.2387106865644455,0.5237651467323303,0.0,0.0,0.496,0.3781242876052856,-0.0
1865,2013-05-30 20:30:00,0.36353978514671326,0.9986189603805542,0.6588231921195984,0.0,0.0,0.312,0.3468231921195984,-0.0
1866,2013-05-30 21:00:00,0.23180408775806427,0.9115473031997681,0.5162492990493774,0.0,0.0,0.276,0.24024929904937742,-0.0
1867,2013-05-30 21:30:00,0.04426363855600357,1.0109360218048096,0.6436333060264587,0.0,0.0,0.5670000000000001,0.07663330602645868,-0.0
1868,2013-05-30 22:00:00,0.2130904495716095,1.109143853187561,0.9604305624961853,0.0,0.0,0.172,0.7884305624961854,-0.0
1869,2013-05-30 22:30:00,0.047458671033382416,0.3019917607307434,0.4234553575515747,0.0,0.0,0.224,0.5644305624961854,-0.0
1870,2013-05-30 23:00:00,0.6865159869194031,0.7398437261581421,0.5237267017364502,0.0,0.0,0.166,1.2,-0.0
1871,2013-05-30 23:30:00,0.021274900063872337,0.07047797739505768,1.042292594909668,0.0,0.0,0.81,0.3195220226049422,-0.0
1872,2013-05-31 00:00:00,0.5222609043121338,1.1477677822113037,0.9139808416366577,0.0,1.069,0.929,0.28601915836334224,-0.12712436616182327
1873,2013-05-31 00:30:00,0.24022872745990753,1.1759284734725952,0.8017581701278687,0.0,1.231,0.156,0.46503320980072005,-0.0
1874,2013-05-31 01:00:00,0.9137541651725769,1.14573335647583,0.9097402095794678,0.0,1.225,0.16,0.2902597904205322,-0.04078608295440676
1875,2013-05-31 01:30:00,0.8696829676628113,1.1395654678344727,1.0530561208724976,0.0,1.231,0.13699999999999998,0.5119149513244627,-0.0
1876,2013-05-31 02:00:00,0.9094468355178833,1.13592529296875,0.9016870260238647,0.0,0.769,0.177,0.4942448043823245,-0.0
1877,2013-05-31 02:30:00,0.824308454990387,1.1426979303359985,0.804782509803772,0.0,0.113,0.122,1.2,-0.0
1878,2013-05-31 03:00:00,0.3641184866428375,0.0,1.0103545188903809,0.0,1.231,0.311,0.1896454811096191,-0.10603454811096193
1879,2013-05-31 03:30:00,1.0222630500793457,1.1099556684494019,0.9960399866104126,0.0,0.2,0.81,1.1007533693313598,-0.0
1880,2013-05-31 04:00:00,1.1784213781356812,0.0,1.1555171012878418,0.0,0.0,0.212,0.9435171012878418,-0.0
1881,2013-05-31 04:30:00,0.0631626546382904,0.16472361981868744,0.831961989402771,0.0,0.0,0.117,0.8265171012878418,-0.0
1882,2013-05-31 05:00:00,0.07644177973270416,0.37896037101745605,0.8520959615707397,0.0,0.094,0.225,1.2,-0.0
1883,2013-05-31 05:30:00,0.13765713572502136,0.06769776344299316,1.183908462524414,0.0,0.888,1.464,0.016091537475585893,-0.33366311124801634
1884,2013-05-31 06:00:00,0.9015230536460876,1.1385449171066284,0.909474790096283,0.0,0.0,0.812,0.24516166448593135,-0.24214701270103456
1885,2013-05-31 06:30:00,1.0515668392181396,1.146419644355774,1.2000000476837158,0.0,0.0,0.03,1.2,-0.0
1886,2013-05-31 07:00:00,0.03356236219406128,0.24659939110279083,1.2000000476837158,0.0,0.0,0.098,0.855400656580925,-0.0
1887,2013-05-31 07:30:00,0.0399218425154686,0.5752393007278442,1.0630412101745605,0.006,0.0,0.35700000000000004,0.9449593861103054,-0.0
1888,2013-05-31 08:00:00,0.21740175783634186,0.5112177133560181,1.187320351600647,0.025,0.0,0.3,0.8488635144233707,-0.0
1889,2013-05-31 08:30:00,0.2785935699939728,0.6284515857696533,1.1113649606704712,0.031,0.0,0.337,0.7743649606704712,-0.0
1890,2013-05-31 09:00:00,0.3950786292552948,0.7469735145568848,0.8565123677253723,0.05,0.0,0.118,0.7385123677253723,-0.0
1891,2013-05-31 09:30:00,0.7323001623153687,0.5956041216850281,0.6241391897201538,0.25,0.0,0.05,0.9385123677253723,-0.0
1892,2013-05-31 10:00:00,0.2616589069366455,0.7687919735908508,0.7294034957885742,0.488,0.0,0.156,1.2,-0.0
1893,2013-05-31 10:30:00,0.27027031779289246,0.9656237959861755,0.6082809567451477,0.669,0.0,1.038,0.5917190432548523,-0.008367127482891082
1894,2013-05-31 11:00:00,0.6966789960861206,0.0457644946873188,1.1757936477661133,0.75,0.0,0.893,1.2,-0.0
1895,2013-05-31 11:30:00,0.09329108893871307,0.2050848752260208,0.8238850831985474,0.8190000000000001,0.0,0.369,1.2,-0.0
1896,2013-05-31 12:00:00,0.4358360767364502,0.6149998903274536,1.1104294061660767,0.888,0.0,0.08800000000000001,1.2,-0.0
1897,2013-05-31 12:30:00,0.1891237050294876,1.2000000476837158,0.8849719166755676,0.956,0.0,0.073,1.2,-0.0
1898,2013-05-31 13:00:00,0.12893737852573395,1.2000000476837158,0.8661746382713318,0.994,0.0,0.07,1.2,-0.0
1899,2013-05-31 13:30:00,0.10515308380126953,1.2000000476837158,0.851669192314148,1.069,0.0,0.08,1.2,-0.0
1900,2013-05-31 14:00:00,0.07444562762975693,1.2000000476837158,0.8154134154319763,1.088,0.0,0.062,1.2,-0.0
1901,2013-05-31 14:30:00,0.028794018551707268,1.2000000476837158,0.8047196269035339,0.981,0.0,0.08900000000000001,1.2,-0.0
1902,2013-05-31 15:00:00,0.06862863153219223,1.2000000476837158,0.7976071834564209,0.8440000000000001,0.0,0.053,1.2,-0.0
1903,2013-05-31 15:30:00,0.11235799640417099,1.2000000476837158,0.7976754307746887,0.55,0.0,0.1,1.2,-0.0
1904,2013-05-31 16:00:00,0.12505751848220825,1.1015379428863525,0.6382689476013184,0.238,0.0,0.042,1.2,-0.0
1905,2013-05-31 16:30:00,0.29449090361595154,0.9316232800483704,0.7151995897293091,0.019,0.0,0.111,1.089,-0.0
1906,2013-05-31 17:00:00,0.02003607712686062,0.12188903987407684,1.006284475326538,0.006,0.0,0.455,0.6399999999999999,-0.0
1907,2013-05-31 17:30:00,0.2654559016227722,0.8634231686592102,0.8261809349060059,0.0,0.0,0.706,0.1201809349060059,-0.0
1908,2013-05-31 18:00:00,0.5970090627670288,1.2000000476837158,1.1294342279434204,0.0,0.0,0.293,0.8364342279434205,-0.0
1909,2013-05-31 18:30:00,0.24323523044586182,0.6509153842926025,1.1015888452529907,0.0,0.0,0.293,0.8085888452529908,-0.0
1910,2013-05-31 19:00:00,0.2998829483985901,0.7090302109718323,1.061317801475525,0.0,0.0,0.157,0.9043178014755249,-0.0
1911,2013-05-31 19:30:00,0.0,0.31514132022857666,0.7657791972160339,0.0,0.0,0.214,0.6903178014755249,-0.0
1912,2013-05-31 20:00:00,0.09377864748239517,0.6600270867347717,0.6894704699516296,0.0,0.0,0.18600000000000005,0.5043178014755249,-0.0
1913,2013-05-31 20:30:00,1.1371498107910156,0.9956830143928528,0.6321758031845093,0.0,0.0,0.415,0.2171758031845093,-0.0
1914,2013-05-31 21:00:00,0.0,1.2000000476837158,1.026115894317627,0.0,0.0,0.199,0.8271158943176269,-0.0
1915,2013-05-31 21:30:00,0.0,0.5285298824310303,0.7297096252441406,0.0,0.0,0.31,0.5171158943176268,-0.0
1916,2013-05-31 22:00:00,0.48604142665863037,0.9351977705955505,0.8621721267700195,0.0,0.0,0.113,0.7491721267700195,-0.0
1917,2013-05-31 22:30:00,0.0,0.48213329911231995,0.6454482078552246,0.0,0.0,0.049,0.7001721267700195,-0.0
1918,2013-05-31 23:00:00,0.08577246963977814,0.6596332788467407,0.6617178916931152,0.0,0.0,0.14800000000000002,1.2,-0.0
1919,2013-05-31 23:30:00,0.03247795253992081,0.41123145818710327,1.2000000476837158,0.0,0.0,1.276,0.0,-0.13155248083591461
1920,2013-06-01 00:00:00,1.2000000476837158,1.2000000476837158,0.9662871360778809,0.0,0.0,0.06,1.2,-0.0
1921,2013-06-01 00:30:00,0.04678192362189293,0.0752038061618805,1.2000000476837158,0.0,0.0,0.113,1.0117962415218353,-0.0
1922,2013-06-01 01:00:00,0.021574752405285835,0.3873472213745117,1.0083298683166504,0.0,1.069,0.024,0.19167013168334956,-0.013640983610153205
1923,2013-06-01 01:30:00,1.0764174461364746,1.2000000476837158,1.0751622915267944,0.0,1.244,0.119,0.6536596889495849,-0.0
1924,2013-06-01 02:00:00,0.7628265023231506,1.1760764122009277,0.8387442827224731,0.0,0.213,0.131,0.7726042098999023,-0.0
1925,2013-06-01 02:30:00,0.5500738024711609,0.7296097278594971,0.5659762620925903,0.0,0.619,0.032,0.6741818523406982,-0.0
1926,2013-06-01 03:00:00,0.6751435995101929,0.9515807032585144,0.6819851398468018,0.0,0.5,0.142,0.6580555920600891,-0.0
1927,2013-06-01 03:30:00,0.598580002784729,0.926792562007904,0.5802100896835327,0.0,0.0,0.848,0.6197899103164672,-0.029887287240028437
1928,2013-06-01 04:00:00,1.0426949262619019,0.7667866945266724,0.7291385531425476,0.0,0.0,0.691,0.9026334848403931,-0.0
1929,2013-06-01 04:30:00,0.9461986422538757,0.48318442702293396,1.140958309173584,0.0,0.956,0.086,0.2695486032962796,-0.0
1930,2013-06-01 05:00:00,1.1683505773544312,1.2000000476837158,0.9635595083236694,0.0,0.0,0.181,1.2,-0.0
1931,2013-06-01 05:30:00,0.4120391011238098,0.1347954422235489,1.1988950967788696,0.0,0.0,0.7290000000000001,0.336204557776451,-0.0
1932,2013-06-01 06:00:00,0.4263078570365906,1.2000000476837158,1.0630724430084229,0.0,0.0,0.7509999999999999,0.9765908367633822,-0.0
1933,2013-06-01 06:30:00,1.2000000476837158,0.12423588335514069,1.2000000476837158,0.013,0.0,0.8059999999999999,0.2697641643285752,-0.0
1934,2013-06-01 07:00:00,0.7541599273681641,1.2000000476837158,1.047919511795044,0.044,0.0,0.644,1.128471623659134,-0.0
1935,2013-06-01 07:30:00,1.2000000476837158,0.11304741352796555,1.1916414499282837,0.106,0.0,0.11,1.0484809628129004,-0.0
1936,2013-06-01 08:00:00,0.39403972029685974,0.3679419755935669,1.033664345741272,0.188,0.0,0.096,0.8875770615935327,-0.0
1937,2013-06-01 08:30:00,1.1067094802856445,0.5236755609512329,1.0702567100524902,0.35,0.0,0.161,1.2,-0.0
1938,2013-06-01 09:00:00,0.31739628314971924,0.8927668333053589,0.6369093656539917,0.531,0.0,0.534,0.8796037168502807,-0.0
1939,2013-06-01 09:30:00,0.43025752902030945,0.32686373591423035,0.8093311190605164,0.888,0.0,0.131,1.2,-0.0
1940,2013-06-01 10:00:00,0.21825505793094635,1.1744306087493896,0.7294507026672363,1.006,0.0,0.14,1.2,-0.0
1941,2013-06-01 10:30:00,0.10028385370969772,1.1370347738265991,0.7448161840438843,1.081,0.0,0.138,1.2,-0.0
1942,2013-06-01 11:00:00,0.08455799520015717,1.1226521730422974,0.6651460528373718,1.369,0.0,0.154,1.2,-0.0
1943,2013-06-01 11:30:00,0.07846833020448685,1.13845694065094,0.5441882014274597,1.475,0.0,0.032,1.2,-0.0
1944,2013-06-01 12:00:00,0.06205776333808899,1.1301288604736328,0.49063584208488464,1.55,0.0,0.102,1.2,-0.0
1945,2013-06-01 12:30:00,0.036125488579273224,1.1522234678268433,0.463388592004776,1.6,0.0,0.329,1.2,-0.0
1946,2013-06-01 13:00:00,0.025445476174354553,1.1249275207519531,0.4451490640640259,1.631,0.0,0.241,1.2,-0.0
1947,2013-06-01 13:30:00,0.017635662108659744,1.1443532705307007,0.46324238181114197,1.65,0.0,0.394,1.2,-0.0
1948,2013-06-01 14:00:00,0.03778595104813576,1.1904292106628418,0.3709675669670105,1.625,0.0,0.221,1.2,-0.0
1949,2013-06-01 14:30:00,0.04759049415588379,1.1750237941741943,0.49941664934158325,1.594,0.0,0.184,1.2,-0.0
1950,2013-06-01 15:00:00,0.06917759031057358,1.170764684677124,0.5619199275970459,1.531,0.0,0.087,1.2,-0.0
1951,2013-06-01 15:30:00,0.07187847793102264,1.1853371858596802,0.57014399766922,1.444,0.0,0.07200000000000001,1.2,-0.0
1952,2013-06-01 16:00:00,0.056495118886232376,1.1625393629074097,0.6048426628112793,1.331,0.0,0.16,1.2,-0.0
1953,2013-06-01 16:30:00,0.021971188485622406,1.1167137622833252,0.6544240117073059,1.194,0.0,0.198,1.2,-0.0
1954,2013-06-01 17:00:00,0.06146056950092316,1.1711794137954712,0.7331405878067017,1.025,0.0,0.063,1.2,-0.0
1955,2013-06-01 17:30:00,0.06297960877418518,1.158505916595459,0.7628674507141113,0.838,0.0,0.119,1.2,-0.0
1956,2013-06-01 18:00:00,0.3329091966152191,1.1238619089126587,0.7749534249305725,0.631,0.0,0.155,1.2,-0.0
1957,2013-06-01 18:30:00,0.32898035645484924,0.8892029523849487,0.7721237540245056,0.425,0.0,0.189,1.1070196435451507,-0.0
1958,2013-06-01 19:00:00,0.287612646818161,0.5699110627174377,0.808058500289917,0.15,0.0,0.208,1.0849803564548492,-0.0
1959,2013-06-01 19:30:00,0.6392090916633606,0.6415041089057922,1.018876552581787,0.05,0.0,0.29100000000000004,0.8439803564548493,-0.0
1960,2013-06-01 20:00:00,0.6676045060157776,0.5752707719802856,0.9799826145172119,0.019,0.0,0.168,0.8119826145172119,-0.0
1961,2013-06-01 20:30:00,0.20433543622493744,0.3841148316860199,0.6787174940109253,0.0,0.0,0.177,0.6349826145172118,-0.0
1962,2013-06-01 21:00:00,0.27429530024528503,0.6879226565361023,0.7383646965026855,0.0,0.0,0.25,0.48836469650268555,-0.0
1963,2013-06-01 21:30:00,0.9862056970596313,0.8864873051643372,0.721659779548645,0.0,0.0,0.251,0.470659779548645,-0.0
1964,2013-06-01 22:00:00,0.9335543513298035,0.9117053747177124,0.7272330522537231,0.0,0.0,0.244,0.48323305225372315,-0.0
1965,2013-06-01 22:30:00,0.9735876321792603,0.8869083523750305,0.7612483501434326,0.0,0.0,0.136,0.6252483501434326,-0.0
1966,2013-06-01 23:00:00,0.6222906708717346,0.7339923977851868,0.7053134441375732,0.0,0.0,0.532,1.0835109019279476,-0.0
1967,2013-06-01 23:30:00,1.2000000476837158,0.10731399804353714,1.2000000476837158,0.0,0.0,0.498,0.5946860496401787,-0.0
1968,2013-06-02 00:00:00,0.18734250962734222,0.87842857837677,0.8959367275238037,0.0,0.0,0.06,1.2,-0.0
1969,2013-06-02 00:30:00,0.0006044693291187286,0.11092916131019592,1.2000000476837158,0.0,0.0,0.196,0.89307088637352,-0.0
1970,2013-06-02 01:00:00,0.01713201031088829,0.4670761823654175,1.172250509262085,0.0,1.063,0.193,0.09078204488754255,-0.0
1971,2013-06-02 01:30:00,0.7828880548477173,1.175342321395874,1.083856463432312,0.0,1.256,0.181,0.806093588829041,-0.0
1972,2013-06-02 02:00:00,0.7179619073867798,0.7494233250617981,0.5028626918792725,0.0,0.275,0.239,0.7243894972801197,-0.0
1973,2013-06-02 02:30:00,0.8186672329902649,0.8274672031402588,0.7926574349403381,0.0,0.363,0.14800000000000002,0.8127538022995017,-0.0
1974,2013-06-02 03:00:00,0.7572490572929382,0.6559616327285767,0.6387654542922974,0.0,0.725,0.314,0.5612345457077026,-0.07606002141952631
1975,2013-06-02 03:30:00,0.7756091952323914,1.1123554706573486,1.0895304679870605,0.0,0.0,0.8640000000000001,0.501175437927246,-0.0
1976,2013-06-02 04:00:00,1.1026725769042969,0.8435132503509521,0.6040148735046387,0.0,0.0,0.7440000000000001,1.0101358737945558,-0.0
1977,2013-06-02 04:30:00,1.1862422227859497,0.12375809997320175,1.2000000476837158,0.0,0.0,0.092,0.9842419477105141,-0.0
1978,2013-06-02 05:00:00,0.04310737922787666,0.3784596920013428,1.0829885005950928,0.0,0.938,0.114,0.20105641257762896,-0.0
1979,2013-06-02 05:30:00,0.9944210052490234,1.2000000476837158,1.015201210975647,0.0,0.0,1.335,0.6628871271610259,-0.0
1980,2013-06-02 06:00:00,0.7047253251075745,0.8980122208595276,0.8679143786430359,0.0,0.0,1.054,0.33208562135696407,-0.002665466065406801
1981,2013-06-02 06:30:00,0.8281701803207397,1.0988283157348633,0.7514097690582275,0.0,0.0,0.487,1.2,-0.0
1982,2013-06-02 07:00:00,1.2000000476837158,0.02394590713083744,1.1840990781784058,0.025,0.0,0.053,1.1230540928691626,-0.0
1983,2013-06-02 07:30:00,0.11298388242721558,0.07902397215366364,0.9553679823875427,0.113,0.0,0.209,1.0658839596807956,-0.0
1984,2013-06-02 08:00:00,0.7793508768081665,0.43043678998947144,1.1402312517166138,0.175,0.0,0.192,0.7116792503297329,-0.0
1985,2013-06-02 08:30:00,1.2000000476837158,0.6013298034667969,1.0493263006210327,0.263,0.0,0.243,0.8063263006210327,-0.0
1986,2013-06-02 09:00:00,0.2522852420806885,0.322926789522171,0.9387510418891907,0.381,0.0,0.36,0.8273263006210329,-0.0
1987,2013-06-02 09:30:00,0.30034583806991577,0.4146265387535095,0.9960034489631653,0.438,0.0,0.268,0.9973263006210327,-0.0
1988,2013-06-02 10:00:00,0.2786838710308075,0.584510087966919,0.9559004902839661,0.706,0.0,0.065,1.2,-0.0
1989,2013-06-02 10:30:00,0.26886123418807983,1.2000000476837158,0.6861400604248047,0.9,0.0,0.255,1.2,-0.0
1990,2013-06-02 11:00:00,0.412081241607666,0.885607123374939,1.0963108539581299,1.156,0.0,0.19,1.2,-0.0
1991,2013-06-02 11:30:00,0.035824500024318695,1.2000000476837158,0.9048148989677429,1.194,0.0,0.086,1.2,-0.0
1992,2013-06-02 12:00:00,0.004340523853898048,1.2000000476837158,0.8608461618423462,1.4,0.0,0.276,1.2,-0.0
1993,2013-06-02 12:30:00,0.006482369266450405,1.1794631481170654,0.9363570809364319,1.394,0.0,0.165,1.2,-0.0
1994,2013-06-02 13:00:00,0.014916006475687027,1.1760108470916748,0.781580924987793,1.638,0.0,0.241,1.2,-0.0
1995,2013-06-02 13:30:00,0.0,1.1603243350982666,0.7875604629516602,1.238,0.0,0.256,1.2,-0.0
1996,2013-06-02 14:00:00,0.046377334743738174,1.1717208623886108,0.9254773259162903,1.713,0.0,0.334,1.2,-0.0
1997,2013-06-02 14:30:00,0.04120800644159317,1.177464485168457,0.830754816532135,1.669,0.0,0.07400000000000001,1.2,-0.0
1998,2013-06-02 15:00:00,0.06411468982696533,1.1797728538513184,0.6955638527870178,1.6,0.0,0.151,1.2,-0.0
1999,2013-06-02 15:30:00,0.03631729632616043,1.1837037801742554,0.6760794520378113,1.494,0.0,0.059,1.2,-0.0
2000,2013-06-02 16:00:00,0.035559527575969696,1.2000000476837158,0.6465832591056824,1.388,0.0,0.21,1.2,-0.0
2001,2013-06-02 16:30:00,0.01692827418446541,1.2000000476837158,0.7127456665039062,1.244,0.0,0.32299999999999995,1.2,-0.0
2002,2013-06-02 17:00:00,0.0417357012629509,1.174420952796936,0.9794204831123352,1.075,0.0,0.129,1.2,-0.0
2003,2013-06-02 17:30:00,0.08766170591115952,1.2000000476837158,0.7757940888404846,0.8690000000000001,0.0,0.146,1.2,-0.0
2004,2013-06-02 18:00:00,0.25665482878685,1.1606439352035522,0.7885013818740845,0.6559999999999999,0.0,0.109,1.2,-0.0
2005,2013-06-02 18:30:00,0.2632429301738739,1.0781934261322021,0.6421207785606384,0.394,0.0,0.21,1.120757069826126,-0.0
2006,2013-06-02 19:00:00,0.3049885332584381,0.7502245903015137,0.8137427568435669,0.081,0.0,0.225,1.0542429301738738,-0.0
2007,2013-06-02 19:30:00,1.0514299869537354,0.3175573945045471,1.2000000476837158,0.031,0.0,0.198,1.0020000476837159,-0.0
2008,2013-06-02 20:00:00,0.80910724401474,0.21524769067764282,1.1699113845825195,0.006,0.0,0.191,0.9789113845825195,-0.0
2009,2013-06-02 20:30:00,0.0,0.1532205194234848,1.0405925512313843,0.0,0.0,0.206,0.8345925512313843,-0.0
2010,2013-06-02 21:00:00,0.0,0.36705726385116577,0.7317657470703125,0.0,0.0,0.292,0.5425925512313843,-0.0
2011,2013-06-02 21:30:00,0.5529950857162476,0.8305260539054871,0.7822449207305908,0.0,0.0,0.223,0.5592449207305908,-0.0
2012,2013-06-02 22:00:00,0.9294731020927429,0.8135482668876648,0.6853632926940918,0.0,0.0,0.165,0.5203632926940918,-0.0
2013,2013-06-02 22:30:00,1.1800411939620972,0.9100634455680847,0.6149428486824036,0.0,0.0,0.18,0.43494284868240357,-0.0
2014,2013-06-02 23:00:00,0.9541574716567993,0.9782844185829163,0.5949851274490356,0.0,0.0,0.736,1.0158298840522764,-0.0
2015,2013-06-02 23:30:00,1.1620922088623047,0.09822243452072144,1.2000000476837158,0.0,0.0,0.754,0.3477776131629944,-0.0
2016,2013-06-24 00:00:00,0.41644519567489624,1.1773608922958374,1.1400448083877563,0.0,1.069,0.057,0.6010838813781737,-0.0
2017,2013-06-24 00:30:00,0.8955859541893005,1.1643000841140747,0.9293254613876343,0.0,1.238,0.912,0.2706745386123657,-0.27375423854827885
2018,2013-06-24 01:00:00,0.26154735684394836,1.1514606475830078,1.1884160041809082,0.0,1.238,0.8540000000000001,0.011583995819091752,-0.05302630456924441
2019,2013-06-24 01:30:00,1.114439606666565,1.1932001113891602,0.9740646481513977,0.0,1.25,0.145,0.9886318969726562,-0.0
2020,2013-06-24 02:00:00,0.8271937370300293,0.4523908197879791,0.5922164916992188,0.0,1.25,0.138,0.6077835083007812,-0.1060038122034073
2021,2013-06-24 02:30:00,1.1790522336959839,0.9332042336463928,1.2000000476837158,0.0,0.08800000000000001,0.618,0.7452287974357604,-0.0
2022,2013-06-24 03:00:00,1.1494344472885132,0.6574150323867798,0.9094561338424683,0.0,0.831,0.6890000000000001,0.2905438661575317,-0.09677245322227472
2023,2013-06-24 03:30:00,0.6204296946525574,1.1777403354644775,1.063295602798462,0.0,0.381,1.154,0.306171932220459,-0.0
2024,2013-06-24 04:00:00,0.7920110821723938,1.1756669282913208,0.8500521183013916,0.0,0.0,0.262,1.2,-0.0
2025,2013-06-24 04:30:00,0.5615339875221252,0.12399481981992722,1.2000000476837158,0.0,0.05,0.065,0.9610052278637886,-0.0
2026,2013-06-24 05:00:00,0.0,0.33993715047836304,0.911995530128479,0.0,0.944,0.116,0.28800446987152095,-0.0026870605409145525
2027,2013-06-24 05:30:00,1.0004984140396118,1.17621648311615,0.9897022247314453,0.0,0.0,0.789,1.0587745771408081,-0.0
2028,2013-06-24 06:00:00,1.148234486579895,0.007256228476762772,1.2000000476837158,0.0,0.0,0.7020000000000001,0.490743819206953,-0.0
2029,2013-06-24 06:30:00,0.13033929467201233,0.9078927040100098,0.9148901700973511,0.0,0.0,0.767,0.9436196575760843,-0.0
2030,2013-06-24 07:00:00,1.0797902345657349,0.2677653431892395,1.1555451154708862,0.0,0.0,0.097,1.2,-0.0
2031,2013-06-24 07:30:00,0.0,0.027190569788217545,1.0217713117599487,0.0,0.0,0.051,1.1218094302117825,-0.0
2032,2013-06-24 08:00:00,0.0,0.04377782717347145,0.861236572265625,0.0,0.0,0.07400000000000001,1.0478094302117824,-0.0
2033,2013-06-24 08:30:00,0.0,0.11325491964817047,0.7194821238517761,0.0,0.0,0.265,0.7828094302117824,-0.0
2034,2013-06-24 09:00:00,0.0,0.4763595163822174,0.6566159129142761,0.0,0.0,0.16,0.6228094302117824,-0.0
2035,2013-06-24 09:30:00,0.5662051439285278,0.775593638420105,0.5520381927490234,0.069,0.0,0.448,0.2438094302117823,-0.0
2036,2013-06-24 10:00:00,0.22377146780490875,1.1829651594161987,0.7660285830497742,0.156,0.0,0.066,0.7000285830497741,-0.0
2037,2013-06-24 10:30:00,1.1710307598114014,0.8363006114959717,0.5813026428222656,0.206,0.0,0.096,0.8100285830497741,-0.0
2038,2013-06-24 11:00:00,0.81244295835495,0.6277067065238953,0.6589409112930298,0.431,0.0,0.057,1.2,-0.0
2039,2013-06-24 11:30:00,0.23062089085578918,1.0203487873077393,0.5571351051330566,0.8809999999999999,0.0,0.11,1.2,-0.0
2040,2013-06-24 12:00:00,0.31444117426872253,1.1791695356369019,0.8743677139282227,0.563,0.0,0.664,0.7845588257312773,-0.0
2041,2013-06-24 12:30:00,0.6845154762268066,0.07584396749734879,0.8209371566772461,0.45,0.0,0.706,0.9094411742687225,-0.0
2042,2013-06-24 13:00:00,1.081964373588562,0.31480783224105835,0.7704780101776123,0.306,0.0,1.105,0.42952198982238765,-0.011870054304599763
2043,2013-06-24 13:30:00,0.6721539497375488,0.22073045372962952,1.0309616327285767,0.363,0.0,0.846,0.18496163272857669,-0.0
2044,2013-06-24 14:00:00,0.6079154014587402,0.035329028964042664,1.1210808753967285,0.381,0.0,0.219,0.9020808753967285,-0.0
2045,2013-06-24 14:30:00,0.29404088854789734,0.5283383727073669,0.8467505574226379,0.275,0.0,0.171,1.0060808753967285,-0.0
2046,2013-06-24 15:00:00,0.2528994381427765,0.8391814231872559,0.7424720525741577,0.156,0.0,0.5579999999999999,0.6040808753967285,-0.0
2047,2013-06-24 15:30:00,0.9880965948104858,0.7496610879898071,0.6596269011497498,0.15,0.0,1.378,0.09445397424697877,-0.19396073668956754
2048,2013-06-24 16:00:00,1.1520825624465942,1.1790603399276733,0.9493710994720459,0.075,0.0,1.588,0.0,-0.17242980314254763
2049,2013-06-24 16:30:00,1.1496171951293945,1.1910895109176636,1.10819411277771,0.019,0.0,1.331,0.0,-0.060157589550018306
2050,2013-06-24 17:00:00,1.1588343381881714,1.2000000476837158,1.2000000476837158,0.0,0.0,0.969,0.23100004768371585,-0.0
2051,2013-06-24 17:30:00,0.6587870121002197,1.2000000476837158,1.1601321697235107,0.0,0.0,0.483,0.6771321697235108,-0.0
2052,2013-06-24 18:00:00,0.19823578000068665,0.7555412650108337,0.7728620767593384,0.0,0.0,0.403,0.36986207675933835,-0.0
2053,2013-06-24 18:30:00,0.21711896359920502,1.0527151823043823,0.6713894009590149,0.0,0.0,0.456,0.21538940095901488,-0.0
2054,2013-06-24 19:00:00,0.0,1.1995147466659546,0.9767618179321289,0.0,0.0,0.214,0.7627618179321289,-0.0
2055,2013-06-24 19:30:00,0.0,0.48972034454345703,0.5996294021606445,0.0,0.0,0.202,0.560761817932129,-0.0
2056,2013-06-24 20:00:00,1.0277177095413208,0.9473122358322144,0.664228618144989,0.0,0.0,0.481,0.18322861814498903,-0.0
2057,2013-06-24 20:30:00,0.01865379698574543,1.2000000476837158,1.064125657081604,0.0,0.0,0.17,0.894125657081604,-0.0
2058,2013-06-24 21:00:00,0.0009531155228614807,0.2568243443965912,0.7227253913879395,0.0,0.0,0.266,0.628125657081604,-0.0
2059,2013-06-24 21:30:00,0.3929077386856079,0.768846333026886,0.7741461396217346,0.0,0.0,0.326,0.4481461396217346,-0.0
2060,2013-06-24 22:00:00,0.4721651077270508,1.0519227981567383,0.7458044290542603,0.0,0.0,0.113,0.6328044290542603,-0.0
2061,2013-06-24 22:30:00,0.7750837802886963,0.9301002025604248,0.6349361538887024,0.0,0.0,0.056,0.5789361538887023,-0.0
2062,2013-06-24 23:00:00,1.174184799194336,1.0769014358520508,0.6509780287742615,0.0,0.0,0.127,1.2,-0.0
2063,2013-06-24 23:30:00,0.5368375182151794,0.06922004371881485,1.1561843156814575,0.0,0.0,0.665,0.46577995628118507,-0.0
2064,2013-06-25 00:00:00,0.3043433427810669,1.1367204189300537,1.0438591241836548,0.0,1.063,0.128,0.34071966850757607,-0.0
2065,2013-06-25 00:30:00,0.9332345128059387,1.2000000476837158,1.1590553522109985,0.0,1.231,0.092,0.39556061530113185,-0.0
2066,2013-06-25 01:00:00,1.013823390007019,1.1907832622528076,1.1253858804702759,0.0,1.238,0.047,0.3330955071449288,-0.0
2067,2013-06-25 01:30:00,1.0624202489852905,1.2000000476837158,1.1381455659866333,0.0,1.231,0.102,0.4008089380264265,-0.0
2068,2013-06-25 02:00:00,1.064100980758667,1.2000000476837158,1.1253950595855713,0.0,1.231,0.037000000000000005,0.33038207626343097,-0.0
2069,2013-06-25 02:30:00,1.1208947896957397,1.2000000476837158,1.151909351348877,0.0,0.6559999999999999,0.11,0.9732357997894222,-0.0
2070,2013-06-25 03:00:00,0.7604048848152161,0.36058613657951355,0.6410995721817017,0.0,0.188,0.093,1.011942263841642,-0.0
2071,2013-06-25 03:30:00,0.0,0.40063124895095825,1.1269491910934448,0.0,1.013,0.698,0.07305080890655513,-0.1643129780960153
2072,2013-06-25 04:00:00,0.6444649696350098,1.1250779628753662,1.0948065519332886,0.0,0.0,0.038,0.10332221984863277,-0.013287141094207764
2073,2013-06-25 04:30:00,1.1058567762374878,1.1457135677337646,0.9950363636016846,0.0,0.0,0.102,1.2,-0.0
2074,2013-06-25 05:00:00,0.0,0.0,1.072615623474121,0.0,0.619,0.083,0.49799999999999994,-0.0
2075,2013-06-25 05:30:00,1.1465811729431152,0.7759654521942139,0.8209397792816162,0.0,0.363,0.682,0.783034547805786,-0.0
2076,2013-06-25 06:00:00,1.1253430843353271,0.27361419796943665,1.108174443244934,0.0,0.0,0.028,0.8065602452754974,-0.0
2077,2013-06-25 06:30:00,0.5492122173309326,0.37980222702026367,0.7963894009590149,0.0,0.0,0.098,0.7085602452754974,-0.0
2078,2013-06-25 07:00:00,1.1094034910202026,0.6140009760856628,0.8646461963653564,0.0,0.0,0.055,1.2,-0.0
2079,2013-06-25 07:30:00,0.0,0.03520827367901802,1.1357306241989136,0.0,0.0,0.093,1.071791726320982,-0.0
2080,2013-06-25 08:00:00,0.0,0.008646145462989807,0.8777115345001221,0.025,0.0,0.263,0.833791726320982,-0.0
2081,2013-06-25 08:30:00,0.6598609089851379,0.4841102659702301,0.9568881988525391,0.081,0.0,0.46,0.49688819885253904,-0.0
2082,2013-06-25 09:00:00,0.994426429271698,0.7149360775947571,0.5980215668678284,0.106,0.0,0.158,0.44488819885253905,-0.0
2083,2013-06-25 09:30:00,1.0594613552093506,0.5888694524765015,0.4928230345249176,0.063,0.0,0.152,0.355888198852539,-0.0
2084,2013-06-25 10:00:00,0.8746871948242188,0.6550427675247192,0.453315407037735,0.081,0.0,0.079,0.37431540703773497,-0.0
2085,2013-06-25 10:30:00,1.0979588031768799,0.5810925364494324,0.4708227813243866,0.1,0.0,0.161,0.31331540703773497,-0.0
2086,2013-06-25 11:00:00,0.7569514513015747,0.6407576203346252,0.4769003689289093,0.138,0.0,0.061,0.4159003689289093,-0.0
2087,2013-06-25 11:30:00,1.140945553779602,0.627935528755188,0.4863590598106384,0.14400000000000002,0.0,0.35600000000000004,0.20390036892890923,-0.0
2088,2013-06-25 12:00:00,0.2172941267490387,1.0354888439178467,0.9045496582984924,0.2,0.0,0.07,0.8345496582984924,-0.0
2089,2013-06-25 12:30:00,0.8310497999191284,0.6894901394844055,0.6301195621490479,0.194,0.0,0.69,0.39843009614944447,-0.016167718219757068
2090,2013-06-25 13:00:00,1.1681880950927734,0.7546412348747253,0.7058161497116089,0.15,0.0,1.635,0.0,-0.25087963957786563
2091,2013-06-25 13:30:00,1.191653847694397,1.2000000476837158,0.9639230370521545,0.519,0.0,0.35700000000000004,0.6069230370521546,-0.0
2092,2013-06-25 14:00:00,0.49739301204681396,0.24342085421085358,0.8818799257278442,0.206,0.0,0.08,0.8018799257278443,-0.0
2093,2013-06-25 14:30:00,0.9400663375854492,0.7907430529594421,0.5735471248626709,0.35,0.0,0.915,0.5783328008651734,-0.09219227628707888
2094,2013-06-25 15:00:00,0.15822270512580872,1.2000000476837158,1.0707428455352783,0.463,0.0,1.673,0.0,-0.0803195620894432
2095,2013-06-25 15:30:00,0.40709152817726135,0.055342793464660645,1.1980894804000854,0.069,0.0,1.628,0.0,-0.1160758402919769
2096,2013-06-25 16:00:00,1.2000000476837158,1.2000000476837158,1.2000000476837158,0.081,0.0,1.664,0.0,-0.1252799871253967
2097,2013-06-25 16:30:00,1.2000000476837158,1.2000000476837158,1.2000000476837158,0.025,0.0,1.61,0.0,-0.11069998712539676
2098,2013-06-25 17:00:00,1.2000000476837158,1.2000000476837158,1.1949589252471924,0.0,0.0,0.659,0.5359589252471924,-0.0
2099,2013-06-25 17:30:00,0.31052976846694946,1.027712345123291,0.8918845057487488,0.0,0.0,0.145,0.7468845057487488,-0.0
2100,2013-06-25 18:00:00,0.08163928240537643,0.5478100776672363,0.5714085102081299,0.0,0.0,0.8959999999999999,0.17547599554061888,-0.0876397022438049
2101,2013-06-25 18:30:00,0.45746827125549316,1.2000000476837158,1.0092724561691284,0.0,0.0,0.225,0.7842724561691284,-0.0
2102,2013-06-25 19:00:00,0.04591365158557892,0.662160336971283,0.6927897334098816,0.0,0.0,0.228,0.5562724561691285,-0.0
2103,2013-06-25 19:30:00,0.9510626792907715,0.8712806701660156,0.6704792380332947,0.0,0.0,0.203,0.46747923803329466,-0.0
2104,2013-06-25 20:00:00,1.1929513216018677,0.9482405781745911,0.6055682301521301,0.0,0.0,0.211,0.39456823015213016,-0.0
2105,2013-06-25 20:30:00,0.9313617944717407,0.941046953201294,0.5490472912788391,0.0,0.0,0.209,0.34004729127883915,-0.0
2106,2013-06-25 21:00:00,0.5447968244552612,0.9824050068855286,0.4839596748352051,0.0,0.0,0.195,0.28895967483520507,-0.0
2107,2013-06-25 21:30:00,0.12356318533420563,1.0251352787017822,0.5190652012825012,0.0,0.0,0.431,0.08806520128250123,-0.0
2108,2013-06-25 22:00:00,0.0,1.1551177501678467,1.0149258375167847,0.0,0.0,0.316,0.6989258375167846,-0.0
2109,2013-06-25 22:30:00,0.32723715901374817,0.6486582159996033,0.8186488151550293,0.0,0.0,0.115,0.7036488151550293,-0.0
2110,2013-06-25 23:00:00,0.04766353964805603,0.34521037340164185,0.5972015857696533,0.0,0.0,0.731,0.45165760278701783,-0.1293323726606369
2111,2013-06-25 23:30:00,0.3419567048549652,1.1208372116088867,0.9439806342124939,0.0,0.0,1.544,0.25601936578750606,-0.06052638140201573
2112,2013-06-26 00:00:00,0.944663405418396,1.1321544647216797,0.9426577687263489,0.0,1.081,0.029,0.8458068037033081,-0.0
2113,2013-06-26 00:30:00,0.6359878182411194,0.7794015407562256,0.5203651189804077,0.0,1.225,0.815,0.6796348810195922,-0.29761500291824344
2114,2013-06-26 01:00:00,0.5418545603752136,1.1669191122055054,0.7038509249687195,0.0,1.231,0.865,0.4961490750312805,-0.2988837949275971
2115,2013-06-26 01:30:00,0.37423479557037354,1.15114426612854,1.0190532207489014,0.0,1.238,0.93,0.1809467792510986,-0.24094508276939394
2116,2013-06-26 02:00:00,0.052017442882061005,1.1573566198349,1.2000000476837158,0.0,0.419,0.857,0.8047498693466186,-0.0
2117,2013-06-26 02:30:00,1.1693506240844727,0.0,1.2000000476837158,0.0,0.431,0.449,0.32000004768371576,-0.0
2118,2013-06-26 03:00:00,0.2829820513725281,1.1210658550262451,0.9914286732673645,0.0,0.738,0.163,0.9379340496063233,-0.0
2119,2013-06-26 03:30:00,0.6645254492759705,0.300198495388031,0.7254003882408142,0.0,0.0,1.054,0.47459961175918575,-0.028259875717163166
2120,2013-06-26 04:00:00,0.5106610655784607,0.8662109375,0.8990190625190735,0.0,0.0,0.595,1.1895898389816284,-0.0
2121,2013-06-26 04:30:00,1.2000000476837158,0.0,1.2000000476837158,0.0,0.0,0.095,1.1050000476837158,-0.0
2122,2013-06-26 05:00:00,0.00794693548232317,0.0,1.0033504962921143,0.0,0.969,0.085,0.10164955139160159,-0.013675366001129145
2123,2013-06-26 05:30:00,0.964590311050415,1.0890824794769287,1.0272537469863892,0.0,0.0,1.075,0.16347828388214114,-0.296432873249054
2124,2013-06-26 06:00:00,0.9149330258369446,1.0860047340393066,1.0794905424118042,0.0,0.0,0.648,1.2,-0.0
2125,2013-06-26 06:30:00,1.1479384899139404,0.0,1.2000000476837158,0.0,0.0,0.888,0.3120000476837158,-0.0
2126,2013-06-26 07:00:00,0.343485027551651,1.1000432968139648,1.1572470664978027,0.0,0.0,0.061,1.2,-0.0
2127,2013-06-26 07:30:00,0.0,0.08802467584609985,1.1090832948684692,0.0,0.0,0.098,1.0139753241539,-0.0
2128,2013-06-26 08:00:00,0.0,0.11047224700450897,0.7962090969085693,0.0,0.0,0.223,0.7909753241539,-0.0
2129,2013-06-26 08:30:00,0.018578095361590385,0.41132110357284546,0.984838604927063,0.0,0.0,0.211,0.773838604927063,-0.0
2130,2013-06-26 09:00:00,0.06069069728255272,0.4149315059185028,0.6452205181121826,0.0,0.0,0.407,0.36683860492706305,-0.0
2131,2013-06-26 09:30:00,0.2465205192565918,1.0906537771224976,0.687405526638031,0.0,0.0,0.149,0.538405526638031,-0.0
2132,2013-06-26 10:00:00,1.1925297975540161,0.9915809631347656,0.6044003963470459,0.075,0.0,0.069,0.544405526638031,-0.0
2133,2013-06-26 10:30:00,1.194179892539978,0.9313769340515137,0.5661861896514893,0.419,0.0,0.078,0.885405526638031,-0.0
2134,2013-06-26 11:00:00,0.19948150217533112,0.9700387120246887,0.6464496850967407,0.375,0.0,0.219,1.041405526638031,-0.0
2135,2013-06-26 11:30:00,0.2001868188381195,0.7871639132499695,0.908655047416687,0.438,0.0,0.529,1.2,-0.0
2136,2013-06-26 12:00:00,0.8754429817199707,0.5344698429107666,1.0515559911727905,0.425,0.0,0.235,0.965,-0.0
2137,2013-06-26 12:30:00,0.1811424344778061,0.5625692009925842,0.9339659810066223,0.6,0.0,0.16699999999999998,1.2,-0.0
2138,2013-06-26 13:00:00,0.2113690823316574,0.955400288105011,0.6871762275695801,0.525,0.0,0.053,1.2,-0.0
2139,2013-06-26 13:30:00,0.07580803334712982,1.0922417640686035,0.5877297520637512,0.625,0.0,0.6729999999999999,1.0761919666528703,-0.0
2140,2013-06-26 14:00:00,0.5673807263374329,0.41606980562210083,0.9363155961036682,0.419,0.0,0.34600000000000003,0.9778080333471295,-0.0
2141,2013-06-26 14:30:00,0.22740963101387024,0.5240887403488159,1.0228217840194702,0.838,0.0,0.298,1.2,-0.0
2142,2013-06-26 15:00:00,0.3117423951625824,0.4774874746799469,1.0620253086090088,0.438,0.0,1.036,0.29025760483741747,-0.0
2143,2013-06-26 15:30:00,0.5524933338165283,0.0,1.2000000476837158,0.281,0.0,1.605,0.0,-0.10934998712539673
2144,2013-06-26 16:00:00,1.1129570007324219,0.0,1.2000000476837158,0.069,0.0,1.568,0.0,-0.09935998712539675
2145,2013-06-26 16:30:00,1.2000000476837158,1.1820366382598877,1.2000000476837158,0.031,0.0,1.179,0.021000047683715772,-0.0
2146,2013-06-26 17:00:00,1.1385219097137451,1.1642568111419678,1.2000000476837158,0.0,0.0,0.385,0.8150000476837158,-0.0
2147,2013-06-26 17:30:00,0.5670684576034546,0.491542786359787,1.196548581123352,0.0,0.0,0.161,1.035548581123352,-0.0
2148,2013-06-26 18:00:00,0.02845150977373123,0.05211976170539856,0.9977465271949768,0.0,0.0,0.5710000000000001,0.46454858112335196,-0.0
2149,2013-06-26 18:30:00,0.29697391390800476,1.030918836593628,0.9027085304260254,0.0,0.0,0.241,0.6617085304260254,-0.0
2150,2013-06-26 19:00:00,0.15920542180538177,0.6951751708984375,0.7442723512649536,0.0,0.0,0.255,0.4892723512649536,-0.0
2151,2013-06-26 19:30:00,1.0506349802017212,1.0097805261611938,0.6837428212165833,0.0,0.0,0.196,0.48774282121658324,-0.0
2152,2013-06-26 20:00:00,1.1822551488876343,1.0276917219161987,0.6256018280982971,0.0,0.0,0.24,0.38560182809829713,-0.0
2153,2013-06-26 20:30:00,0.6921721696853638,1.0928828716278076,0.5484678745269775,0.0,0.0,0.211,0.3374678745269776,-0.0
2154,2013-06-26 21:00:00,0.4478434920310974,1.084754467010498,0.5235515236854553,0.0,0.0,0.224,0.29955152368545535,-0.0
2155,2013-06-26 21:30:00,0.1281552016735077,1.1115357875823975,0.5788173079490662,0.0,0.0,0.252,0.32681730794906616,-0.0
2156,2013-06-26 22:00:00,0.16483235359191895,1.1012827157974243,0.5743042230606079,0.0,0.0,0.638,0.0,-0.01719785977363587
2157,2013-06-26 22:30:00,0.717517614364624,1.2000000476837158,1.1329044103622437,0.0,0.0,0.232,0.9009044103622437,-0.0
2158,2013-06-26 23:00:00,0.027897866442799568,0.2673693299293518,0.7754294872283936,0.0,0.0,0.314,0.5869044103622436,-0.0
2159,2013-06-26 23:30:00,0.884280264377594,0.898419201374054,0.8147803544998169,0.0,0.0,0.6940000000000001,0.8337719779014586,-0.0
2160,2013-06-27 00:00:00,1.068385124206543,0.436813622713089,1.0846478939056396,0.0,1.069,0.079,0.34764242148399344,-0.0
2161,2013-06-27 00:30:00,1.0453599691390991,1.2000000476837158,1.0242114067077637,0.0,1.238,0.107,0.3597151093482971,-0.0
2162,2013-06-27 01:00:00,1.0212255716323853,1.2000000476837158,1.1505330801010132,0.0,1.244,0.028,0.40856973361968985,-0.0
2163,2013-06-27 01:30:00,1.0441064834594727,1.1923702955245972,1.1683343648910522,0.0,1.238,0.161,0.19149023723602301,-0.0
2164,2013-06-27 02:00:00,1.09352707862854,1.2000000476837158,1.1748429536819458,0.0,1.206,0.132,0.6790194778442381,-0.0
2165,2013-06-27 02:30:00,0.6351267099380493,1.022342562675476,0.6717890501022339,0.0,0.0,0.117,1.1026184816360476,-0.0
2166,2013-06-27 03:00:00,0.3245377242565155,0.0,0.9536689519882202,0.0,0.963,0.085,0.14894952964782737,-0.023883104801177977
2167,2013-06-27 03:30:00,1.0945278406143188,1.1793158054351807,0.9722954630851746,0.0,0.256,0.693,1.1737851352691644,-0.0
2168,2013-06-27 04:00:00,1.2000000476837158,0.017783278599381447,1.2000000476837158,0.0,0.0,0.03,1.1522167690843343,-0.0
2169,2013-06-27 04:30:00,0.0,0.03760477155447006,0.9942238926887512,0.0,0.0,0.108,1.0442167690843345,-0.0
2170,2013-06-27 05:00:00,0.009805467911064625,0.12875282764434814,0.800564706325531,0.0,0.963,0.104,0.3724048904031516,-0.05719881213188172
2171,2013-06-27 05:30:00,1.149706482887268,1.1987364292144775,1.0236432552337646,0.0,0.0,0.6759999999999999,0.9804537899792192,-0.0
2172,2013-06-27 06:00:00,1.1759542226791382,0.029781583696603775,1.1835988759994507,0.0,0.0,0.047,1.106817292302847,-0.0
2173,2013-06-27 06:30:00,0.0,0.031738877296447754,0.8127865791320801,0.0,0.0,0.077,1.029817292302847,-0.0
2174,2013-06-27 07:00:00,0.0,0.08324210345745087,0.6877011060714722,0.0,0.0,0.086,0.943817292302847,-0.0
2175,2013-06-27 07:30:00,0.0,0.25310149788856506,0.7021628618240356,0.0,0.0,0.067,0.876817292302847,-0.0
2176,2013-06-27 08:00:00,0.0,0.5104920268058777,0.8480038046836853,0.038,0.0,0.262,1.1118733885884282,-0.0
2177,2013-06-27 08:30:00,0.6579990386962891,0.34432515501976013,1.15938138961792,0.044,0.0,0.505,0.6543813896179199,-0.0
2178,2013-06-27 09:00:00,0.3800759017467499,0.7842648029327393,0.5469759106636047,0.16899999999999998,0.0,0.044,0.7793813896179198,-0.0
2179,2013-06-27 09:30:00,0.9221429228782654,0.700063943862915,0.643985390663147,0.338,0.0,0.119,0.9983813896179199,-0.0
2180,2013-06-27 10:00:00,0.23599852621555328,0.881371021270752,0.5951029658317566,0.269,0.0,0.039,1.2,-0.0
2181,2013-06-27 10:30:00,0.30708423256874084,0.9557291269302368,0.6702326536178589,0.406,0.0,0.115,1.1839157674312593,-0.0
2182,2013-06-27 11:00:00,0.3268842399120331,0.9619020223617554,0.5202698707580566,0.219,0.0,0.412,0.8040842325687407,-0.0
2183,2013-06-27 11:30:00,0.32266873121261597,0.4759451746940613,0.963079571723938,0.388,0.0,1.246,0.1636733920574187,-0.05874907306194308
2184,2013-06-27 12:00:00,0.26546674966812134,0.0,1.1576975584030151,0.281,0.0,1.145,0.02823080873489392,-0.0
2185,2013-06-27 12:30:00,0.4952927529811859,0.012181593105196953,1.0601657629013062,0.313,0.0,0.465,0.5951657629013061,-0.0
2186,2013-06-27 13:00:00,0.7408565878868103,0.07103373110294342,0.744032084941864,0.838,0.0,0.056,1.2,-0.0
2187,2013-06-27 13:30:00,0.09161585569381714,1.2000000476837158,0.5878183245658875,0.594,0.0,0.122,1.2,-0.0
2188,2013-06-27 14:00:00,0.17179608345031738,1.0508201122283936,0.5567100644111633,0.269,0.0,0.049,1.2,-0.0
2189,2013-06-27 14:30:00,0.30820319056510925,0.9856247305870056,0.6730545163154602,0.225,0.0,0.121,1.079,-0.0
2190,2013-06-27 15:00:00,0.30508434772491455,0.9219513535499573,0.678961992263794,0.194,0.0,0.049,1.2,-0.0
2191,2013-06-27 15:30:00,0.285127192735672,0.9442014098167419,0.7819942831993103,0.075,0.0,0.13,1.0699999999999998,-0.0
2192,2013-06-27 16:00:00,0.8357613682746887,0.3874417543411255,1.0042524337768555,0.125,0.0,0.113,1.0819999999999999,-0.0
2193,2013-06-27 16:30:00,0.4357967674732208,0.6266822814941406,0.8179144859313965,0.044,0.0,0.214,0.9119999999999999,-0.0
2194,2013-06-27 17:00:00,0.8067371249198914,0.48429176211357117,0.8554290533065796,0.0,0.0,0.17800000000000002,0.7339999999999999,-0.0
2195,2013-06-27 17:30:00,0.08903944492340088,0.4696151316165924,0.47644302248954773,0.0,0.0,0.308,0.4259999999999999,-0.0
2196,2013-06-27 18:00:00,0.45970234274864197,0.948850154876709,0.5150591135025024,0.0,0.0,0.224,0.29105911350250246,-0.0
2197,2013-06-27 18:30:00,0.061353929340839386,1.0753235816955566,0.5068634748458862,0.0,0.0,0.259,0.24786347484588622,-0.0
2198,2013-06-27 19:00:00,0.04162199795246124,1.1608308553695679,0.6669420003890991,0.0,0.0,0.196,0.4709420003890991,-0.0
2199,2013-06-27 19:30:00,1.1039338111877441,0.9513967633247375,0.5322568416595459,0.0,0.0,0.255,0.2772568416595459,-0.0
2200,2013-06-27 20:00:00,0.03282039612531662,1.0593233108520508,0.610604465007782,0.0,0.0,0.21,0.400604465007782,-0.0
2201,2013-06-27 20:30:00,0.6651535630226135,0.9743695259094238,0.4923775792121887,0.0,0.0,0.241,0.25137757921218873,-0.0
2202,2013-06-27 21:00:00,0.028249964118003845,1.0418074131011963,0.6758588552474976,0.0,0.0,0.208,0.4678588552474976,-0.0
2203,2013-06-27 21:30:00,1.0431030988693237,0.9484428763389587,0.5947110056877136,0.0,0.0,0.584,0.01071100568771366,-0.0
2204,2013-06-27 22:00:00,0.28501251339912415,1.1895896196365356,1.1028498411178589,0.0,0.0,0.121,0.9818498411178589,-0.0
2205,2013-06-27 22:30:00,0.01890350691974163,0.1175856813788414,0.6795443892478943,0.0,0.0,0.114,0.8678498411178589,-0.0
2206,2013-06-27 23:00:00,0.01783795841038227,0.2585564851760864,0.6581311821937561,0.0,0.0,0.189,0.678849841117859,-0.0
2207,2013-06-27 23:30:00,1.1479219198226929,0.7738506197929382,0.8540841937065125,0.0,0.0,0.746,0.7224496979713437,-0.0
2208,2013-06-28 00:00:00,0.5574452877044678,0.7007770538330078,0.7358134388923645,0.0,1.063,0.528,0.46418656110763545,-0.1498463010883331
2209,2013-06-28 00:30:00,0.34183815121650696,1.2000000476837158,1.1299184560775757,0.0,1.231,0.07200000000000001,0.16862683010101304,-0.0
2210,2013-06-28 01:00:00,0.9482707381248474,1.1862021684646606,1.1410731077194214,0.0,1.244,0.077,0.7555441713333131,-0.0
2211,2013-06-28 01:30:00,0.5522583723068237,0.9499655961990356,0.5525816679000854,0.0,1.244,0.076,0.6474183320999145,-0.09576722709655765
2212,2013-06-28 02:00:00,1.1836591958999634,0.7768942713737488,1.2000000476837158,0.0,1.181,0.07,0.2772691121101379,-0.0
2213,2013-06-28 02:30:00,0.8598265051841736,1.127188801765442,1.029522180557251,0.0,0.0,0.081,1.2,-0.0
2214,2013-06-28 03:00:00,0.0,0.07540586590766907,1.0364603996276855,0.0,0.975,0.12,0.1635396003723144,-0.033794546627998356
2215,2013-06-28 03:30:00,0.9609262347221375,1.117768406867981,0.8723333477973938,0.0,0.344,0.6829999999999999,1.1281523923873902,-0.0
2216,2013-06-28 04:00:00,1.192801594734192,0.0,1.1261279582977295,0.0,0.0,0.054000000000000006,1.0741523923873901,-0.0
2217,2013-06-28 04:30:00,0.0,0.034054774791002274,0.9203497767448425,0.0,0.0,0.096,0.9781523923873902,-0.0
2218,2013-06-28 05:00:00,0.031714972108602524,0.12988020479679108,0.7529300451278687,0.0,0.825,0.101,0.3551025520563127,-0.047465015966892246
2219,2013-06-28 05:30:00,1.2000000476837158,1.0501154661178589,0.922078549861908,0.0,0.244,1.126,0.4696794297695157,-0.0
2220,2013-06-28 06:00:00,0.7568997144699097,0.8470332622528076,0.5569601058959961,0.0,0.0,0.451,1.2,-0.0
2221,2013-06-28 06:30:00,1.2000000476837158,0.0,1.1725507974624634,0.0,0.0,0.7240000000000001,0.47599999999999987,-0.0
2222,2013-06-28 07:00:00,0.31909188628196716,0.922501266002655,0.8030021786689758,0.0,0.0,0.071,1.2,-0.0
2223,2013-06-28 07:30:00,0.016243336722254753,0.1482842117547989,1.0712332725524902,0.0,0.0,0.223,0.8287157882452011,-0.0
2224,2013-06-28 08:00:00,0.012367254123091698,0.528209924697876,1.0880063772201538,0.006,0.0,0.201,1.2,-0.0
2225,2013-06-28 08:30:00,0.034481700509786606,0.23876194655895233,1.1359267234802246,0.038,0.0,0.459,0.7445182994902133,-0.0
2226,2013-06-28 09:00:00,0.30602866411209106,0.7322602868080139,0.7393700480461121,0.131,0.0,0.05,0.8255182994902133,-0.0
2227,2013-06-28 09:30:00,0.6275221109390259,0.44755175709724426,0.604832112789154,0.206,0.0,0.128,0.9035182994902132,-0.0
2228,2013-06-28 10:00:00,0.24932783842086792,0.5613598227500916,0.6906250715255737,0.225,0.0,0.039,1.089518299490213,-0.0
2229,2013-06-28 10:30:00,0.29975995421409607,0.793185293674469,0.6143988370895386,0.156,0.0,0.125,1.1854817005097869,-0.0
2230,2013-06-28 11:00:00,0.28287485241889954,0.7883033156394958,0.7989093661308289,0.14400000000000002,0.0,0.565,0.6495182994902131,-0.0
2231,2013-06-28 11:30:00,1.0921190977096558,0.9398144483566284,0.4944635331630707,0.294,0.0,0.903,0.4490547663271425,-0.11030484604597093
2232,2013-06-28 12:00:00,0.0519881434738636,1.2000000476837158,0.9758580327033997,0.45,0.0,0.742,0.631869889229536,-0.0
2233,2013-06-28 12:30:00,0.5425417423248291,0.018878698348999023,0.6210267543792725,0.606,0.0,0.11,1.127869889229536,-0.0
2234,2013-06-28 13:00:00,0.12148240208625793,1.090925931930542,0.5341318249702454,0.369,0.0,0.033,1.2,-0.0
2235,2013-06-28 13:30:00,0.21349023282527924,0.9429360032081604,0.5264556407928467,0.08800000000000001,0.0,0.108,1.092,-0.0
2236,2013-06-28 14:00:00,0.5461079478263855,0.41668522357940674,0.998127818107605,0.044,0.0,0.036000000000000004,1.1,-0.0
2237,2013-06-28 14:30:00,0.0,0.17821481823921204,0.8792187571525574,0.081,0.0,0.104,1.077,-0.0
2238,2013-06-28 15:00:00,0.5625287294387817,0.37460580468177795,1.0151315927505493,0.081,0.0,0.027000000000000003,1.1309999999999998,-0.0
2239,2013-06-28 15:30:00,0.15407128632068634,0.31453511118888855,1.109717845916748,0.05,0.0,0.76,0.4209999999999998,-0.0
2240,2013-06-28 16:00:00,1.2000000476837158,1.1934469938278198,0.7523794174194336,0.05,0.0,1.622,0.0,-0.23479755729675297
2241,2013-06-28 16:30:00,1.1922179460525513,1.187283992767334,1.023254156112671,0.025,0.0,1.463,0.0,-0.11873137784957889
2242,2013-06-28 17:00:00,1.1949524879455566,1.2000000476837158,1.1002510786056519,0.0,0.0,0.7959999999999999,0.3042510786056519,-0.0
2243,2013-06-28 17:30:00,0.4818490743637085,1.1926153898239136,1.1219910383224487,0.0,0.0,0.728,0.39399103832244875,-0.0
2244,2013-06-28 18:00:00,0.45216983556747437,1.0567976236343384,1.0370787382125854,0.0,0.0,0.273,0.7640787382125854,-0.0
2245,2013-06-28 18:30:00,0.11416233330965042,0.6084914207458496,0.7550594806671143,0.0,0.0,0.29600000000000004,0.4680787382125854,-0.0
2246,2013-06-28 19:00:00,0.6406331062316895,0.9302322864532471,0.718849241733551,0.0,0.0,0.213,0.5058492417335511,-0.0
2247,2013-06-28 19:30:00,1.0850964784622192,0.945942223072052,0.6285118460655212,0.0,0.0,0.256,0.37251184606552123,-0.0
2248,2013-06-28 20:00:00,0.2998424172401428,1.0289517641067505,0.5701695084571838,0.0,0.0,0.184,0.38616950845718384,-0.0
2249,2013-06-28 20:30:00,0.870147705078125,0.9483999609947205,0.5883023142814636,0.0,0.0,0.325,0.2633023142814636,-0.0
2250,2013-06-28 21:00:00,0.01334795169532299,1.1547300815582275,0.9219160676002502,0.0,0.0,0.263,0.6589160676002502,-0.0
2251,2013-06-28 21:30:00,0.23292867839336395,0.6590033173561096,0.7478262186050415,0.0,0.0,0.489,0.2588262186050415,-0.0
2252,2013-06-28 22:00:00,0.017878547310829163,1.2000000476837158,1.0497695207595825,0.0,0.0,0.265,0.7847695207595825,-0.0
2253,2013-06-28 22:30:00,0.08345676958560944,0.6321329474449158,0.8401595950126648,0.0,0.0,0.102,0.7381595950126648,-0.0
2254,2013-06-28 23:00:00,0.0,0.4632273316383362,0.647953450679779,0.0,0.0,0.448,1.2,-0.0
2255,2013-06-28 23:30:00,1.1447278261184692,0.1014161929488182,1.2000000476837158,0.0,0.0,1.192,0.0,-0.02522235922157763
2256,2013-06-29 00:00:00,0.9351617097854614,1.2000000476837158,1.2000000476837158,0.0,1.063,0.1,1.2,-0.0
2257,2013-06-29 00:30:00,0.38446471095085144,0.15740209817886353,1.0265636444091797,0.0,1.238,0.597,0.17343635559082027,-0.19807384537696837
2258,2013-06-29 01:00:00,1.1282645463943481,1.2000000476837158,1.2000000476837158,0.0,1.238,0.526,0.28912728881835936,-0.0
2259,2013-06-29 01:30:00,1.1368027925491333,1.2000000476837158,0.9358220100402832,0.0,0.875,0.594,0.35274537467956535,-0.0
2260,2013-06-29 02:00:00,1.0564441680908203,1.2000000476837158,0.7872305512428284,0.0,0.0,0.124,1.2,-0.0
2261,2013-06-29 02:30:00,0.39385777711868286,0.1200140193104744,1.17697012424469,0.0,1.206,0.17600000000000002,0.023029875755310014,-0.06242438950657845
2262,2013-06-29 03:00:00,1.182658314704895,0.08168407529592514,1.2000000476837158,0.0,0.019,0.8809999999999999,0.21831597238779088,-0.0
2263,2013-06-29 03:30:00,0.6548409461975098,1.2000000476837158,1.2000000476837158,0.0,0.0,0.7509999999999999,1.2,-0.0
2264,2013-06-29 04:00:00,1.1745043992996216,0.04289660602807999,1.2000000476837158,0.0,0.044,0.034,1.0791034416556358,-0.0
2265,2013-06-29 04:30:00,0.0,0.29192373156547546,0.7890547513961792,0.0,0.938,0.08900000000000001,0.41094524860382076,-0.043937586348056785
2266,2013-06-29 05:00:00,1.079494833946228,1.2000000476837158,0.7918850183486938,0.0,0.0,0.1,1.2,-0.0
2267,2013-06-29 05:30:00,0.42074987292289734,0.09129321575164795,1.0135903358459473,0.0,0.0,0.6659999999999999,0.4427067842483521,-0.0
2268,2013-06-29 06:00:00,0.3949698209762573,1.1402133703231812,0.9748196601867676,0.0,0.0,0.052000000000000005,1.2,-0.0
2269,2013-06-29 06:30:00,0.15866026282310486,0.08054010570049286,1.0249996185302734,0.0,0.0,0.066,1.053459894299507,-0.0
2270,2013-06-29 07:00:00,0.04529504105448723,0.27267125248908997,0.8124252557754517,0.0,0.0,0.083,1.1374089589118959,-0.0
2271,2013-06-29 07:30:00,0.022538837045431137,0.3942136764526367,0.988785982131958,0.0,0.0,0.133,0.7979684057235714,-0.0
2272,2013-06-29 08:00:00,0.4728018045425415,0.762691855430603,1.0449715852737427,0.0,0.0,0.222,1.019371333122254,-0.0
2273,2013-06-29 08:30:00,0.08816038817167282,0.48964589834213257,1.1675686836242676,0.0,0.0,0.48,0.6875686836242676,-0.0
2274,2013-06-29 09:00:00,0.28846752643585205,0.774349570274353,0.7995985150337219,0.0,0.0,0.065,0.734598515033722,-0.0
2275,2013-06-29 09:30:00,0.04832688346505165,0.33892419934272766,0.5762473940849304,0.0,0.0,0.085,0.649598515033722,-0.0
2276,2013-06-29 10:00:00,0.9191977381706238,0.6845675706863403,0.5742672085762024,0.0,0.0,0.065,0.5845985150337221,-0.0
2277,2013-06-29 10:30:00,1.1909362077713013,0.937893271446228,0.5720400810241699,0.0,0.0,0.084,0.500598515033722,-0.0
2278,2013-06-29 11:00:00,1.2000000476837158,0.9266793727874756,0.5394880771636963,0.0,0.0,0.07400000000000001,0.4654880771636963,-0.0
2279,2013-06-29 11:30:00,1.2000000476837158,0.8983104825019836,0.4973819851875305,0.0,0.0,0.068,0.4293819851875305,-0.0
2280,2013-06-29 12:00:00,1.2000000476837158,0.8720885515213013,0.5116474032402039,0.0,0.0,0.062,0.44964740324020386,-0.0
2281,2013-06-29 12:30:00,1.2000000476837158,0.9085823893547058,0.47137054800987244,0.0,0.0,0.062,0.40937054800987244,-0.0
2282,2013-06-29 13:00:00,1.2000000476837158,0.8883139491081238,0.48165449500083923,0.0,0.0,0.32299999999999995,0.15865449500083928,-0.0
2283,2013-06-29 13:30:00,0.016915887594223022,1.2000000476837158,0.9501122832298279,0.0,0.0,0.415,0.5351122832298278,-0.0
2284,2013-06-29 14:00:00,0.29610151052474976,0.8218199014663696,0.7645282745361328,0.0,0.0,0.04,0.7245282745361328,-0.0
2285,2013-06-29 14:30:00,0.08326294273138046,0.3763096332550049,0.5438612699508667,0.0,0.0,0.12,0.6045282745361328,-0.0
2286,2013-06-29 15:00:00,0.8889434337615967,0.8348860144615173,0.6049721240997314,0.0,0.0,0.062,0.5429721240997314,-0.0
2287,2013-06-29 15:30:00,1.2000000476837158,0.9322500228881836,0.5715009570121765,0.0,0.0,0.193,0.3785009570121765,-0.0
2288,2013-06-29 16:00:00,0.4672699272632599,0.9964115619659424,0.43682026863098145,0.0,0.0,0.175,0.26182026863098146,-0.0
2289,2013-06-29 16:30:00,0.00859922170639038,1.0737825632095337,0.5451125502586365,0.0,0.0,0.163,0.38211255025863644,-0.0
2290,2013-06-29 17:00:00,0.5539715886116028,0.9477477669715881,0.4540671110153198,0.0,0.0,0.196,0.2580671110153198,-0.0
2291,2013-06-29 17:30:00,0.004073651507496834,1.0857226848602295,0.5836927890777588,0.0,0.0,0.202,0.3816927890777588,-0.0
2292,2013-06-29 18:00:00,0.4353005886077881,1.0036110877990723,0.4692467153072357,0.0,0.0,0.35200000000000004,0.11724671530723568,-0.0
2293,2013-06-29 18:30:00,0.0,1.2000000476837158,1.032583475112915,0.0,0.0,0.294,0.738583475112915,-0.0
2294,2013-06-29 19:00:00,0.2027539163827896,0.6874269247055054,0.788529098033905,0.0,0.0,0.58,0.20852909803390507,-0.0
2295,2013-06-29 19:30:00,0.09777937829494476,1.2000000476837158,1.1109613180160522,0.0,0.0,0.235,0.8759613180160523,-0.0
2296,2013-06-29 20:00:00,0.03126426413655281,0.3576739728450775,0.8811028003692627,0.0,0.0,0.182,0.6991028003692628,-0.0
2297,2013-06-29 20:30:00,0.01968584768474102,0.5424502491950989,0.6119272708892822,0.0,0.0,0.279,0.42010280036926273,-0.0
2298,2013-06-29 21:00:00,0.44319167733192444,0.9818282127380371,0.5701700448989868,0.0,0.0,0.191,0.3791700448989868,-0.0
2299,2013-06-29 21:30:00,0.6710637807846069,0.988398015499115,0.48412755131721497,0.0,0.0,0.436,0.04812755131721497,-0.0
2300,2013-06-29 22:00:00,0.0,1.2000000476837158,1.0831429958343506,0.0,0.0,0.445,0.6381429958343505,-0.0
2301,2013-06-29 22:30:00,0.2643461525440216,0.7875787019729614,0.7592387795448303,0.0,0.0,0.086,0.6732387795448304,-0.0
2302,2013-06-29 23:00:00,0.2529585063457489,0.6294693350791931,0.5671229362487793,0.0,0.0,0.145,1.2,-0.0
2303,2013-06-29 23:30:00,0.006334945093840361,0.18145498633384705,1.1059035062789917,0.0,0.0,0.634,0.3845450136661529,-0.0
2304,2013-06-30 00:00:00,0.4599590301513672,1.2000000476837158,1.0119798183441162,0.0,1.056,0.631,0.18802018165588374,-0.06590976930141457
2305,2013-06-30 00:30:00,0.9197820425033569,1.1665128469467163,1.0091006755828857,0.0,1.25,0.031,0.776446789741516,-0.0
2306,2013-06-30 01:00:00,0.9131620526313782,0.9979057312011719,0.7097524404525757,0.0,1.238,0.111,0.49024755954742427,-0.09787468702316282
2307,2013-06-30 01:30:00,1.2000000476837158,0.8384621143341064,0.9983546137809753,0.0,1.25,0.031,0.5000427665710448,-0.0
2308,2013-06-30 02:00:00,1.0830429792404175,1.162365436553955,1.1102893352508545,0.0,1.263,0.109,0.08971066474914546,-0.0065236413002013145
2309,2013-06-30 02:30:00,1.2000000476837158,0.0,1.2000000476837158,0.0,0.163,0.03,1.0070000476837158,-0.0
2310,2013-06-30 03:00:00,0.024796154350042343,0.22576633095741272,0.8093691468238831,0.0,0.738,0.166,0.4562335736751556,-0.0
2311,2013-06-30 03:30:00,0.8339137434959412,1.0822080373764038,0.8715065121650696,0.0,0.65,0.62,0.3353248152732847,-0.0
2312,2013-06-30 04:00:00,1.018727421760559,1.18224036693573,0.6970864534378052,0.0,0.0,0.106,1.2,-0.0
2313,2013-06-30 04:30:00,0.1574893295764923,0.0,1.0813713073730469,0.0,0.0,0.03,1.17,-0.0
2314,2013-06-30 05:00:00,0.0,0.0,1.0763969421386719,0.0,0.231,0.161,0.7779999999999999,-0.0
2315,2013-06-30 05:30:00,0.2860731780529022,0.5396785736083984,0.9579370021820068,0.0,0.738,0.96,0.24206299781799312,-0.11765022428512567
2316,2013-06-30 06:00:00,0.33880630135536194,1.2000000476837158,0.8768782019615173,0.0,0.0,0.5589999999999999,1.2,-0.0
2317,2013-06-30 06:30:00,1.1573246717453003,0.0,1.1997519731521606,0.0,0.0,0.735,0.46499999999999997,-0.0
2318,2013-06-30 07:00:00,0.24523867666721344,0.990543007850647,1.0472657680511475,0.0,0.0,0.106,1.2,-0.0
2319,2013-06-30 07:30:00,0.02792847901582718,0.015090649016201496,1.0723649263381958,0.0,0.0,0.033,1.1519093509837985,-0.0
2320,2013-06-30 08:00:00,0.0,0.0,1.0535269975662231,0.0,0.0,0.293,0.8589093509837986,-0.0
2321,2013-06-30 08:30:00,0.06916675716638565,0.29851028323173523,0.9999472498893738,0.0,0.0,0.368,0.6319472498893738,-0.0
2322,2013-06-30 09:00:00,0.22720465064048767,0.6692625284194946,0.7764183282852173,0.0,0.0,0.266,0.5104183282852173,-0.0
2323,2013-06-30 09:30:00,0.6565959453582764,0.8991947174072266,0.6986371278762817,0.0,0.0,0.061,0.6376371278762818,-0.0
2324,2013-06-30 10:00:00,1.0366162061691284,0.9077653288841248,0.5322673320770264,0.0,0.0,0.098,0.5396371278762818,-0.0
2325,2013-06-30 10:30:00,1.132458209991455,1.0620636940002441,0.468967080116272,0.0,0.0,0.08900000000000001,0.4506371278762818,-0.0
2326,2013-06-30 11:00:00,1.1573878526687622,1.0676382780075073,0.44763481616973877,0.0,0.0,0.076,0.3746371278762818,-0.0
2327,2013-06-30 11:30:00,1.0911365747451782,1.0650466680526733,0.46377861499786377,0.0,0.0,0.511,0.0,-0.012749773950576786
2328,2013-06-30 12:00:00,0.0014675110578536987,1.2000000476837158,0.9876787066459656,0.106,0.0,0.721,0.371211195588112,-0.0
2329,2013-06-30 12:30:00,1.1548657417297363,1.2000000476837158,0.4991397261619568,0.481,0.0,0.188,0.664211195588112,-0.0
2330,2013-06-30 13:00:00,0.33544987440109253,1.032257318496704,0.5354409217834473,0.569,0.0,0.11,1.1232111955881119,-0.0
2331,2013-06-30 13:30:00,0.11557035148143768,1.072168231010437,0.44621917605400085,0.394,0.0,0.261,1.2,-0.0
2332,2013-06-30 14:00:00,0.19570431113243103,0.7815051674842834,0.7238288521766663,0.481,0.0,0.091,1.2,-0.0
2333,2013-06-30 14:30:00,0.10301382094621658,1.009880542755127,0.4576963484287262,0.463,0.0,1.4280000000000002,0.7423036515712738,-0.16478571757972243
2334,2013-06-30 15:00:00,0.0,1.172959566116333,1.1586021184921265,0.25,0.0,1.673,0.0,-0.07138742800712587
2335,2013-06-30 15:30:00,0.9915199875831604,0.0,1.1865652799606323,0.15,0.0,1.599,0.0,-0.11135737441062928
2336,2013-06-30 16:00:00,1.1865544319152832,1.1918010711669922,1.150025486946106,0.069,0.0,1.702,0.0,-0.1490331185245514
2337,2013-06-30 16:30:00,1.2000000476837158,1.1663483381271362,1.1358786821365356,0.063,0.0,1.383,0.0,-0.06672275582313539
2338,2013-06-30 17:00:00,1.1858166456222534,1.1733198165893555,1.1451659202575684,0.006,0.0,0.917,0.22816592025756832,-0.0
2339,2013-06-30 17:30:00,0.5368831157684326,1.2000000476837158,1.1169625520706177,0.0,0.0,0.16699999999999998,0.9499625520706176,-0.0
2340,2013-06-30 18:00:00,0.0,0.13106586039066315,0.7548957467079163,0.0,0.0,0.227,0.7229625520706177,-0.0
2341,2013-06-30 18:30:00,0.08527402579784393,0.6438461542129517,0.5922182202339172,0.0,0.0,0.448,0.27496255207061765,-0.0
2342,2013-06-30 19:00:00,0.08275354653596878,1.2000000476837158,0.8662506341934204,0.0,0.0,0.335,0.5312506341934204,-0.0
2343,2013-06-30 19:30:00,0.48776841163635254,0.8463428616523743,0.6737133264541626,0.0,0.0,0.212,0.46171332645416263,-0.0
2344,2013-06-30 20:00:00,0.8031414747238159,0.922644853591919,0.4719272553920746,0.0,0.0,0.213,0.2589272553920746,-0.0
2345,2013-06-30 20:30:00,0.01260832604020834,1.0903812646865845,0.5282929539680481,0.0,0.0,0.243,0.2852929539680481,-0.0
2346,2013-06-30 21:00:00,0.0,1.0913748741149902,0.5378899574279785,0.0,0.0,0.19,0.3478899574279785,-0.0
2347,2013-06-30 21:30:00,0.17243662476539612,0.9827349185943604,0.38407155871391296,0.0,0.0,0.26,0.12407155871391295,-0.0
2348,2013-06-30 22:00:00,0.0,1.2000000476837158,0.8340471386909485,0.0,0.0,0.274,0.5600471386909485,-0.0
2349,2013-06-30 22:30:00,0.44106602668762207,0.8054499626159668,0.668949544429779,0.0,0.0,0.509,0.15994954442977904,-0.0
2350,2013-06-30 23:00:00,0.0,1.1596826314926147,1.057216763496399,0.0,0.0,0.166,1.2,-0.0
2351,2013-06-30 23:30:00,0.008132587186992168,0.09043773263692856,1.0997198820114136,0.0,0.0,0.861,0.2485622673630714,-0.0
